-1.965116437629976787e-17 6.233544462602136349e-01 7.819394057902583350e-01
7.112577895109069466e-03 6.018048605550402330e-01 7.986114956898722195e-01
1.201561106206519049e-02 5.871189760415238545e-01 8.094114732710165905e-01
1.975486790159759060e-02 6.142247266646776449e-01 7.888838509868818516e-01
1.895273179910052230e-02 6.237756728788439453e-01 7.813736007070475331e-01
3.992474925265773050e-03 6.696192092225347059e-01 7.426938634351023527e-01
-1.255390672314798950e-02 7.353989758361618723e-01 6.775180778142458893e-01
-2.262023816288143141e-02 8.077995101407657863e-01 5.890231542492990746e-01
-5.530846612744717145e-02 9.254574128091987983e-01 3.747926768910156969e-01
-6.127073829939647109e-02 9.392844685529562199e-01 3.376249157918261856e-01
-7.887059021369112466e-02 9.790766264914247952e-01 1.875856856412956020e-01
-8.931321052439782082e-02 9.954473205943659142e-01 3.328336442311843890e-02
-9.234818409019217300e-02 9.886948078167747678e-01 -1.181287005405310120e-01
-9.981571533042951638e-02 9.567351136584901772e-01 -2.733033941720268145e-01
-1.073423589470269002e-01 9.494661804571319363e-01 -2.949433676891760614e-01
-1.149852623826907588e-01 9.318084897307497005e-01 -3.442547427421777106e-01
-1.124113413913378490e-01 9.023111973681731124e-01 -4.161708704734316533e-01
-1.068078968156331021e-01 8.545579678702173165e-01 -5.082546140738383178e-01
-7.123577484096320356e-02 7.697268010474807021e-01 -6.343864091640204483e-01
-6.183823931167686111e-02 7.409741031748848794e-01 -6.686803500799215483e-01
-5.569728709377454179e-02 6.873588811665556353e-01 -7.241792462449159196e-01
-5.362592751504391408e-02 6.381303300771951070e-01 -7.680585535841140121e-01
-3.391192335883894127e-02 6.132718311572276093e-01 -7.891436133956639676e-01
4.585766779413801009e-02 6.164155667118217385e-01 -7.860845523350691311e-01
8.019264895110865543e-02 6.224893947381590076e-01 -7.785088904391037623e-01
1.606336035477062829e-01 6.341919665741980738e-01 -7.563050938239340715e-01
2.456037294455641895e-01 6.429071844008765746e-01 -7.254992490197126331e-01
3.436287477280932090e-01 6.518409398345327288e-01 -6.760345204872717506e-01
4.982542382201692321e-01 6.393086279980636499e-01 -5.856852330927186934e-01
5.511591587432567163e-01 6.263526646224907291e-01 -5.512766286119259451e-01
6.573563963592885528e-01 5.837062641623366188e-01 -4.766230851974945226e-01
7.629667453498916174e-01 5.334515106548332053e-01 -3.651181059195363066e-01
8.616641541323800668e-01 4.733304240239700755e-01 -1.830114618722505082e-01
9.622910085425605553e-01 2.650474185834014174e-01 6.120360104125301820e-02
9.783743860520091040e-01 1.915581664825601882e-01 7.803223418045852899e-02
9.889573358811020176e-01 6.729902020028573698e-03 1.480476147249711327e-01
9.594154462306666575e-01 -1.722813115063928646e-01 2.232513185619466323e-01
8.961331363015266893e-01 -3.200940262423437321e-01 3.073844764888999936e-01
7.563191146217302929e-01 -4.795678590299293775e-01 4.449674880744118322e-01
7.372108061952598046e-01 -4.961419564534875204e-01 4.586538850543407930e-01
7.018974010148949505e-01 -5.137967029274349562e-01 4.933082064079540863e-01
