2.360850230587185905e-17 9.242051815963338024e-01 -3.818962978486276638e-01
6.715068749994562367e-03 9.137177198209711637e-01 -4.062940269519702552e-01
2.472164040089943303e-03 8.930182705830392864e-01 -4.500136184715265442e-01
-1.188827059638356172e-02 8.709114520906220402e-01 -4.912961547169195642e-01
-8.423584708976981916e-02 8.275843364758815879e-01 -5.549851242014004482e-01
-9.845657757853737424e-02 8.183635784761246201e-01 -5.662043409894289558e-01
-1.755436308209734342e-01 7.811362228523485163e-01 -5.991749619486417267e-01
-2.698849120842686800e-01 7.419887319539169024e-01 -6.136895435663582976e-01
-3.733005793603788591e-01 7.038844416134315551e-01 -6.043123118915858516e-01
-5.661482254990145568e-01 6.129592009783750850e-01 -5.511417283242749932e-01
-6.177697399277830570e-01 5.831094805860687069e-01 -5.275830570442956446e-01
-7.551989406379797654e-01 4.810180056286375572e-01 -4.453046578695547542e-01
-8.803151257885636349e-01 3.516535973722820230e-01 -3.184101549307094547e-01
-9.645686314607694323e-01 2.050626245666618830e-01 -1.660020337457668305e-01
-9.978530904877510599e-01 3.005216032138322696e-02 5.819001172075824457e-02
-9.943866942179570012e-01 -2.977481063718544554e-02 1.015310938274729680e-01
-9.602515536599481871e-01 -1.379507104612987534e-01 2.426655211950773938e-01
-9.016666373316909455e-01 -2.076591429048735560e-01 3.793085228293383571e-01
-8.109637851650290941e-01 -2.510452617022838617e-01 5.285016705060072706e-01
-5.743043555673851275e-01 -2.711901286627587671e-01 7.724185531771015079e-01
-5.329235307681469136e-01 -2.688557699364326758e-01 8.023148293067379200e-01
-3.791632304332552827e-01 -2.351714370160938039e-01 8.949467246150484279e-01
-2.136551385467240771e-01 -1.832769198449006598e-01 9.595629486514920536e-01
-2.146096196936359696e-02 -1.336144496277721361e-01 9.908009921079090621e-01
2.273925385279109701e-01 -1.834209807747497851e-03 9.738014526053109243e-01
2.664667306587301110e-01 2.684015775952540775e-02 9.634703354974096801e-01
3.412321309870985919e-01 9.910477298630659959e-02 9.347400048961936880e-01
4.018170435221440906e-01 1.808668957196624127e-01 8.976804718650485126e-01
4.465473612724669139e-01 2.705149327077752130e-01 8.528875220817249136e-01
4.148594362178862904e-01 4.810750541849162509e-01 7.723072189368407336e-01
4.018054277536734498e-01 5.337146876889387048e-01 7.441108992433764779e-01
3.681772531271980675e-01 6.424584098944369215e-01 6.720808744754032116e-01
3.264905527573294663e-01 7.353470313602690211e-01 5.938591267546987629e-01
2.408412373829121322e-01 8.385612955692979265e-01 4.886823630427113985e-01
1.350802640885680542e-02 9.655050968520405563e-01 2.600335385585279546e-01
-1.656128931346735958e-02 9.748439811390949838e-01 2.222722117880585324e-01
-1.228962077679824627e-01 9.906627942624256500e-01 5.902330201210446992e-02
-1.968523532915142094e-01 9.718021283651780973e-01 -1.298066805233955290e-01
-2.831024721942095868e-01 9.364173918944495023e-01 -2.073052300235671552e-01
-4.257688353122764391e-01 8.672008489606394255e-01 -2.582316526663105960e-01
-4.498973035578562318e-01 8.517452694549660919e-01 -2.685561621196905779e-01
-5.026969477394485075e-01 8.216000364153154267e-01 -2.688292374273945073e-01
-5.472822228666152089e-01 7.991509199041386680e-01 -2.486764479208786738e-01
-5.176552876162644479e-01 8.133635998723015570e-01 -2.654668672465421153e-01
-5.137645296667636696e-01 8.102420935157069737e-01 -2.820527573904813567e-01
-4.980034392427530876e-01 8.121861201404264596e-01 -3.038853085518126163e-01
-4.946159845890602536e-01 8.083432017788552137e-01 -3.192746402815349605e-01
