-1.647987302177966740e-17 9.161510546280937639e-01 -4.008331886256819021e-01
2.511701866428611447e-03 9.264890971236359185e-01 -3.763132262687080010e-01
7.153064650711032577e-03 9.396758147767854119e-01 -3.419915156691569202e-01
1.758865026331241782e-02 9.594196656896708530e-01 -2.814330195087894615e-01
2.072716878232227708e-02 9.640971696780283873e-01 -2.647395548328284054e-01
3.445091094139041826e-02 9.694918441205997439e-01 -2.426905414698870833e-01
5.174733563315851714e-02 9.703334103009735312e-01 -2.361679193043619840e-01
6.794341822912196294e-02 9.661675645322082007e-01 -2.488050022914410908e-01
7.100005116858391918e-02 9.444963884211986516e-01 -3.207577980242579674e-01
7.138602646783311079e-02 9.356974800009500992e-01 -3.455058047920542830e-01
6.180245746503282983e-02 9.043931666967249816e-01 -4.222007298472524317e-01
2.245062033824956477e-02 8.513012049359540701e-01 -5.241967456223094457e-01
-5.936456216056297530e-02 7.648423105325565796e-01 -6.414764912128150254e-01
-3.125085333858632075e-01 5.360360688541090379e-01 -7.842217476252808517e-01
-4.247331212595116257e-01 3.921469014094270955e-01 -8.159795238975902087e-01
-5.383693137943189599e-01 2.396855628829617224e-01 -8.079042721202257527e-01
-6.549471553015208114e-01 7.892765655300164329e-02 -7.515415150166336877e-01
-8.332913794482248449e-01 -1.121390053979796214e-01 -5.413412236340647832e-01
-9.271076170318447440e-01 -1.536973223141164524e-01 -3.418312442638982707e-01
-9.665917126779911550e-01 -1.619408923110582932e-01 -1.986846958870412405e-01
-9.855094000459834191e-01 -1.484294258057836380e-01 -8.209706435659586132e-02
-9.900898728054455811e-01 -9.005891065092394565e-02 1.077563751267907599e-01
-9.810131500780030489e-01 -6.044987024323300595e-02 1.842797128324490386e-01
-9.415420008743531355e-01 3.341154967835276851e-02 3.352347370688343875e-01
-8.667264073688514259e-01 1.689029079946977041e-01 4.693156106932927507e-01
-7.675083930796818832e-01 3.155894386126241735e-01 5.579732724677886058e-01
-6.114467770062487206e-01 4.768249149096044359e-01 6.314830476031157991e-01
-5.491082229765459344e-01 5.247833548360553158e-01 6.504479917307413039e-01
-4.028558785392656327e-01 6.186188088979106547e-01 6.745501541057469241e-01
-2.376298941788831387e-01 6.888208874836198037e-01 6.848779587333873042e-01
-7.609824662900019354e-02 7.241546153464540891e-01 6.854262541896252170e-01
1.200755265690073570e-01 7.222436639151714743e-01 6.811357851805793784e-01
1.751515702530556939e-01 7.113138373684422255e-01 6.807015147669868149e-01
2.455146730445469383e-01 6.727207460199524647e-01 6.979751737663651978e-01
2.821424377182260579e-01 6.325867608323061386e-01 7.212694606442917600e-01
2.706976542467407487e-01 5.869180585517306259e-01 7.630530601021001669e-01
1.306904316669858512e-01 4.233766157342113701e-01 8.964776920370872704e-01
1.093129326531400436e-01 3.926825850683325903e-01 9.131544612708311082e-01
4.558579612191426128e-02 2.898514558183364898e-01 9.559853914950386944e-01
-3.273381441196290126e-02 1.651660772050511095e-01 9.857224073413053400e-01
-1.044336011605498521e-01 4.387181296698228899e-02 9.935637307066059742e-01
-2.139851663366021117e-01 -1.640626570293010345e-01 9.629609510028860342e-01
-2.749444857122170793e-01 -2.999929456611418743e-01 9.134603233474324346e-01
-3.190930540183598008e-01 -3.899830669961391605e-01 8.637666527098165625e-01
-3.722228287663300605e-01 -4.703506807351242602e-01 8.001377399405656954e-01
-4.319932213321529546e-01 -5.816867329595126757e-01 6.892186891125038350e-01
-4.599757645296010944e-01 -6.610714663983345840e-01 5.927957593972519312e-01
-4.773154515647318741e-01 -6.977935462367428343e-01 5.340918708685863381e-01
-4.895728827794279536e-01 -7.089296439803788319e-01 5.076781976142897834e-01
-5.274677885102169173e-01 -6.932020436381146622e-01 4.911707022818871948e-01
-5.306938531071074827e-01 -6.905252202157048380e-01 4.914661275412416930e-01
-5.308305003426216917e-01 -6.833896422068537202e-01 5.011961460649814182e-01
-5.383479788975191749e-01 -6.703626837657609139e-01 5.106812370073163798e-01
-5.657792946381006161e-01 -6.493391273945018360e-01 5.081854852249914067e-01
-6.344729519397769302e-01 -6.199371997941972579e-01 4.616513203361979900e-01
-6.471291186082455127e-01 -6.160910120531699619e-01 4.490609855204702461e-01
-6.551536739802019671e-01 -6.113446437987757331e-01 4.438821802784960746e-01
