2.954450920022999583e-18 8.967399905361171930e-01 -4.425577808301244254e-01
4.506874905744614850e-03 9.077177598247812007e-01 -4.195570957298477288e-01
1.156874329996906633e-02 9.203287863480101860e-01 -3.909745377868717453e-01
1.915953661825067766e-02 9.342627193152431841e-01 -3.560703349820942831e-01
4.680372337826106677e-02 9.436573099722783686e-01 -3.275977606971909317e-01
6.150001420402771007e-02 9.430518989321613477e-01 -3.269110952129776759e-01
9.706073152317802599e-02 9.307907058505338060e-01 -3.524313781411221314e-01
1.248137256124365740e-01 9.072381908421827124e-01 -4.016720042225330189e-01
1.142067055093911876e-01 8.705101673027809683e-01 -4.787158625313928662e-01
-6.637311558142065457e-03 7.497516827171545328e-01 -6.616859983089222741e-01
-5.498257720031472090e-02 6.930771215417849129e-01 -7.187635353854320286e-01
-1.634530186696029619e-01 5.755678911020475352e-01 -8.012519662504025142e-01
-2.220791512093227282e-01 4.874760216402506119e-01 -8.444216831204305329e-01
-2.822552671987468842e-01 3.922401507074801952e-01 -8.754882228285753021e-01
-4.419067914131505903e-01 2.065690746623274898e-01 -8.729533808263094663e-01
-4.899735488103237335e-01 1.402720948013958802e-01 -8.603776269093970086e-01
-6.104819945453267005e-01 -2.122229448605650239e-03 -7.920272914982963153e-01
-7.338454325365550979e-01 -1.387277069209262026e-01 -6.650003793064315216e-01
-8.273396389696767717e-01 -2.004219929104802400e-01 -5.247286408681308689e-01
-9.256107331815421890e-01 -1.813617863678438080e-01 -3.321937282138124892e-01
-9.501756798527863923e-01 -1.626520514571259679e-01 -2.659144365638762553e-01
-9.867116507339669385e-01 -8.908402796708385363e-02 -1.358828696599022334e-01
-9.998017734731350359e-01 1.728352543158722526e-02 9.884002662362320613e-03
-9.755696962787641091e-01 1.617538761627763111e-01 1.486588418119730581e-01
-8.720588582171886483e-01 3.896892667532441124e-01 2.960669234856406207e-01
-8.403879838379636480e-01 4.382291761947589293e-01 3.189094318963071606e-01
-7.260493673774300882e-01 5.786046274285533420e-01 3.715763733730909069e-01
-5.772208612237095249e-01 7.020818974135003554e-01 4.170096961611537978e-01
-4.069795120363105534e-01 7.874113494227178434e-01 4.629806082148376079e-01
-1.991547488310327629e-01 8.257723911950770601e-01 5.276716251211664988e-01
-1.311948912088135577e-01 8.283203729905084245e-01 5.446772073527331726e-01
-2.986570492690842141e-02 8.132245337432097987e-01 5.811831874610257076e-01
4.210397425596148352e-02 7.722731793055074290e-01 6.338938332853670810e-01
7.951855170487515112e-02 7.097454263470222013e-01 6.999558769767154631e-01
5.841042620432952692e-02 6.125233558863660832e-01 7.882914185783915784e-01
4.585913975930620834e-02 5.805525420058410546e-01 8.129303077577392234e-01
-6.874025518858345798e-03 5.096601079238287646e-01 8.603483725586035247e-01
-8.310744023197845498e-02 4.174379342333984777e-01 9.048970794742576818e-01
-1.561310690302842308e-01 2.994071523988207084e-01 9.412642808350318857e-01
-2.668850379714533538e-01 9.976279237773863495e-02 9.585508655068711859e-01
-3.337281517882307313e-01 -3.597934342330665752e-02 9.419824879215321634e-01
-3.940877492198481824e-01 -1.470170687442701463e-01 9.072380213663207016e-01
-4.489678100075230605e-01 -2.514487596642333012e-01 8.574388764456433165e-01
-4.916144506760721233e-01 -3.866163220798095046e-01 7.802839556135604537e-01
-5.020823859045056015e-01 -4.376106626454234760e-01 7.459290755182238497e-01
-5.161278275241697466e-01 -5.042483607634024034e-01 6.923479301063897307e-01
-5.334881462487915949e-01 -5.505593457859934148e-01 6.420862906025383010e-01
-5.612300652948769564e-01 -5.950854280606097113e-01 5.752339933618569878e-01
-5.744833099749319105e-01 -6.581363118683694058e-01 4.866472249592580512e-01
-5.692835377116305384e-01 -6.748031906548651593e-01 4.696348662232652793e-01
-5.531820369504328871e-01 -6.885574255410806810e-01 4.689118315073836363e-01
-5.532028131137591842e-01 -6.773877199142579464e-01 4.848840319833040979e-01
-5.625215324326476862e-01 -6.627152080649206800e-01 4.943461121007166614e-01
