2.084378676603382274e-17 9.183292738092146967e-01 -3.958173124877691906e-01
2.573352773064053328e-02 9.168788958149128865e-01 -3.983351302104325975e-01
8.419721168392675648e-02 9.012075265899208709e-01 -4.251303606687355519e-01
2.811052102357784466e-01 8.432903595488243642e-01 -4.580843047631225629e-01
4.242953390319795237e-01 7.943344880036458111e-01 -4.347484174137077328e-01
5.360903401860649398e-01 7.473965597617397982e-01 -3.924353827262586081e-01
6.618046699735802285e-01 6.651395630711971485e-01 -3.458380263051152870e-01
8.472114318376104958e-01 4.551703917495055762e-01 -2.739574861876705736e-01
9.635352134896176812e-01 2.005796704035632538e-01 -1.771092549425772600e-01
9.999546659936172643e-01 1.858294987115075144e-03 -9.338773866744722735e-03
9.751932279109953861e-01 -1.746586611049667781e-01 1.359872065216212456e-01
8.761047573371146813e-01 -3.189294938570527704e-01 3.615583384730046146e-01
8.199311249075994512e-01 -3.622746984016458338e-01 4.432493579304488396e-01
7.260763709690417622e-01 -3.645872922252502701e-01 5.830001799899264814e-01
6.215993405147038908e-01 -3.278210849700501917e-01 7.114405077873655614e-01
4.862177167761028151e-01 -2.732819500572192251e-01 8.300056070087460380e-01
2.230155605441655475e-01 -1.267348170695689891e-01 9.665414351684643579e-01
-2.306891541168815205e-03 4.406110522558784326e-02 9.990261744607681349e-01
-1.272836868595644544e-01 1.906754063563281254e-01 9.733661964904499753e-01
-1.743465525512456205e-01 3.363343973044414792e-01 9.254633719404318226e-01
-3.911752332973989638e-02 4.892548532504686354e-01 8.712631680149286462e-01
1.181776295627200851e-01 5.828341547988425964e-01 8.039517372770925707e-01
2.429391810623210413e-01 6.416387291687730698e-01 7.275165259535004703e-01
3.726489916273922898e-01 6.871776734457558655e-01 6.236341669254227282e-01
5.298772223025330907e-01 7.476157029164848256e-01 4.003759358873134611e-01
6.506406058483619193e-01 7.511238028299724867e-01 1.117131811538693009e-01
6.985498527628226650e-01 7.091814938846865424e-01 -9.533998078730071546e-02
7.097792955293684702e-01 6.284350273788702479e-01 -3.182495373149061280e-01
6.400427194634464856e-01 4.188879121593321875e-01 -6.441104208974043344e-01
6.029091374811728077e-01 3.180458022426610465e-01 -7.316744082018520334e-01
4.974190240564942966e-01 1.352268624056781054e-01 -8.569060684757697777e-01
3.791679405634357236e-01 -4.050858510481365055e-02 -9.244407646689369873e-01
2.850576439734898715e-01 -1.742293708439190680e-01 -9.425424478227043545e-01
3.712328722735612208e-01 -1.549778738233074660e-01 -9.155151627191810970e-01
