0.02 a 661 -602 -3441 g -1338 -24 -485
0.02 a 743 -335 -3035 g -958 205 -249
0.02 a 296 95 -2643 g -461 -12 -50
0.02 a -191 638 -2268 g -28 -307 -52
0.02 a 104 1492 -2054 g 253 -510 -295
0.02 a 800 2023 -2162 g 368 -553 -466
0.02 a 1150 2920 -2472 g 426 -418 -266
0.02 a 1253 4400 -3395 g 598 -281 116
0.02 a 1169 6275 -4663 g 1133 -357 427
0.02 a 753 7936 -6719 g 2152 -519 650
0.02 a 11 9912 -9124 g 3606 -795 789
0.02 a -1128 13162 -10357 g 5722 -1054 765
0.02 a -2649 18657 -9662 g 8609 -1394 466
0.02 a -3289 25554 -5845 g 11847 -1949 -394
0.02 a -4083 32732 -243 g 14638 -2352 -1787
0.02 a -4499 32732 10723 g 16372 -1584 -3116
0.02 a -4629 32732 25341 g 17439 -1128 -4586
0.02 a -3959 32732 32764 g 16720 1089 -5026
0.02 a 3772 18370 32706 g 10739 4151 -4514
0.02 a 8286 15028 16801 g 3189 3175 -3039
0.02 a 7070 12140 12126 g 1336 245 -1263
0.02 a 1724 7312 13816 g 2736 -1349 429
0.02 a -1163 4371 11859 g 2309 -1587 1538
0.02 a -484 3426 9404 g 728 -642 1262
0.02 a -281 3142 6509 g -184 -622 715
0.02 a -611 2760 4706 g -549 -926 639
0.02 a -561 2934 3734 g -663 -893 600
0.02 a -213 3156 3050 g -730 -727 487
0.02 a -198 3555 2402 g -826 -496 449
0.02 a -266 3920 1916 g -867 -284 401
0.02 a -123 4168 1482 g -746 -213 265
