0.02 a 573 -1438 90 g -650 -478 -220
0.02 a 335 -1659 663 g -441 -363 -12
0.02 a 117 -2019 1137 g -312 -240 158
0.02 a -73 -2269 1487 g -268 -139 266
0.02 a -182 -2367 1775 g -288 33 345
0.02 a -343 -2370 1951 g -305 55 391
0.02 a -560 -2293 1779 g -284 -77 412
0.02 a -676 -2309 1210 g -286 -225 349
0.02 a -834 -2042 241 g -355 -268 204
0.02 a -1049 -1745 -1043 g -406 -141 76
0.02 a -1342 -598 -3323 g -460 -17 7
0.02 a -920 1485 -5356 g -408 -227 -178
0.02 a -50 3829 -5407 g 284 -324 -430
0.02 a 963 6322 -4600 g 1392 -472 -521
0.02 a 1180 8551 -4810 g 2136 -823 -253
0.02 a -277 10660 -7139 g 2579 -1334 247
0.02 a -2405 12017 -9329 g 3280 -1393 562
0.02 a -3676 13612 -9773 g 4929 -952 292
0.02 a -4356 16429 -9728 g 7160 -1091 -552
0.02 a -3835 22144 -9615 g 9206 -1415 -1619
0.02 a -2421 32731 -6572 g 11032 -827 -2520
0.02 a -3061 32732 3759 g 13173 1122 -2510
0.02 a -7754 32732 18185 g 15739 2605 -1731
0.02 a -11682 32732 32764 g 16886 4772 -852
0.02 a -1325 19046 32048 g 12588 4755 -798
0.02 a 8864 19252 11591 g 4074 -3704 -2522
0.02 a 4839 14708 13971 g 2651 -3587 -932
0.02 a -583 8338 17184 g 4103 -1291 1585
0.02 a -438 5487 13234 g 2461 -1748 1970
0.02 a 1481 4873 8804 g 287 -1295 1094
0.02 a 1152 4314 5703 g -841 -617 878
0.02 a 307 3638 3302 g -1176 -411 1107
0.02 a -279 3521 1995 g -1171 -306 1167
0.02 a -421 3630 2067 g -897 -149 1041
0.02 a -317 3829 1900 g -750 -356 761
0.02 a -170 4070 1332 g -777 -943 475
0.02 a -70 4569 441 g -912 -1244 327
0.02 a -113 4947 -330 g -1067 -1060 390
0.02 a -290 5119 -435 g -982 -642 487
0.02 a -451 5149 -348 g -750 -460 411
0.02 a -666 5062 -119 g -620 -380 292
