0.02 a -719 -3037 3274 g 141 20 111
0.02 a -559 -2804 3299 g 156 -223 9
0.02 a -406 -2704 3323 g 103 -262 -20
0.02 a -304 -2510 3083 g -42 -319 0
0.02 a -352 -2275 2478 g -216 -416 40
0.02 a -567 -2015 1685 g -328 -453 65
0.02 a -970 -1388 83 g -387 -409 64
0.02 a -1042 452 -2512 g -493 -424 -59
0.02 a -67 2249 -3738 g -409 -351 -437
0.02 a 1243 3919 -3930 g 212 -297 -702
0.02 a 1467 5187 -4056 g 941 -741 -391
0.02 a 455 6729 -5008 g 1592 -1263 362
0.02 a -1150 7990 -6886 g 2220 -1652 983
0.02 a -2652 8744 -8468 g 3213 -1820 1031
0.02 a -3242 9229 -8314 g 4746 -1536 484
0.02 a -2545 11131 -8131 g 6360 -1047 -565
0.02 a -1283 14570 -8076 g 7622 -680 -1550
0.02 a 540 21358 -6179 g 8991 -353 -2038
0.02 a 378 31306 -638 g 10953 -330 -1723
0.02 a -2915 32732 7378 g 13247 -662 -963
0.02 a -6119 32732 20965 g 14743 -1149 -1934
0.02 a -3055 26570 32764 g 13625 3479 -3290
0.02 a 7994 18356 24051 g 7612 4370 -3818
0.02 a 8824 15206 15752 g 2623 -258 -2132
0.02 a 1301 9346 15571 g 2804 -2455 1149
0.02 a -3928 6013 11792 g 1952 -2479 2773
0.02 a -2191 4594 7868 g 44 -1312 1856
0.02 a -128 4493 5611 g -803 -217 546
0.02 a -198 4056 3604 g -994 -779 312
0.02 a -597 3444 2929 g -742 -1440 551
0.02 a -157 3554 2325 g -660 -1331 511
0.02 a 261 3860 1809 g -857 -718 358
0.02 a 330 4197 1112 g -977 -348 192
0.02 a 383 4422 465 g -943 -304 69
0.02 a 268 4547 291 g -784 -281 106
0.02 a 173 4782 257 g -567 -366 141
