0.02 a -704 -3815 1556 g 236 -225 540
0.02 a -939 -3707 1489 g 239 -277 442
0.02 a -625 -3748 1668 g 340 -493 81
0.02 a -154 -3723 2024 g 407 -427 -167
0.02 a 54 -3671 2296 g 363 -237 -128
0.02 a -101 -3462 2261 g 233 -154 98
0.02 a -470 -3260 2021 g 118 -180 260
0.02 a -822 -2879 1532 g 15 -287 226
0.02 a -819 -2192 815 g -84 -182 39
0.02 a -505 -1147 -248 g -153 -67 -203
0.02 a -73 429 -1675 g -225 -185 -353
0.02 a 411 2166 -3128 g -146 -501 -413
0.02 a 584 3942 -4105 g 190 -604 -284
0.02 a 276 5895 -4768 g 750 -367 59
0.02 a -60 7514 -5354 g 1417 -235 322
0.02 a -505 8622 -6029 g 2300 -534 318
0.02 a -1263 9683 -6937 g 3352 -921 142
0.02 a -1881 11103 -7856 g 4563 -950 -188
0.02 a -2030 13632 -7878 g 6218 -664 -664
0.02 a -1595 18630 -6883 g 8377 -401 -1231
0.02 a -379 27632 -3158 g 10559 -471 -1811
0.02 a -562 32732 5576 g 12974 -781 -2249
0.02 a -2986 32732 18711 g 15704 -1858 -2857
0.02 a -5628 32732 32764 g 16331 -29 -3479
0.02 a -1703 22090 32764 g 11994 3666 -3424
0.02 a 6981 15677 21554 g 5474 2400 -3391
0.02 a 8200 13005 13613 g 2356 -1330 -2376
0.02 a 2557 7745 14873 g 2765 -1893 68
0.02 a -1060 4843 12389 g 2194 -1278 1758
0.02 a -172 3857 8984 g 423 -273 1424
0.02 a 435 3309 6113 g -461 1 808
0.02 a -229 2955 3790 g -667 -797 713
0.02 a -409 2803 2630 g -647 -1100 704
0.02 a -73 3278 2053 g -631 -712 569
0.02 a 201 3587 1793 g -586 -271 422
0.02 a 177 3753 1735 g -454 -91 301
0.02 a 90 3851 1471 g -326 -243 217
0.02 a -140 4126 1099 g -291 -389 233
