0.02 a -318 -2851 5787 g 134 -165 -45
0.02 a -475 -2982 3421 g 155 -30 -44
0.02 a -513 -2943 3481 g 99 -102 -64
0.02 a -643 -2886 3323 g -10 -231 -92
0.02 a -588 -2625 3044 g -90 -356 -153
0.02 a -494 -2504 2984 g -109 -270 -160
0.02 a -379 -2278 2704 g -107 -351 -201
0.02 a -334 -1781 1733 g -179 -623 -271
0.02 a -271 -994 -139 g -348 -779 -250
0.02 a -221 467 -2675 g -486 -792 -227
0.02 a 25 1700 -4410 g -358 -337 -222
0.02 a 80 3162 -5901 g 171 -150 -200
0.02 a -507 5321 -7683 g 967 -802 -68
0.02 a -1593 7610 -9226 g 1835 -1470 24
0.02 a -2230 9466 -9327 g 2810 -1087 -142
0.02 a -2201 11152 -8960 g 3979 -391 -500
0.02 a -2656 12743 -8789 g 5269 -67 -694
0.02 a -2249 15580 -7542 g 6891 50 -781
0.02 a -1256 21449 -4027 g 8728 159 -1047
0.02 a -480 30147 3477 g 10384 946 -1127
0.02 a -2985 32732 14710 g 11902 1735 -627
0.02 a -7027 28494 29191 g 12800 1671 286
0.02 a -1111 17810 31137 g 10944 744 -562
0.02 a 5635 13847 21801 g 6122 -1053 -2119
0.02 a 5595 11293 16744 g 3212 -1499 -1430
0.02 a 1764 7638 15270 g 2633 -1350 106
0.02 a -769 5192 12240 g 1804 -1299 1025
0.02 a -86 4203 9318 g 814 -919 741
0.02 a 630 4006 7108 g 239 -1042 200
0.02 a 750 3698 5148 g -110 -1187 202
0.02 a 509 3842 3536 g -520 -749 449
0.02 a 330 3805 2572 g -762 -75 605
0.02 a -74 3950 2086 g -773 242 602
0.02 a -435 3925 1573 g -692 85 485
0.02 a -500 3969 1319 g -564 -316 340
0.02 a -206 4152 1051 g -454 -576 142
0.02 a 63 4345 954 g -470 -359 59
0.02 a 10 4342 827 g -518 28 123
0.02 a -332 4232 799 g -501 232 236
0.02 a -693 4059 1083 g -374 223 266
0.02 a -809 4012 1286 g -205 94 197
0.02 a -698 4060 1200 g -128 -143 44
