0.02 a 548 1003 -5067 g -1220 -478 -411
0.02 a 1056 1864 -5477 g -788 -499 -499
0.02 a 1049 3087 -6134 g -350 -510 -142
0.02 a 554 5001 -7225 g 114 -420 416
0.02 a 439 7698 -7415 g 854 -209 782
0.02 a 196 9485 -7982 g 1868 -735 690
0.02 a 256 10335 -8299 g 2980 -1428 369
0.02 a 255 12006 -9597 g 4259 -1281 288
0.02 a 149 14924 -11362 g 5684 -705 633
0.02 a -307 20397 -10989 g 7931 -649 930
0.02 a -1472 29193 -5300 g 11117 -1314 795
0.02 a -4168 32732 4248 g 14152 -1913 269
0.02 a -4987 32732 16933 g 16040 -1813 -1217
0.02 a -6097 32732 32660 g 16460 1152 -2202
0.02 a -4388 22959 32764 g 12914 5866 -1132
0.02 a 1418 16651 23504 g 6291 3986 -624
0.02 a 3049 13101 17138 g 3378 -477 -515
0.02 a 546 9397 15068 g 3006 -2739 282
0.02 a -2180 6184 12821 g 2017 -2210 1279
0.02 a -2843 4299 9593 g 634 -1197 1473
0.02 a -2207 3719 6655 g -338 -677 989
0.02 a -1634 3713 4394 g -668 -638 438
0.02 a -1267 3309 3268 g -615 -519 260
0.02 a -1030 3360 2382 g -573 -375 228
