0.02 a -494 -3111 1986 g -228 -166 366
0.02 a -660 -3158 2140 g -68 -104 310
0.02 a -766 -3186 2269 g 26 -193 267
0.02 a -889 -3055 2247 g 14 -249 255
0.02 a -1013 -2903 2094 g -49 -248 218
0.02 a -1021 -2748 1910 g -93 -281 122
0.02 a -865 -2435 1545 g -116 -311 -11
0.02 a -715 -1918 1108 g -122 -268 -119
0.02 a -569 -1421 619 g -110 -134 -153
0.02 a -325 -626 -384 g -79 -182 -196
0.02 a -84 479 -1733 g -19 -410 -214
0.02 a 207 2329 -3269 g 75 -595 -173
0.02 a 469 4415 -4262 g 304 -442 -89
0.02 a 485 6393 -5343 g 799 -113 75
0.02 a 515 7743 -6027 g 1569 60 253
0.02 a 282 8550 -5951 g 2839 -36 468
0.02 a -757 9316 -6187 g 4348 -578 679
0.02 a -1861 10268 -6418 g 5757 -1160 607
0.02 a -2280 12459 -6553 g 7125 -1335 56
0.02 a -1064 17357 -6428 g 8482 -1320 -818
0.02 a 627 26089 -3536 g 9987 -755 -1350
0.02 a -678 32732 5729 g 11969 277 -738
0.02 a -6139 32732 18609 g 14420 -1047 -607
0.02 a -9068 30341 32764 g 15612 -352 -1683
0.02 a 656 16517 30149 g 10691 3843 -2702
0.02 a 8944 15049 15697 g 2849 1575 -2967
0.02 a 4101 10887 13934 g 1755 -1533 -680
0.02 a -3092 6235 14071 g 3001 -2723 1716
0.02 a -2854 4198 10947 g 1561 -1754 1811
0.02 a 165 3927 7861 g -221 -228 523
0.02 a 463 3717 5087 g -882 -241 188
0.02 a -471 3205 3392 g -817 -1095 481
0.02 a -882 3003 2524 g -691 -1128 647
0.02 a -376 3464 2038 g -719 -630 474
0.02 a 60 3963 1728 g -796 -296 227
0.02 a 184 4259 1157 g -786 -414 74
0.02 a 103 4444 430 g -752 -732 56
0.02 a -85 4463 224 g -659 -789 144
0.02 a -63 4523 281 g -471 -682 151
0.02 a -106 4537 244 g -391 -558 141
0.02 a -236 4479 247 g -380 -339 156
0.02 a -387 4229 310 g -366 -159 127
0.02 a -558 4302 378 g -339 37 64
0.02 a -564 4204 607 g -263 200 -6
