0.02 a -983 -3343 2939 g -53 -163 53
0.02 a -1131 -3041 2768 g -70 -255 51
0.02 a -998 -2855 2879 g -49 -204 -82
0.02 a -759 -2642 2663 g -100 -265 -236
0.02 a -517 -2285 2254 g -177 -438 -322
0.02 a -563 -1695 1483 g -212 -602 -319
0.02 a -660 -799 170 g -248 -743 -321
0.02 a -494 610 -2036 g -333 -925 -431
0.02 a -75 1910 -3259 g -264 -772 -539
0.02 a 238 2869 -3419 g 259 -334 -434
0.02 a 181 4545 -3668 g 823 -333 -132
0.02 a -466 6638 -4709 g 1176 -690 200
0.02 a -1912 7947 -7061 g 1612 -1226 358
0.02 a -2673 8960 -8641 g 2593 -1335 129
0.02 a -1882 10121 -9039 g 4112 -934 -516
0.02 a -1177 12217 -8709 g 5870 -676 -1104
0.02 a -893 15868 -8444 g 7728 -750 -1399
0.02 a -521 23899 -6434 g 9529 -521 -1621
0.02 a -1342 32732 1497 g 11546 402 -1562
0.02 a -3987 32732 13231 g 13739 710 -1430
0.02 a -6740 32732 31211 g 15459 253 -2191
0.02 a -951 20369 32764 g 13593 2865 -2612
0.02 a 9251 15585 21324 g 6346 1230 -2934
0.02 a 7027 12802 14911 g 2448 -1756 -1231
0.02 a -633 7546 15714 g 2920 -2301 1130
0.02 a -2030 5240 11557 g 1675 -1514 1863
0.02 a 928 4905 7913 g 106 -704 760
0.02 a 1556 4374 6156 g -327 -705 180
0.02 a 818 3882 4676 g -429 -981 403
0.02 a 518 3823 3032 g -762 -682 665
0.02 a 455 3894 1959 g -991 -269 707
0.02 a 439 3988 1618 g -944 34 627
0.02 a 390 4110 1313 g -819 -84 465
0.02 a 234 4341 1030 g -735 -256 374
0.02 a -11 4463 819 g -717 -443 370
