0.02 a -517 -3037 2226 g -174 -262 126
0.02 a -110 -2826 1975 g -193 -281 68
0.02 a 331 -2475 1548 g -195 -238 44
0.02 a 699 -1866 468 g -271 -277 95
0.02 a 851 -871 -1454 g -402 -637 185
0.02 a 770 293 -3241 g -427 -776 320
0.02 a 465 1438 -4996 g -274 -630 516
0.02 a 96 3035 -7058 g 117 -1230 581
0.02 a 552 5085 -7914 g 1058 -2117 291
0.02 a 1732 7496 -8332 g 2174 -2282 -93
0.02 a 2300 9602 -8120 g 2936 -1475 -52
0.02 a 1600 10954 -6798 g 4001 -492 533
0.02 a -882 11823 -5709 g 5367 -623 1093
0.02 a -2951 13774 -4854 g 6655 -1175 1082
0.02 a -3008 17991 -3206 g 7834 -1177 428
0.02 a -617 24233 428 g 8788 -360 -182
0.02 a -566 30815 6439 g 9827 1099 158
0.02 a -4770 32732 14751 g 11227 694 1142
0.02 a -5039 28184 24098 g 12460 -1722 403
0.02 a 562 19948 28490 g 10973 -763 -1571
0.02 a 4334 14832 25043 g 6621 1084 -1822
0.02 a 2763 10534 19049 g 3832 -603 -503
0.02 a -603 7602 13978 g 2375 -1584 844
0.02 a -2532 6080 9076 g 1046 -1106 1315
0.02 a -1159 5311 7172 g 673 -990 556
0.02 a 230 5090 6334 g 582 -1053 -132
0.02 a 822 4752 5213 g 111 -581 -71
0.02 a 385 4162 4062 g -379 -155 297
0.02 a -359 3782 2310 g -609 -642 486
0.02 a -878 3411 935 g -778 -1088 454
0.02 a -589 3715 683 g -753 -857 244
0.02 a -36 3914 928 g -670 -267 19
0.02 a 253 3996 899 g -747 64 -43
