0.02 a -523 -347 -2557 g 261 -442 150
0.02 a -388 1649 -3159 g 484 -94 214
0.02 a 183 4304 -4432 g 732 -281 49
0.02 a 896 6665 -5528 g 1267 -659 -142
0.02 a 427 8559 -6542 g 2078 -912 116
0.02 a -791 10908 -7798 g 3030 -748 579
0.02 a -1888 13560 -8624 g 4396 -448 625
0.02 a -2426 16664 -8378 g 6368 -372 118
0.02 a -2516 21657 -8111 g 8545 -589 -618
0.02 a -2073 30478 -6354 g 10804 -863 -1278
0.02 a -2436 32732 473 g 13426 -617 -1533
0.02 a -5512 32732 12522 g 16490 -380 -1477
0.02 a -7524 32732 29962 g 18802 -736 -2801
0.02 a -2713 29407 32764 g 18224 3338 -3847
0.02 a 5742 18923 29351 g 9741 5467 -2863
0.02 a 6223 16534 14181 g 1259 791 -533
0.02 a 649 11026 14999 g 2209 -1743 1472
0.02 a -2600 5896 15865 g 3605 -2796 2002
0.02 a -1747 3959 13553 g 1948 -1096 1616
0.02 a -1431 3337 9557 g -38 -241 1112
0.02 a -2157 2980 6455 g -787 -1163 980
0.02 a -1831 3034 4614 g -958 -1571 823
0.02 a -690 3414 3567 g -1072 -1108 517
0.02 a -157 3832 2652 g -1151 -724 333
0.02 a -64 4091 2097 g -1178 -528 321
0.02 a -204 4346 1447 g -1188 -524 309
