0.02 a -630 -2719 -555 g -21 112 151
0.02 a -835 -2704 1836 g 130 191 361
0.02 a -885 -2826 2056 g 296 -250 277
0.02 a -749 -2785 2105 g 318 -611 45
0.02 a -598 -2676 2075 g 232 -689 -79
0.02 a -580 -2440 1962 g 88 -425 -33
0.02 a -629 -1941 1451 g -19 -162 45
0.02 a -663 -1171 929 g -3 -15 65
0.02 a -526 -144 -186 g 85 -163 -35
0.02 a -54 1277 -1771 g 116 -529 -221
0.02 a 601 2665 -2958 g 261 -748 -385
0.02 a 848 3701 -3804 g 716 -720 -299
0.02 a 707 5075 -4568 g 1403 -501 10
0.02 a 237 6492 -6160 g 2081 -582 269
0.02 a -961 7710 -8487 g 2810 -900 382
0.02 a -1958 9374 -9537 g 4012 -941 247
0.02 a -2175 11549 -9347 g 5845 -868 -318
0.02 a -1575 15959 -8458 g 7696 -842 -1087
0.02 a -617 24424 -4691 g 9431 -273 -1539
0.02 a -1531 32732 3145 g 11307 534 -1219
0.02 a -4758 32732 13238 g 13368 397 -811
0.02 a -10658 32732 26753 g 14546 1500 -392
0.02 a -8649 18869 32378 g 12269 5308 -52
0.02 a 1058 14245 22761 g 6401 3935 -1092
0.02 a 4133 12301 13851 g 2482 -1196 -1056
0.02 a -120 8448 12550 g 2479 -3320 594
0.02 a -4151 4931 11485 g 2250 -2393 1934
0.02 a -2613 3654 9155 g 870 -830 1557
0.02 a -924 3496 6983 g -184 -181 628
0.02 a -923 3267 5015 g -574 -695 397
0.02 a -966 2987 3629 g -590 -1374 397
0.02 a -422 3074 2785 g -630 -1381 272
0.02 a -41 3463 2093 g -739 -1057 115
0.02 a 14 3758 1524 g -805 -779 23
0.02 a 101 4083 1196 g -790 -575 -47
0.02 a 166 4629 943 g -745 -563 -101
0.02 a 194 4733 904 g -632 -748 -119
