0.02 a -632 -3474 2254 g 112 46 5
0.02 a -427 -3350 2234 g 164 148 -178
0.02 a -121 -3132 2257 g 220 -276 -269
0.02 a 37 -3068 2219 g 180 -581 -140
0.02 a -133 -2936 1937 g 61 -761 102
0.02 a -367 -2714 1581 g -86 -679 251
0.02 a -612 -2443 977 g -197 -421 234
0.02 a -655 -1563 4 g -266 -232 69
0.02 a -416 -173 -1290 g -300 -88 -151
0.02 a 176 1518 -2570 g -188 -96 -345
0.02 a 595 3450 -3904 g 108 -423 -426
0.02 a 557 5616 -5306 g 617 -854 -343
0.02 a 190 7599 -6347 g 1285 -999 -159
0.02 a -186 9032 -6781 g 2203 -628 14
0.02 a -1187 10637 -7534 g 3347 -457 37
0.02 a -2239 12408 -8522 g 4710 -626 -190
0.02 a -2846 15152 -8963 g 6448 -659 -651
0.02 a -2792 20508 -8534 g 8645 -776 -1290
0.02 a -1880 30889 -6420 g 11070 -1061 -2045
0.02 a -2481 32732 1743 g 13594 -990 -2344
0.02 a -6892 32732 13202 g 16723 -879 -2199
0.02 a -10396 32732 32465 g 18713 363 -3655
0.02 a -7387 19356 32764 g 16395 8561 -3119
0.02 a 10367 18454 17058 g 6396 4407 -3103
0.02 a 8466 16327 11184 g 1603 -2944 -1933
0.02 a -1194 10282 14914 g 3900 -2393 1960
0.02 a -3983 6247 12428 g 2977 -2177 3013
0.02 a -252 5207 9477 g 813 -597 1430
0.02 a 1964 5296 6488 g -427 -22 349
0.02 a 991 4239 4128 g -634 -1306 520
0.02 a -631 3709 2615 g -492 -1982 978
0.02 a -578 3609 2465 g -455 -1237 939
0.02 a 556 3891 2458 g -523 -5 512
0.02 a 941 4285 1618 g -805 496 274
0.02 a 480 4442 679 g -989 156 384
0.02 a -224 4453 196 g -898 -526 546
0.02 a -592 4405 -84 g -695 -885 531
0.02 a -724 4380 -201 g -554 -791 317
0.02 a -290 4453 -102 g -518 -319 33
0.02 a -44 4499 65 g -586 309 -93
0.02 a -248 4387 239 g -627 804 -82
