0.02 a 26 1658 -2939 g -65 37 405
0.02 a 261 3133 -3069 g 313 -152 278
0.02 a 740 4310 -3712 g 717 -750 0
0.02 a 880 6119 -4680 g 1107 -906 17
0.02 a 710 8145 -6139 g 1644 -549 301
0.02 a -144 10201 -9050 g 2554 -688 497
0.02 a -968 12627 -10804 g 4292 -1174 318
0.02 a -1034 16580 -10879 g 7113 -1388 -291
0.02 a -789 23683 -9381 g 9855 -1637 -1022
0.02 a -532 32654 -4564 g 12474 -1485 -1486
0.02 a -2493 32732 5785 g 15272 -1556 -1552
0.02 a -6072 32732 17534 g 18027 -2474 -2411
0.02 a -10372 32732 32764 g 18454 -128 -3804
0.02 a -3975 23228 32764 g 13916 6124 -3562
0.02 a 8509 18621 20321 g 5768 3724 -3557
0.02 a 7328 14056 16340 g 2511 -838 -1959
0.02 a 23 8386 17143 g 3496 -1956 1025
0.02 a -2663 5496 12699 g 2113 -2247 2264
0.02 a -1161 4479 8860 g 74 -1256 1506
0.02 a -315 4036 6178 g -868 -813 732
0.02 a -448 3793 3806 g -1127 -1307 583
0.02 a -381 3552 2841 g -1103 -1384 562
0.02 a -169 3476 2421 g -992 -855 534
