0.02 a 192 1688 -3200 g -2189 474 -31
0.02 a -212 2247 -4760 g -1918 768 268
0.02 a -404 3503 -5892 g -1437 716 169
0.02 a 342 5215 -6221 g -611 216 -316
0.02 a 1305 6895 -5929 g 131 -180 -609
0.02 a 1612 8806 -5515 g 607 -112 -278
0.02 a 1662 10601 -5753 g 1288 -226 188
0.02 a 1742 12262 -7292 g 2282 -759 442
0.02 a 1932 13614 -9632 g 3703 -943 691
0.02 a 1755 15816 -9934 g 5920 -751 1124
0.02 a 1111 21385 -7688 g 8967 -1075 1672
0.02 a -879 29696 -2249 g 12387 -2124 1923
0.02 a -2693 32732 7179 g 15638 -3016 1468
0.02 a -4597 32732 21320 g 18009 -3681 220
0.02 a -5014 32732 32764 g 17916 -2489 -1734
0.02 a -1268 23583 32764 g 12268 3121 -2791
0.02 a 5082 15976 25755 g 5161 5025 -1835
0.02 a 3926 11578 18261 g 2528 41 -241
0.02 a -695 7138 15301 g 2245 -2581 1431
0.02 a -3326 4900 11124 g 841 -1851 2098
0.02 a -2244 3764 8330 g -481 -473 1466
0.02 a -1362 3702 6171 g -1010 -108 675
0.02 a -1376 3400 4765 g -1080 -775 442
0.02 a -1277 3396 3607 g -1030 -1275 404
0.02 a -756 3546 2486 g -1127 -1142 246
