0.02 a -1138 -3057 2166 g -162 -268 -202
0.02 a -644 -2855 2121 g -40 -309 -292
0.02 a -719 -2743 2300 g 24 -292 -106
0.02 a -1058 -2654 2166 g 33 -395 73
0.02 a -1611 -2457 1628 g -3 -470 75
0.02 a -1273 -1793 268 g -115 -449 -213
0.02 a -1192 -5 -4241 g -316 -990 -605
0.02 a -689 1926 -8716 g -351 -1695 -767
0.02 a 599 3757 -8590 g 362 -1070 -681
0.02 a 1341 5410 -7183 g 1928 -1116 -556
0.02 a 669 7685 -6208 g 3139 -1415 -156
0.02 a -319 10484 -6839 g 3520 -1041 289
0.02 a -1159 12586 -8822 g 3625 -799 322
0.02 a -1807 13489 -9691 g 4459 -303 278
0.02 a -1658 15921 -8993 g 6213 -59 194
0.02 a -1252 23286 -5061 g 8343 259 12
0.02 a -1657 31447 5301 g 10313 1672 215
0.02 a -4522 32732 15428 g 11762 2325 865
0.02 a -7252 26635 25814 g 12159 1405 1316
0.02 a -2234 19298 29069 g 10444 123 133
0.02 a 2435 14175 25961 g 6811 -472 -969
0.02 a 2014 10807 20591 g 3974 -914 -168
0.02 a 53 7721 16429 g 2474 -1322 830
0.02 a -1046 5630 12835 g 1459 -1131 1169
0.02 a -1014 4684 10018 g 650 -891 920
0.02 a -772 4154 7398 g 179 -1250 566
0.02 a -447 3997 5323 g -285 -1352 479
0.02 a -179 3917 4020 g -667 -831 563
0.02 a -397 3875 2810 g -851 -417 668
0.02 a -717 3911 2155 g -871 -187 692
0.02 a -755 3862 1936 g -790 -219 547
0.02 a -659 4118 1667 g -736 -392 352
0.02 a -477 4193 1189 g -764 -529 219
0.04 a -378 4234 852 g -768 -473 178
