0.02 a -612 -3427 250 g 67 53 98
0.02 a -496 -2774 559 g 6 -107 -8
0.02 a -501 -1811 -323 g -49 -321 -71
0.02 a -210 -137 -1765 g -158 -409 -115
0.02 a 355 2339 -3229 g -226 -180 -179
0.02 a 518 5474 -5207 g -154 5 -144
0.02 a 607 8847 -7623 g 316 -149 -105
0.02 a 446 11669 -9204 g 1618 -597 -145
0.02 a -289 14061 -9613 g 3660 -1410 -281
0.02 a -1755 16233 -10228 g 5701 -1785 -551
0.02 a -3219 20769 -11278 g 7413 -1292 -1019
0.02 a -3347 28280 -10003 g 9682 -533 -1744
0.02 a -2817 32732 -3776 g 12782 -186 -2408
0.02 a -3012 32732 9766 g 16235 -577 -2840
0.02 a -3188 32732 26354 g 19105 -1484 -3804
0.02 a -3795 32732 32764 g 18431 520 -4342
0.02 a 5429 22415 32764 g 11315 4007 -3844
0.02 a 10098 16405 20981 g 3562 1156 -2801
0.02 a 6076 11645 18286 g 2522 -1580 -742
0.02 a 1801 6717 18434 g 3138 -1994 755
0.02 a 1028 4094 15032 g 1584 -789 1180
0.02 a 277 3087 10256 g -259 -21 1028
0.02 a -812 2696 6069 g -993 -590 840
0.02 a -1056 2756 4003 g -1087 -848 674
0.02 a -296 3317 2989 g -1093 -396 441
0.02 a 162 3895 2411 g -1163 -1 227
