0.02 a -933 1365 -2186 g -73 -221 63
0.02 a 10 2778 -4144 g 125 -618 -84
0.02 a 184 4344 -6488 g 413 -904 -64
0.02 a 279 5386 -9511 g 925 -1457 -97
0.02 a -70 5886 -11565 g 1967 -2157 -277
0.02 a -196 6956 -13005 g 3439 -2768 -617
0.02 a 167 9947 -13120 g 5080 -2912 -1215
0.02 a 1526 15007 -10857 g 6865 -2367 -1934
0.02 a 4101 21990 -5441 g 8579 -1307 -2348
0.02 a 6962 28835 2895 g 10070 -348 -1933
0.02 a 7140 32732 13839 g 11506 -604 -961
0.02 a 1143 28687 21570 g 12144 -1891 273
0.02 a -5509 19731 25115 g 10271 -535 1354
0.02 a -2066 14260 22080 g 6829 -109 341
0.02 a 288 11675 18639 g 4435 -2262 -1250
0.02 a -2270 10031 18915 g 3106 -3759 -1048
0.02 a -5427 8286 19084 g 1851 -4399 -654
0.02 a -9885 8796 21989 g 174 -3299 -453
0.02 a -11926 11770 21030 g -1658 -4039 -892
0.02 a -10441 16500 17758 g -3962 -5177 -1606
0.02 a -9206 20913 16518 g -6021 -4142 -2182
0.02 a -9119 24591 14547 g -7777 -2538 -2531
0.02 a -8430 27046 11405 g -9216 -1809 -3205
0.02 a -6758 27719 6482 g -10139 -1831 -4042
0.02 a -3411 27340 -560 g -10389 -2480 -4723
0.02 a 39 24463 -8116 g -10069 -3383 -4916
0.02 a 3233 20115 -13948 g -8989 -2654 -4359
0.02 a 8179 15606 -17720 g -7444 -1834 -3910
0.02 a 9614 10132 -16570 g -5050 -835 -2992
0.02 a 8219 7081 -13057 g -3057 771 -1474
0.02 a 6472 4752 -9112 g -1564 1616 -415
0.02 a 4240 2603 -5731 g -649 1657 306
0.02 a 2450 604 -3645 g -132 1076 706
