0.02 a -2056 -1740 895 g -190 29 32
0.02 a -2201 -721 -1219 g -214 -331 64
0.02 a -1844 963 -4061 g -135 -1026 -161
0.02 a -1177 2616 -5828 g 244 -977 -436
0.02 a -46 4716 -7545 g 683 -575 -608
0.02 a 1382 6549 -9687 g 1179 -850 -780
0.02 a 2254 8125 -11415 g 2015 -1577 -829
0.02 a 3041 9597 -11862 g 3291 -2025 -807
0.02 a 3971 11751 -11195 g 4868 -1982 -918
0.02 a 5212 15082 -8227 g 6635 -1534 -1004
0.02 a 5968 19628 -3348 g 8446 -1197 -753
0.02 a 6139 24994 3579 g 9993 -1143 -162
0.02 a 5902 29214 12746 g 11157 -1117 490
0.02 a 3256 28423 18864 g 11623 -1944 1088
0.02 a -1851 23441 20937 g 10474 -1187 2017
0.02 a -2933 18130 20550 g 8162 -44 2164
0.02 a -2146 14070 19379 g 6627 -1049 1239
0.02 a -3375 10879 18240 g 5265 -2215 703
0.02 a -4733 8903 17909 g 4033 -3011 433
0.02 a -6664 8066 18696 g 2787 -3340 67
0.02 a -9401 8098 19602 g 1254 -3297 -202
0.02 a -11644 9616 19477 g -522 -3144 -607
0.02 a -12796 12270 17458 g -2500 -3393 -1184
0.02 a -13063 15600 15597 g -4285 -4033 -1933
0.02 a -12676 19383 13810 g -5828 -4450 -2699
0.02 a -11418 23046 11700 g -7292 -4475 -3494
0.02 a -8795 25316 8689 g -8596 -3965 -4224
0.02 a -5542 25185 4840 g -9524 -2934 -4677
0.02 a -2095 23033 400 g -9808 -2258 -4812
0.02 a 1102 20143 -3322 g -9464 -2057 -4691
0.02 a 2720 17164 -6319 g -8416 -2190 -4234
0.02 a 4490 15299 -8664 g -7035 -2155 -3625
0.02 a 6741 12100 -9857 g -5615 -1946 -3063
0.02 a 6966 8067 -9409 g -4236 -1134 -2092
0.02 a 5789 5262 -8314 g -3113 -152 -852
0.02 a 4140 3155 -6600 g -2108 338 109
0.02 a 2478 1542 -4994 g -1356 693 725
