0.02 a -1822 1852 -4149 g -728 -647 -244
0.02 a -1247 3325 -5866 g -330 -619 -438
0.02 a -449 4593 -7373 g 241 -68 -438
0.02 a 404 5975 -9337 g 827 -283 -511
0.02 a 1133 6869 -10708 g 1858 -1450 -696
0.02 a 1980 8033 -11549 g 3259 -2334 -1042
0.02 a 3324 10431 -11012 g 4745 -2084 -1404
0.02 a 4954 14073 -8129 g 6478 -1289 -1550
0.02 a 6218 19069 -3801 g 8299 -1312 -1400
0.02 a 6728 24310 3855 g 10062 -1636 -846
0.02 a 6286 29206 13671 g 11501 -1951 -246
0.02 a 4325 28767 19995 g 11935 -2945 6
0.02 a -2362 22795 23301 g 10501 -986 953
0.02 a -5921 16356 24592 g 7844 873 1666
0.02 a -7023 10689 24901 g 6263 -1171 983
0.02 a -10074 8210 24886 g 4579 -3175 226
0.02 a -11474 7640 24978 g 2581 -3975 -564
0.02 a -11899 8797 24093 g 500 -4506 -1492
0.02 a -11953 12190 21977 g -1812 -5088 -2143
0.02 a -12021 16788 20052 g -4090 -5284 -2570
0.02 a -10770 22078 17038 g -6342 -4634 -3033
0.02 a -8741 25731 13539 g -8419 -3236 -3708
0.02 a -6556 26170 8360 g -9798 -2616 -4216
0.02 a -4079 23796 612 g -10301 -3020 -4448
0.02 a -435 21333 -4756 g -10084 -2325 -4557
0.02 a 4186 19045 -7854 g -8849 -682 -4695
0.02 a 7853 17720 -9646 g -7113 -448 -4463
0.02 a 10101 13487 -10345 g -5196 -1327 -3440
0.02 a 8620 9476 -10132 g -3875 -975 -1770
0.02 a 5949 5765 -8815 g -2815 -305 -183
0.02 a 3169 2899 -7108 g -1763 102 793
0.02 a 1093 701 -5137 g -1012 721 1206
0.02 a 190 -534 -3463 g -520 911 1066
