0.02 a -721 539 -2368 g -135 389 -51
0.02 a -27 1932 -4527 g 168 -394 -101
0.02 a 261 3573 -6851 g 672 -1191 -144
0.02 a 336 5140 -9286 g 1238 -1057 -87
0.02 a 636 6290 -10867 g 1971 -583 -54
0.02 a 933 7516 -11868 g 3200 -883 -145
0.02 a 929 9628 -12077 g 4804 -1943 -436
0.02 a 1674 13241 -10363 g 6454 -2014 -794
0.02 a 3551 18654 -6228 g 7980 -987 -952
0.02 a 5169 24845 1692 g 9400 236 -410
0.02 a 4149 30195 11686 g 10756 142 631
0.02 a -2016 27534 20598 g 11627 -1875 1380
0.02 a -5184 19162 24352 g 10400 -983 1666
0.02 a -1339 14847 20928 g 6648 329 524
0.02 a -1460 11814 17646 g 4316 -1178 -153
0.02 a -3374 8851 17133 g 3306 -2646 109
0.02 a -4963 7138 16342 g 2238 -3108 29
0.02 a -7496 6555 16403 g 966 -3353 -290
0.02 a -9872 7863 16731 g -202 -3771 -791
0.02 a -11578 10304 16735 g -1606 -4200 -1316
0.02 a -12129 13198 16530 g -3173 -4507 -1891
0.02 a -12267 16825 16165 g -4758 -5041 -2483
0.02 a -10881 21222 14088 g -6399 -5327 -3021
0.02 a -8805 23951 11507 g -8007 -4593 -3507
0.02 a -7338 23984 7014 g -9266 -3142 -3795
0.02 a -4937 22785 -678 g -9851 -2835 -3994
0.02 a -1079 19507 -6492 g -9381 -3192 -4269
0.02 a 249 15691 -9605 g -7898 -2974 -3868
0.02 a 4430 14212 -11123 g -6371 -2546 -3472
0.02 a 7703 11164 -9636 g -4842 -1889 -3214
0.02 a 7264 8370 -8029 g -3687 -653 -2008
0.02 a 5441 5569 -6651 g -2955 485 -600
0.02 a 3490 3124 -5752 g -2308 724 259
