0.02 a -1707 464 -1411 g -594 -255 130
0.02 a -1089 1584 -3194 g -386 -307 -103
0.02 a -572 3019 -5449 g -156 -262 -199
0.02 a 327 4705 -8592 g 4 -461 -156
0.02 a 1554 5985 -11144 g 571 -726 -188
0.02 a 2324 6901 -12797 g 1708 -1034 -196
0.02 a 2620 8365 -13218 g 3228 -1235 -150
0.02 a 2228 10869 -12512 g 4934 -1405 -132
0.02 a 1763 15489 -10286 g 6713 -1475 -187
0.02 a 2462 22165 -4773 g 8491 -897 -377
0.02 a 3560 29849 4518 g 10030 237 -273
0.02 a 1999 32732 15547 g 11234 218 384
0.02 a -2254 26049 24030 g 11539 -892 1405
0.02 a -2395 18878 23251 g 8928 -362 1616
0.02 a -1016 15129 19390 g 5188 -867 743
0.02 a -3346 11864 16690 g 3233 -2581 611
0.02 a -6547 9392 15566 g 2083 -3872 572
0.02 a -9641 8789 15124 g 969 -4091 75
0.02 a -14038 9602 15697 g -332 -3878 -619
0.02 a -16870 13045 14420 g -1855 -4199 -1404
0.02 a -16252 17390 13021 g -3533 -5031 -2854
0.02 a -14388 22263 10796 g -5088 -5290 -4197
0.02 a -12869 25795 8539 g -6535 -5043 -5083
0.02 a -11692 27256 5332 g -7650 -4349 -5524
0.02 a -10253 26990 1111 g -8424 -4151 -5952
0.02 a -7654 26075 -5137 g -8662 -4392 -6400
0.02 a -2040 24284 -11119 g -8553 -4227 -6795
0.02 a 7907 23623 -16155 g -7794 -2835 -7140
0.02 a 17777 18784 -16076 g -5995 -1500 -7029
0.02 a 16914 11217 -12009 g -3440 -217 -4791
0.02 a 9503 6089 -8424 g -1923 1268 -1149
0.02 a 3286 2287 -5256 g -1138 1608 767
0.02 a 949 -144 -3867 g -878 1119 764
0.02 a 1100 -1098 -3885 g -1007 663 68
