0.02 a -1601 -1054 1067 g -486 140 331
0.02 a -1690 -1062 572 g -450 128 420
0.02 a -1433 -377 -776 g -500 -88 396
0.02 a -682 1181 -3534 g -632 -649 237
0.02 a -8 3550 -6523 g -606 -856 103
0.02 a 1046 5517 -8449 g -300 -128 98
0.02 a 2861 6840 -8974 g 299 462 46
0.02 a 4345 7872 -9619 g 1353 -458 -3
0.02 a 4634 8507 -10687 g 2667 -2178 202
0.02 a 4046 9452 -10717 g 4158 -2715 589
0.02 a 3886 12182 -9121 g 5836 -2129 665
0.02 a 5005 18218 -4034 g 7612 -1200 516
0.02 a 6663 24318 4731 g 9396 -846 704
0.02 a 4754 30937 15479 g 10942 -1800 1395
0.02 a -1211 28360 23609 g 11672 -3225 2181
0.02 a -7823 21401 26887 g 9952 -806 2746
0.02 a -9285 14394 26911 g 6888 480 2012
0.02 a -9298 10474 24138 g 4793 -1682 713
0.02 a -9499 9350 21600 g 2892 -3808 -292
0.02 a -11321 9257 21339 g 1316 -4213 -934
0.02 a -14709 10065 20867 g -329 -3577 -1206
0.02 a -15975 12634 18232 g -2337 -3038 -1813
0.02 a -14815 16623 15441 g -4068 -3133 -3061
0.02 a -12005 21163 12504 g -5454 -3386 -4434
0.02 a -9897 23692 10551 g -6593 -2799 -5280
0.02 a -8236 24694 8097 g -7480 -1774 -5831
0.02 a -6148 24130 4161 g -8076 -1545 -6289
0.02 a -2749 22915 -334 g -8289 -1380 -6762
0.02 a 1588 21268 -3479 g -7909 -81 -7401
0.02 a 8261 20707 -5224 g -6902 1663 -7791
0.02 a 14925 19001 -7040 g -5108 556 -7608
0.02 a 16302 12782 -6563 g -3300 -1309 -5845
