0.02 a -1307 1491 -2528 g -557 178 -84
0.02 a -797 3271 -4882 g -452 -411 -215
0.02 a -576 4941 -6530 g 145 -404 -211
0.02 a -128 6495 -8396 g 610 -93 -141
0.02 a 1095 7426 -9825 g 1141 -239 -243
0.02 a 1885 8154 -11155 g 2196 -1090 -271
0.02 a 2506 9349 -11821 g 3615 -1769 -219
0.02 a 3332 11477 -11299 g 5383 -1885 -380
0.02 a 4392 16273 -8719 g 7313 -1706 -661
0.02 a 6419 23024 -2870 g 9237 -1239 -826
0.02 a 8256 30466 7585 g 11134 -1177 -559
0.02 a 7355 32732 17896 g 12675 -2308 42
0.02 a 844 29231 22227 g 12598 -2933 778
0.02 a -3370 23382 24564 g 9996 237 1756
0.02 a 297 15854 24796 g 7772 533 1031
0.02 a -621 11302 21875 g 5772 -1233 619
0.02 a -3178 8579 19883 g 3606 -1738 1148
0.02 a -5388 7000 18258 g 1979 -2006 1175
0.02 a -9107 7175 16640 g 435 -2281 1000
0.02 a -12538 8546 16231 g -936 -2199 531
0.02 a -15136 10885 15992 g -2179 -1827 -276
0.02 a -15261 14873 14425 g -3553 -2314 -1391
0.02 a -13840 18666 11641 g -4976 -3281 -2545
0.02 a -12614 22204 9730 g -6255 -2996 -3430
0.02 a -11451 25343 10456 g -7153 -1117 -4370
0.02 a -9578 27592 8865 g -7792 -419 -5324
0.02 a -8029 27174 5799 g -8264 -1349 -5905
0.02 a -4836 26094 1582 g -8547 -1793 -6221
0.02 a -112 23739 -5094 g -8680 -1733 -6698
0.02 a 6417 21847 -9349 g -8129 -397 -7088
0.02 a 12934 18502 -11311 g -6293 40 -6989
0.02 a 15853 13277 -11344 g -3939 -720 -5440
0.02 a 14041 8490 -9631 g -2357 50 -2762
0.02 a 8861 5173 -8022 g -1425 1186 -290
