0.02 a -1573 -602 2668 g -288 339 359
0.02 a -1472 -207 3227 g -242 228 137
0.02 a -2000 496 3005 g -182 264 98
0.02 a -3810 1358 3207 g -108 450 297
0.02 a -7286 2329 4026 g 112 384 410
0.02 a -11223 2731 5434 g 434 482 287
0.02 a -14266 3442 6510 g 522 991 -200
0.02 a -15363 4913 5657 g 183 1141 -1192
0.02 a -16256 6053 4006 g -166 966 -2378
0.02 a -17011 8082 3084 g -146 1067 -3525
0.02 a -17026 10862 4784 g 332 1545 -4981
0.02 a -15594 14981 6578 g 848 1554 -6670
0.02 a -12189 19040 8020 g 919 1047 -8328
0.02 a -6697 22961 9168 g 568 460 -9650
0.02 a 454 25064 8741 g -159 157 -10465
0.02 a 10409 25998 4543 g -1172 424 -10903
0.02 a 21076 23274 463 g -1852 428 -10905
0.02 a 25541 16909 1074 g -1118 1646 -9067
0.02 a 23412 10879 191 g -81 1438 -5516
0.02 a 21074 6628 -1085 g 596 468 -2564
0.02 a 20320 4941 -4239 g 547 65 -1183
0.02 a 21281 5878 -7573 g 86 723 -616
0.02 a 21908 9055 -9536 g -7 1399 441
0.02 a 21338 13074 -9374 g 1124 703 2382
0.02 a 18961 17791 -7761 g 2645 -539 4660
0.02 a 15848 22353 -6044 g 3649 -814 6367
0.02 a 14075 27458 -839 g 4797 -521 7299
0.02 a 12785 32732 5263 g 6445 -732 7999
0.02 a 9367 32732 10100 g 7656 -824 9112
0.02 a 1331 32732 15251 g 7874 333 10504
0.02 a -12579 32732 22406 g 7852 1349 11943
0.02 a -20233 32732 23886 g 6919 2010 11891
0.02 a -19349 26722 19158 g 3779 2098 9409
0.02 a -20181 19270 12088 g 1057 2037 7301
0.02 a -24008 14133 3797 g -799 1988 6368
0.02 a -25745 9486 -245 g -1252 2597 4951
0.02 a -25592 6999 -1689 g -631 2154 2603
0.02 a -23074 8608 -1831 g 49 929 -275
0.02 a -18948 12862 -1830 g 241 -406 -3341
0.02 a -15274 17861 -3103 g 147 -1530 -5903
0.02 a -13651 23082 -4138 g -50 -1925 -7666
0.02 a -14188 28095 -4148 g 100 -2062 -8919
0.02 a -15059 32732 -6094 g 290 -3415 -10210
0.02 a -12083 32732 -10027 g -6 -5195 -12107
0.02 a -4827 32732 -12071 g -471 -5468 -13846
0.02 a 4112 32732 -10876 g -108 -4303 -14143
0.02 a 12389 32732 -8160 g 878 -3720 -12692
0.02 a 27029 32732 -2503 g 1592 -1703 -10982
0.02 a 32691 23666 3012 g 1894 1184 -9163
0.02 a 24063 11414 4339 g 1136 3010 -4499
0.02 a 13255 2814 315 g 959 18 -1121
0.02 a 8816 745 -90 g 949 -1925 -375
0.02 a 9145 1753 2732 g 1172 -1243 -1031
0.02 a 8965 3694 4602 g 1175 -360 -1135
0.02 a 6702 3867 5833 g 1082 -168 -366
0.02 a 3101 3353 5824 g 984 -367 693
0.02 a 451 2862 5056 g 820 -888 1296
0.02 a -312 2723 4708 g 721 -966 1280
0.02 a -527 2831 4354 g 553 -828 1023
0.02 a -904 2656 4310 g 355 -464 959
0.02 a -1233 2688 3745 g 158 -161 1031
