0.02 a -2943 828 1055 g 42 36 1035
0.02 a -3761 800 998 g 109 85 1117
0.02 a -5459 945 1629 g 329 402 1065
0.02 a -8106 1646 2876 g 569 707 754
0.02 a -11419 2060 4704 g 740 938 335
0.02 a -14078 2942 5766 g 756 743 -167
0.02 a -16062 3957 6356 g 697 100 -935
0.02 a -16561 5544 5891 g 460 -342 -1951
0.02 a -15766 7187 5180 g 27 -87 -3087
0.02 a -15537 8832 4695 g -258 694 -3989
0.02 a -14977 10491 5091 g -114 979 -4933
0.02 a -13110 12316 5741 g 275 537 -6229
0.02 a -10583 14608 7248 g 395 279 -7672
0.02 a -5809 19450 9671 g 260 193 -8969
0.02 a 2712 24380 9692 g -186 -904 -9982
0.02 a 12769 24766 5829 g -1143 -2524 -10479
0.02 a 21724 21635 1896 g -2502 -1592 -9780
0.02 a 25819 15155 1184 g -2693 151 -8021
0.02 a 22032 8597 -767 g -1906 91 -4791
0.02 a 17959 4261 -4290 g -1738 -459 -2113
0.02 a 15891 3388 -6633 g -1758 -80 -868
0.02 a 15010 3949 -6627 g -1247 677 -290
0.02 a 14265 6046 -6668 g -869 1295 435
0.02 a 14581 8115 -5924 g -356 1115 1351
0.02 a 14445 9908 -6646 g 590 -442 2546
0.02 a 14347 12843 -9210 g 1431 -1443 3748
0.02 a 14869 16947 -10309 g 2279 -815 4751
0.02 a 15096 24012 -6942 g 4011 147 5879
0.02 a 10731 32727 -1499 g 6242 -305 7924
0.02 a 5044 32732 7154 g 8550 -862 10290
0.02 a 2 32732 14180 g 9495 126 11689
0.02 a -10027 32732 20376 g 8330 2288 12628
0.02 a -21924 32732 23979 g 6506 3317 13343
0.02 a -22179 26635 20732 g 4068 2458 11643
0.02 a -18792 19226 15186 g 1269 1842 8530
0.02 a -17410 14460 8777 g -684 1025 6450
0.02 a -18088 10720 4414 g -1398 381 5098
0.02 a -18238 8201 1807 g -1410 221 3816
0.02 a -17818 7075 -158 g -1200 60 2194
0.02 a -16758 6661 -356 g -870 62 264
0.02 a -16137 8359 -284 g -669 219 -1638
0.02 a -15124 11158 -1354 g -665 -329 -3355
0.02 a -14009 14774 -3025 g -723 -1122 -4979
0.02 a -13615 19268 -4932 g -730 -1592 -6594
0.02 a -14665 24658 -6147 g -442 -2037 -8227
0.02 a -16379 31780 -8096 g -29 -3243 -9972
0.02 a -15682 32732 -12180 g -49 -5163 -12123
0.02 a -11485 32732 -15391 g -506 -6172 -14319
0.02 a -3502 32732 -14415 g -345 -5643 -15529
0.02 a 5248 32732 -10302 g 684 -4155 -14915
0.02 a 13647 32732 -4943 g 1759 -2600 -12757
0.02 a 25877 32732 4788 g 2617 -436 -10893
0.02 a 22366 19605 9235 g 2121 2339 -7643
0.02 a 14888 11267 3530 g -277 2371 -3432
0.02 a 11424 4768 -1814 g -285 -1522 -2149
0.02 a 9836 2978 -1511 g 141 -2483 -1868
0.02 a 10932 3447 1151 g 683 -1418 -1854
0.02 a 11238 4416 3129 g 871 -370 -1521
0.02 a 8349 4100 4207 g 796 229 -428
0.02 a 4509 3374 4281 g 715 205 768
0.02 a 1992 2812 3725 g 583 -60 1242
0.02 a 128 2218 3995 g 536 -32 1275
0.02 a -1163 1901 4287 g 515 110 1201
0.02 a -1550 1753 4592 g 416 133 1067
0.02 a -1572 1819 4199 g 287 119 949
0.02 a -1639 1921 3675 g 126 205 935
0.02 a -1587 2247 3252 g 104 229 889
0.02 a -1593 2573 3248 g 167 276 860
0.02 a -1796 2618 3440 g 246 491 931
0.02 a -1784 2680 3331 g 250 543 1000
0.02 a -1544 2755 3089 g 233 508 1008
