0.02 a -1300 934 770 g -4 -4 605
0.02 a -2436 977 840 g 149 -226 844
0.02 a -4339 1331 743 g 342 -754 785
0.02 a -5743 1600 1052 g 613 -780 287
0.02 a -7245 2167 2966 g 879 241 -303
0.02 a -9333 2817 4431 g 985 1196 -613
0.02 a -11979 3632 5364 g 955 1271 -856
0.02 a -14565 4264 6296 g 923 1199 -1299
0.02 a -15631 5745 6524 g 822 919 -2293
0.02 a -15503 7340 6664 g 677 722 -3627
0.02 a -14916 9212 6564 g 557 578 -4862
0.02 a -14020 11397 6415 g 392 521 -6220
0.02 a -12038 14269 6875 g 266 1145 -7753
0.02 a -8869 17113 7614 g 242 1880 -9129
0.02 a -3641 21534 8534 g 295 1427 -10006
0.02 a 3231 24651 6962 g 560 -1347 -10418
0.02 a 11357 26745 2459 g -260 -3295 -10377
0.02 a 25862 24046 -1367 g -1850 -1903 -10298
0.02 a 29251 14779 -614 g -1785 507 -8104
0.02 a 24851 8606 -4214 g -1417 1225 -3625
0.02 a 19570 4833 -6062 g -1057 719 -621
0.02 a 15927 4125 -4923 g -290 1006 905
0.02 a 13824 5531 -3780 g 453 969 1594
0.02 a 13682 8377 -4561 g 645 910 2030
0.02 a 14589 11237 -5141 g 836 658 2572
0.02 a 15214 14728 -4569 g 1631 379 3680
0.02 a 15350 19428 -3592 g 2731 156 5172
0.02 a 13284 24622 -1339 g 3898 198 6811
0.02 a 8548 31452 2010 g 5290 1 8720
0.02 a 3711 32732 6433 g 6585 60 10463
0.02 a -2774 32732 11805 g 6964 1411 11796
0.02 a -17342 32732 15289 g 6540 2300 13399
0.02 a -26775 32732 17946 g 5835 2456 13975
0.02 a -23120 24264 15891 g 3698 3023 11081
0.02 a -17926 17714 10220 g 831 2404 7434
0.02 a -18387 13921 3183 g -870 1558 5938
0.02 a -21306 8236 -320 g -1402 1763 5466
0.02 a -19742 5123 -2791 g -1155 1642 3971
0.02 a -17248 3512 -2618 g -517 856 1435
0.02 a -14842 4803 -2328 g 131 -73 -916
0.02 a -12672 8203 -2030 g 455 -939 -2891
0.02 a -10883 11307 -2214 g 516 -1367 -4365
0.02 a -9989 14051 -3307 g 479 -1698 -5442
0.02 a -10815 16913 -5371 g 535 -2518 -6298
0.02 a -12089 19931 -7427 g 816 -3587 -7294
0.02 a -13942 24466 -9835 g 1013 -4327 -8651
0.02 a -13670 31397 -11626 g 1222 -4754 -10428
0.02 a -10016 32732 -12747 g 1422 -5024 -12334
0.02 a -3230 32732 -11679 g 1798 -4971 -13446
0.02 a 5093 32732 -9269 g 2416 -4902 -13164
0.02 a 17297 32732 -3919 g 2797 -2772 -11744
0.02 a 26944 25473 9049 g 3278 1163 -9851
0.02 a 15533 14322 9337 g 2466 3524 -5194
0.02 a 7695 8923 5403 g 498 1656 -1649
0.02 a 10126 5072 972 g 571 -1695 -2066
0.02 a 11050 4517 97 g 308 -2225 -2287
0.02 a 10305 4234 2571 g 722 -1238 -1496
0.02 a 6879 4132 4770 g 1093 -669 -265
0.02 a 2982 3560 5556 g 955 -380 898
0.02 a 499 2777 5375 g 662 -558 1304
0.02 a -801 2125 4015 g 341 -1029 1218
0.02 a -1362 1724 3280 g 170 -1332 1001
0.02 a -1505 1557 3280 g 204 -1241 809
0.02 a -1356 1943 3445 g 135 -575 720
