0.02 a -3285 446 1785 g -1 -330 788
0.02 a -3607 697 1871 g 78 -617 565
0.02 a -4235 1070 2058 g 153 -104 238
0.02 a -6582 1752 3457 g 254 779 84
0.02 a -9662 2269 5678 g 631 1153 -80
0.02 a -12189 2916 6982 g 785 648 -492
0.02 a -13534 3696 7558 g 566 159 -1267
0.02 a -13608 4893 6942 g 60 287 -2222
0.02 a -13570 6126 5809 g -435 834 -3090
0.02 a -13893 7279 5168 g -488 1535 -3752
0.02 a -13898 8890 4189 g -275 1583 -4480
0.02 a -13035 11231 3913 g 136 967 -5545
0.02 a -11466 14206 4500 g 571 314 -6892
0.02 a -8926 17550 5633 g 685 109 -8256
0.02 a -3901 21794 6546 g 379 413 -9374
0.02 a 3928 24695 5598 g 64 54 -10050
0.02 a 12679 24959 2518 g -160 -1220 -10061
0.02 a 25696 21027 -1893 g -711 -1714 -9806
0.02 a 27302 13193 1423 g -627 633 -7701
0.02 a 20838 6874 2407 g -186 2035 -3628
0.02 a 15583 2419 1401 g 3 1251 -956
0.02 a 13772 719 -1568 g -274 419 -147
0.02 a 12745 535 -3082 g -295 326 74
0.02 a 12374 2335 -4397 g -113 729 531
0.02 a 14717 5263 -4367 g 99 1169 1061
0.02 a 17636 9628 -3997 g 633 399 1866
0.02 a 18775 14107 -4440 g 1283 -558 3297
0.02 a 17542 18428 -4420 g 1480 124 5165
0.02 a 14078 22651 -3413 g 1881 822 7103
0.02 a 8799 26932 -1664 g 3127 443 8992
0.02 a 4526 32618 1766 g 4608 235 10452
0.02 a 1507 32732 6503 g 5505 1118 11244
0.02 a -6826 32732 13787 g 5591 2170 12142
0.02 a -18192 32732 18455 g 5142 2391 13043
0.02 a -21978 29998 16014 g 3340 2380 12159
0.02 a -20479 21348 12983 g 977 2245 9354
0.02 a -19421 15370 6958 g -922 1642 6966
0.02 a -18413 11098 2238 g -1792 395 5127
0.02 a -16857 8456 -809 g -1801 43 3469
0.02 a -15703 7191 -2513 g -1504 374 1971
0.02 a -14677 6307 -2902 g -935 583 532
0.02 a -14615 6618 -2765 g -285 352 -866
0.02 a -14538 8621 -3617 g 113 -286 -2378
0.02 a -14069 11171 -4625 g 456 -982 -4152
0.02 a -14220 14768 -6113 g 807 -1349 -5976
0.02 a -13960 19395 -7127 g 1295 -1276 -7769
0.02 a -13711 23774 -9961 g 1969 -1834 -9477
0.02 a -15455 30379 -14701 g 2586 -3858 -10834
0.02 a -12609 32732 -15012 g 3230 -5130 -12554
0.02 a -1585 32732 -9707 g 4201 -4797 -14337
0.02 a 11041 32732 -3121 g 5183 -4548 -13715
0.02 a 19427 32732 1047 g 5254 -4126 -10826
0.02 a 15823 21798 12764 g 3934 109 -7330
0.02 a 9846 14677 12944 g 1857 3548 -4124
0.02 a 14339 10326 7892 g -374 955 -3832
0.02 a 12361 5944 -107 g -1162 -2060 -3066
0.02 a 9917 3143 -1298 g -1115 -2297 -1593
0.02 a 7989 2755 704 g -294 -461 -673
0.02 a 6157 2484 2831 g 271 302 -84
0.02 a 4025 2306 4420 g 650 95 369
0.02 a 2661 2426 4388 g 578 -514 626
0.02 a 1779 2505 3210 g 283 -989 759
0.02 a 950 2046 2572 g 99 -909 886
