0.02 a -1173 289 433 g -398 434 230
0.02 a -1597 146 589 g -213 478 279
0.02 a -2229 179 648 g 27 104 122
0.02 a -3143 938 427 g 211 -223 -72
0.02 a -5570 1648 1396 g 532 7 -96
0.02 a -9014 2343 3586 g 904 735 -92
0.02 a -12571 3113 5314 g 1081 1200 -232
0.02 a -15111 4001 6764 g 994 1208 -835
0.02 a -15876 5115 6354 g 628 1023 -1883
0.02 a -16397 6280 4706 g 152 1182 -2912
0.02 a -16624 6928 2790 g 68 1619 -4011
0.02 a -16232 8852 1169 g 411 1898 -5348
0.02 a -14693 12220 1460 g 1132 1877 -7142
0.02 a -11670 16557 4132 g 2042 1795 -8847
0.02 a -6003 21932 8522 g 2637 860 -10118
0.02 a 2907 27004 9962 g 2562 -1170 -10849
0.02 a 16105 30576 6036 g 1083 -3007 -11154
0.02 a 30872 24315 3130 g -943 -2265 -10609
0.02 a 31096 14528 2285 g -1656 145 -7360
0.02 a 23307 6660 -2981 g -1701 199 -2490
0.02 a 16760 2696 -4891 g -1497 222 516
0.02 a 13769 2224 -4043 g -824 971 1379
0.02 a 12061 3518 -3726 g -211 979 1611
0.02 a 11679 6099 -5158 g 70 811 1932
0.02 a 12129 9105 -5634 g 369 565 2430
0.02 a 12931 12775 -5071 g 1256 -42 3249
0.02 a 13654 16907 -4150 g 2723 -1040 4280
0.02 a 13485 21826 -2301 g 4114 -649 5393
0.02 a 11525 28780 889 g 5220 101 6922
0.02 a 7130 32732 5659 g 6793 -311 8996
0.02 a 1200 32732 11859 g 8104 61 11153
0.02 a -10384 32732 15760 g 7749 1638 13100
0.02 a -28350 32732 19104 g 6563 2312 14859
0.02 a -28293 26904 19604 g 5321 1839 13162
0.02 a -18687 21110 14201 g 2849 1698 8012
0.02 a -22166 15617 8154 g -184 3912 6140
0.02 a -23542 8960 2139 g -1723 4854 6540
0.02 a -17931 4525 -244 g -1365 1444 3852
0.02 a -15816 3760 -1771 g -923 44 1369
0.02 a -12841 4789 -2136 g -634 -133 -649
0.02 a -10249 7612 -2439 g -405 -169 -2502
0.02 a -9503 10094 -2873 g -133 -781 -3657
0.02 a -10126 12282 -3777 g 158 -1729 -4447
0.02 a -11731 14552 -5411 g 338 -2235 -5292
0.02 a -14182 17825 -7473 g 540 -2648 -6516
0.02 a -15809 23435 -9871 g 893 -3508 -8373
0.02 a -15724 30903 -12284 g 1247 -4623 -10643
0.02 a -12420 32732 -13680 g 1543 -5364 -12810
0.02 a -4948 32732 -12912 g 1894 -5623 -14320
0.02 a 3872 32732 -9544 g 2431 -5324 -14142
0.02 a 12135 32732 -6544 g 2943 -4161 -12295
0.02 a 25256 32375 3985 g 3205 -1178 -10396
0.02 a 23629 19504 10590 g 3108 2422 -7581
0.02 a 13486 11536 7503 g 797 3387 -3031
0.02 a 9155 4819 3712 g 261 367 -1237
0.02 a 8381 2774 463 g 189 -1869 -1315
0.02 a 7856 2459 1054 g 315 -1684 -1189
0.02 a 6835 3001 2763 g 689 -1153 -787
0.02 a 4778 3224 4179 g 852 -741 -96
0.02 a 2539 3227 4599 g 768 -537 575
0.02 a 758 2895 4580 g 634 -350 986
0.02 a -565 2324 4351 g 481 -147 1123
