0.02 a -3771 391 3882 g 33 701 1859
0.02 a -2871 103 3811 g 353 48 1361
0.02 a -2837 352 3699 g 205 476 1385
0.02 a -4450 1115 4332 g 129 1214 1690
0.02 a -6453 1499 5320 g 361 954 1488
0.02 a -7877 2459 6809 g 495 646 691
0.02 a -9858 2952 8209 g 327 790 22
0.02 a -11790 3276 7946 g -120 523 -484
0.02 a -13137 4248 7193 g -611 225 -1086
0.02 a -14355 5670 5907 g -938 458 -1827
0.02 a -15130 7791 4197 g -1135 528 -2770
0.02 a -14588 9854 2703 g -1204 423 -3889
0.02 a -14238 12040 3113 g -985 638 -5023
0.02 a -14218 14506 3765 g -464 1025 -6110
0.02 a -13699 16494 4779 g 38 1224 -7419
0.02 a -12081 19526 6077 g 213 1043 -8806
0.02 a -8331 23975 6912 g 66 192 -10216
0.02 a -1737 30036 5564 g -514 -1175 -11257
0.02 a 10967 32732 1774 g -1721 -1087 -12317
0.02 a 27808 32732 -1074 g -2516 -3 -12520
0.02 a 32732 23063 -3206 g -1573 -866 -9703
0.02 a 26039 14115 -8388 g -1042 -1307 -3473
0.02 a 20271 8635 -9779 g -833 -1130 236
0.02 a 19851 8641 -8345 g -97 -155 824
0.02 a 20164 11723 -8139 g 184 463 1332
0.02 a 21816 16638 -9680 g 626 451 2518
0.02 a 20717 23909 -8065 g 1885 131 4715
0.02 a 13867 31014 -2793 g 4200 -327 7714
0.02 a 7884 32732 6550 g 7336 -1422 10010
0.02 a 3797 32732 15239 g 8997 -691 10889
0.02 a -6354 32732 22117 g 8473 242 11952
0.02 a -15989 32732 26246 g 7763 -110 12658
0.02 a -19681 31770 25780 g 5602 153 11097
0.02 a -22846 22676 20350 g 3264 237 8985
0.02 a -25598 15040 10943 g 877 788 7331
0.02 a -32160 6855 6860 g -503 2720 6133
0.02 a -29108 3053 2441 g -551 1856 3767
0.02 a -24520 4538 1163 g -198 -84 170
0.02 a -19982 9902 143 g 61 -1176 -2844
0.02 a -14782 16819 -45 g -117 -1552 -5539
0.02 a -13100 21983 -415 g -443 -1342 -7280
0.02 a -15403 26434 -2278 g -558 -2408 -8195
0.02 a -16931 31900 -7159 g -798 -4455 -9598
0.02 a -16563 32732 -12798 g -1470 -5144 -11538
0.02 a -11900 32732 -14380 g -1381 -4249 -13529
0.02 a -2642 32732 -9761 g -41 -3136 -14838
0.02 a 3849 32732 -4339 g 1536 -3064 -14052
0.02 a 13164 32732 169 g 1765 -1778 -12217
0.02 a 32317 32732 3076 g 887 183 -11520
0.02 a 32732 19577 1861 g 473 520 -8409
0.02 a 18460 6198 -3765 g -40 -45 -1947
0.02 a 4932 110 -1195 g 286 87 1476
0.02 a 1581 567 3790 g 1777 -820 952
0.02 a 4695 4517 6093 g 1636 -995 -776
0.02 a 6108 5364 6802 g 1038 -592 -1219
0.02 a 3544 3993 5570 g 646 -658 -70
0.02 a 256 2582 3895 g 385 -527 1081
0.02 a -1043 2025 3756 g 442 -98 1349
0.02 a -1603 2026 4527 g 760 139 1181
0.02 a -1660 2494 4719 g 857 -31 979
