0.02 a -2699 619 154 g -25 140 650
0.02 a -3904 972 965 g 236 95 622
0.02 a -5761 1367 1615 g 540 244 446
0.02 a -7474 1917 2792 g 747 401 6
0.02 a -10188 3014 4542 g 902 668 -393
0.02 a -13406 4058 5838 g 993 630 -734
0.02 a -15317 5333 7099 g 986 353 -1490
0.02 a -14945 6577 6983 g 679 244 -2796
0.02 a -14520 7303 5911 g -30 796 -4088
0.02 a -13074 7930 4493 g -597 1798 -5462
0.02 a -10908 9186 3831 g -653 2509 -7065
0.02 a -7132 12014 3857 g -79 2151 -8565
0.02 a -2492 15650 3731 g 562 560 -9562
0.02 a 1339 20509 3521 g 612 -775 -9790
0.02 a 6386 25485 1871 g 163 -1448 -9909
0.02 a 16775 27260 -2782 g -441 -2937 -10249
0.02 a 28703 23397 -6478 g -994 -2322 -9711
0.02 a 32732 17584 -7063 g -984 943 -6763
0.02 a 30755 14534 -6988 g -132 3132 -2017
0.02 a 22042 15199 -8836 g 662 3606 2930
0.02 a 13697 18179 -6975 g 1821 3354 6622
0.02 a 8776 21399 -2116 g 3634 2354 8787
0.02 a 6186 26333 6077 g 5488 1097 9912
0.02 a 1419 32722 18452 g 6890 134 11152
0.02 a -8120 32732 25728 g 6718 -276 12667
0.02 a -19239 28648 25766 g 4396 703 13410
0.02 a -21585 19701 18183 g 1055 1952 12184
0.02 a -21065 13525 10075 g -1438 1736 9338
0.02 a -20854 9374 3263 g -2467 1392 7115
0.02 a -21070 7452 -1948 g -2525 907 5272
0.02 a -19777 5164 -4260 g -1868 671 3607
0.02 a -17587 5040 -3728 g -492 -161 1421
0.02 a -15000 6872 -3362 g 580 -861 -1014
0.02 a -12478 10229 -3701 g 1148 -1586 -3336
0.02 a -10622 14005 -4369 g 1531 -2097 -5208
0.02 a -9723 17524 -6010 g 1941 -2614 -6847
0.02 a -10145 21511 -7045 g 2388 -2513 -8407
0.02 a -11078 25690 -8038 g 3080 -2154 -9883
0.02 a -11558 31595 -10455 g 3872 -2696 -11362
0.02 a -8007 32732 -8785 g 4767 -3335 -12978
0.02 a 900 32732 -1796 g 5626 -3138 -14241
0.02 a 9787 32732 5065 g 5973 -2198 -13579
0.02 a 22435 32732 11576 g 5419 -796 -11059
0.02 a 30079 22540 17977 g 4669 167 -8332
0.02 a 18953 11567 11675 g 1664 1005 -3132
0.02 a 7879 3113 2601 g -762 -286 666
0.02 a 4237 92 1152 g -778 -1124 1118
0.02 a 3711 782 2424 g -238 -1101 339
0.02 a 4112 2195 3162 g -76 -1248 -105
0.02 a 3043 2803 3819 g -2 -1260 129
0.02 a 1684 2886 3736 g -48 -1083 735
0.02 a 503 2400 2919 g -163 -865 1156
0.02 a -808 2283 2468 g -188 -537 1417
