0.02 a -1380 1490 -1087 g -1520 898 895
0.02 a -940 1524 56 g -1321 1464 835
0.02 a -1458 1242 425 g -933 850 960
0.02 a -2524 844 49 g -555 -178 1041
0.02 a -3141 467 -22 g -287 -467 874
0.02 a -3214 551 380 g -141 154 567
0.02 a -3911 863 453 g 19 451 365
0.02 a -5984 1522 1060 g 392 227 356
0.02 a -9460 2147 2236 g 837 25 332
0.02 a -12716 3042 3712 g 1180 140 -30
0.02 a -15618 4044 5408 g 1209 724 -855
0.02 a -17103 5658 5059 g 881 1068 -2017
0.02 a -16771 7376 3890 g 499 925 -3478
0.02 a -15846 9099 2734 g 432 879 -4867
0.02 a -14759 11101 2568 g 689 828 -6266
0.02 a -12282 13447 2835 g 927 995 -7905
0.02 a -9074 15753 4565 g 1057 1412 -9305
0.02 a -3866 20901 6997 g 1311 972 -10222
0.02 a 4748 29946 6161 g 1282 -704 -10838
0.02 a 22447 32732 -832 g 433 -3475 -11433
0.02 a 32732 26542 -6584 g -351 -4623 -10273
0.02 a 32732 16664 -11878 g -1342 -1466 -5480
0.02 a 27793 12282 -12499 g -1064 1555 -431
0.02 a 17418 11262 -12361 g 636 2231 3304
0.02 a 14601 13285 -8745 g 2479 2241 5009
0.02 a 13117 18120 -3373 g 4160 2473 5824
0.02 a 9888 24574 3525 g 5534 1833 7522
0.02 a 3198 32085 12215 g 6355 1628 9643
0.02 a -8577 32732 17640 g 5877 1693 11927
0.02 a -21274 27328 19989 g 4839 1268 13035
0.02 a -23190 18245 17428 g 3214 1537 11358
0.02 a -20627 12995 13326 g 1246 1348 8071
0.02 a -19563 9252 8342 g -129 1022 5851
0.02 a -19144 7651 3889 g -800 -14 4244
0.02 a -18991 6696 1647 g -747 -805 2650
0.02 a -18349 7141 -418 g -503 -1355 732
0.02 a -16956 8417 -2173 g -298 -1900 -1498
0.02 a -15716 10625 -4113 g -115 -2309 -3753
0.02 a -16172 14194 -6688 g 16 -2454 -5859
0.02 a -16223 19184 -8421 g 507 -2619 -8029
0.02 a -16156 25892 -9993 g 1281 -2917 -10303
0.02 a -14740 32732 -11422 g 1943 -3420 -12427
0.02 a -9133 32732 -10958 g 2616 -3895 -14365
0.02 a -2050 32732 -6932 g 3406 -4571 -15041
0.02 a 6299 32732 -2443 g 4177 -5161 -14002
0.02 a 26336 32732 4986 g 3929 -4170 -12773
0.02 a 32565 23269 9783 g 3119 -1275 -10108
0.02 a 18062 13785 3929 g -355 2000 -3130
0.02 a 6937 5682 -895 g -2006 2413 789
0.02 a 3156 2182 -2273 g -1348 1140 1008
0.02 a 2457 968 277 g 180 -706 149
0.02 a 3413 1856 1746 g 1025 -1732 -453
0.02 a 4460 2897 2625 g 1249 -2231 -627
0.02 a 4077 3477 3178 g 1109 -1524 -154
0.02 a 2886 3598 3579 g 884 -579 557
0.02 a 1256 3506 3608 g 755 91 1154
0.02 a -253 3034 3965 g 733 455 1499
