0.02 a -525 1704 967 g -1280 920 849
0.02 a -383 1742 817 g -1258 829 891
0.02 a -604 1629 499 g -965 86 1015
0.02 a -1276 1357 432 g -531 -536 1199
0.02 a -2920 1447 659 g -142 -698 1399
0.02 a -5656 1992 1115 g 152 -551 1478
0.02 a -8125 2327 2181 g 494 -325 1147
0.02 a -9647 2904 3106 g 673 106 388
0.02 a -11097 3402 4185 g 622 609 -448
0.02 a -13133 3939 5020 g 484 1100 -963
0.02 a -14957 4710 5522 g 381 1071 -1403
0.02 a -15297 6117 5195 g 334 172 -2412
0.02 a -14214 7373 4876 g 205 -622 -3951
0.02 a -12539 8556 4149 g -192 -187 -5562
0.02 a -10511 10177 3981 g -665 1335 -7064
0.02 a -7214 12333 4724 g -565 2322 -8542
0.02 a -2615 15110 5316 g 76 1363 -9430
0.02 a 941 18559 4869 g 476 -1241 -9479
0.02 a 5293 23267 3881 g 18 -2174 -9362
0.02 a 15850 25364 -1485 g -1176 -2609 -9721
0.02 a 27755 21332 -6585 g -1824 -2644 -9381
0.02 a 32732 14929 -8839 g -1501 -1222 -6711
0.02 a 29558 11295 -8262 g -882 1356 -2306
0.02 a 20623 12137 -9568 g 5 2362 2126
0.02 a 13401 14146 -9087 g 1327 1952 5275
0.02 a 10241 16151 -7039 g 2987 1664 6792
0.02 a 8399 20941 -2105 g 4452 1775 7696
0.02 a 6496 27793 7192 g 5796 1649 8855
0.02 a 2309 32732 17552 g 6556 1204 10696
0.02 a -7444 32732 20245 g 5650 397 12555
0.02 a -20444 27622 20474 g 3727 640 13435
0.02 a -23751 18175 17165 g 2132 656 12007
0.02 a -20569 13116 12603 g 392 423 8438
0.02 a -19260 9727 7580 g -969 759 5799
0.02 a -19766 8013 2281 g -1644 352 4293
0.02 a -19813 6163 -144 g -1563 244 3067
0.02 a -17634 5715 -1102 g -810 -401 1010
0.02 a -15052 7689 -1699 g -146 -1092 -1473
0.02 a -12292 10721 -3001 g 141 -1640 -3720
0.02 a -10244 13862 -4783 g 331 -2175 -5548
0.02 a -11266 16862 -6882 g 533 -2380 -6839
0.02 a -13276 21379 -8919 g 1079 -2656 -8227
0.02 a -13507 27546 -9989 g 1809 -3068 -10315
0.02 a -11046 32732 -9393 g 2478 -2840 -12612
0.02 a -4816 32732 -4908 g 3233 -1934 -14206
0.02 a 3368 32732 1792 g 4250 -1616 -14244
0.02 a 10709 32732 4257 g 4737 -2650 -12313
0.02 a 26040 32731 8682 g 4386 -3262 -10580
0.02 a 30533 20227 12544 g 2958 -252 -8567
0.02 a 19868 10915 6988 g -89 2887 -3259
0.02 a 8108 3467 465 g -1279 1461 629
0.02 a 3053 818 -261 g -818 234 1462
0.02 a 2521 819 2407 g 381 -218 641
0.02 a 2408 2161 3831 g 917 -844 50
0.02 a 1985 2990 4797 g 1062 -1461 64
0.02 a 1466 3231 4747 g 851 -1429 380
0.02 a 986 3362 3985 g 460 -1053 722
