0.02 a -2013 1491 -395 g -309 -328 802
0.02 a -2704 1929 -324 g 11 -618 730
0.02 a -4591 2349 357 g 349 -312 836
0.02 a -8078 3012 1663 g 732 142 887
0.02 a -11818 3769 3367 g 1078 528 484
0.02 a -14994 4853 5239 g 1181 876 -365
0.02 a -16389 6160 6518 g 971 1116 -1553
0.02 a -16334 7828 6156 g 529 691 -2878
0.02 a -15558 9275 4568 g 90 -220 -4221
0.02 a -14197 11068 3737 g -213 -437 -5821
0.02 a -12237 12662 4106 g -436 717 -7668
0.02 a -10338 14916 5234 g -440 2280 -9376
0.02 a -5837 19063 6151 g -55 2699 -10757
0.02 a -918 24348 6710 g 614 1034 -11415
0.02 a 3807 30442 6513 g 893 -583 -11203
0.02 a 15466 32732 1394 g 196 -2482 -11121
0.02 a 29860 28412 -2903 g -656 -3231 -10809
0.02 a 32732 19892 -5772 g -1383 -662 -7716
0.02 a 32219 15021 -8433 g -1666 1861 -2893
0.02 a 24331 15498 -9357 g -564 2490 1896
0.02 a 15794 17325 -7789 g 917 2321 5846
0.02 a 10005 19439 -4326 g 2537 1989 8123
0.02 a 6858 23280 823 g 4388 930 9209
0.02 a 3155 31313 9393 g 6010 648 10179
0.02 a -5471 32732 18463 g 6453 1239 11937
0.02 a -19058 32732 19641 g 5288 815 13574
0.02 a -26576 23463 17165 g 3319 1247 13300
0.02 a -23364 15230 13930 g 1123 2466 9849
0.02 a -22098 9758 8174 g -544 1916 6830
0.02 a -21161 7037 2613 g -1175 291 5105
0.02 a -21553 5324 -419 g -1107 103 3627
0.02 a -21175 5120 -2165 g -657 -49 1957
0.02 a -19348 6890 -2500 g 109 -859 -568
0.02 a -15953 10276 -3461 g 619 -1707 -3376
0.02 a -13154 14196 -5099 g 822 -2047 -5760
0.02 a -12435 18010 -6532 g 1146 -2047 -7475
0.02 a -13355 22851 -8408 g 1801 -2326 -8868
0.02 a -13869 29340 -9810 g 2566 -2877 -10436
0.02 a -10165 32732 -10763 g 3272 -3175 -12598
0.02 a -3481 32732 -7303 g 4068 -2840 -14098
0.02 a 3488 32732 -2417 g 5087 -2762 -13720
0.02 a 12912 32732 662 g 5262 -2922 -12075
0.02 a 29010 32048 11688 g 5007 -1008 -10641
0.02 a 23738 17976 17043 g 3839 2399 -6838
0.02 a 10016 10367 9922 g 361 3133 -1137
0.02 a 3955 3431 4637 g -961 934 705
0.02 a 4362 1225 1167 g -725 -1223 -7
0.02 a 5055 1171 1008 g -322 -2147 -486
0.02 a 4402 1671 2128 g 285 -2035 -225
0.02 a 2858 2251 3067 g 610 -1637 475
0.02 a 1517 2706 3955 g 586 -689 1003
0.02 a 28 2902 4208 g 422 6 1384
