0.02 a -2420 2768 -854 g -687 544 1739
0.02 a -4479 2548 -400 g -313 455 1926
0.02 a -6900 2188 1100 g 341 165 1807
0.02 a -8986 2103 2754 g 722 -162 1119
0.02 a -11187 2489 4249 g 543 310 300
0.02 a -13451 3509 5874 g 92 1037 -443
0.02 a -14610 4610 5724 g -330 889 -1094
0.02 a -14670 5162 4488 g -647 -128 -1982
0.02 a -15010 5554 2501 g -977 -634 -3017
0.02 a -13851 6446 1499 g -1201 -168 -4560
0.02 a -10768 8462 866 g -1346 1126 -6488
0.02 a -6763 10453 27 g -1178 1580 -8008
0.02 a -3025 12774 252 g -288 440 -8650
0.02 a 2000 21726 -127 g 237 -1138 -8965
0.02 a 15777 30817 -5906 g -155 -2719 -10087
0.02 a 32622 27244 -10210 g -656 -3427 -10406
0.02 a 32732 17988 -11522 g -344 -686 -7074
0.02 a 32459 14969 -11781 g 266 2175 -1453
0.02 a 21637 14640 -6660 g 2368 2447 3533
0.02 a 15438 16523 -1962 g 4477 1882 6492
0.02 a 10119 20416 3592 g 5542 1549 8041
0.02 a 2482 24557 10190 g 6414 1601 9693
0.02 a -7009 26926 14671 g 6212 2090 10952
0.02 a -16210 23733 16256 g 4657 3108 11270
0.02 a -20324 16956 13972 g 2674 3150 10216
0.02 a -21501 11192 9996 g 937 2245 8097
0.02 a -21621 7460 6137 g -19 1090 5834
0.02 a -20806 6110 2828 g -283 -448 3521
0.02 a -19741 5765 915 g -200 -1336 1311
0.02 a -18530 6645 -486 g -57 -1720 -845
0.02 a -17256 8825 -2048 g 163 -2076 -3032
0.02 a -15961 12478 -3343 g 511 -2463 -5321
0.02 a -15056 17170 -5330 g 832 -2660 -7622
0.02 a -15716 22334 -8487 g 1178 -2772 -9678
0.02 a -15697 28588 -12031 g 1855 -3619 -11671
0.02 a -12467 32732 -13893 g 2495 -4369 -13800
0.02 a -4535 32732 -9231 g 3321 -4158 -15230
0.02 a 5013 32732 -2920 g 4355 -4731 -14879
0.02 a 20494 32732 935 g 4134 -5731 -13117
0.02 a 30407 28286 8020 g 2689 -2583 -10275
0.02 a 19840 16351 5098 g 211 1489 -4523
0.02 a 8330 6359 -73 g -1190 2062 -151
0.02 a 4088 1999 -1115 g -820 1363 736
0.02 a 2187 690 568 g 285 -92 231
0.02 a 1876 1282 2033 g 989 -1261 -360
0.02 a 2462 2758 3226 g 1255 -1890 -875
0.02 a 2475 3661 3854 g 1199 -1724 -925
0.02 a 2139 4034 3557 g 949 -1142 -683
0.02 a 1656 4034 2987 g 743 -526 -356
0.02 a 1082 3899 2607 g 787 -159 -46
