0.02 a 159 1589 -236 g -842 903 1212
0.02 a 603 1781 -330 g -658 430 1289
0.02 a -226 1651 -262 g -258 -327 1631
0.02 a -1110 1278 -75 g 119 -431 1699
0.02 a -1740 938 669 g 416 13 1356
0.02 a -2166 820 1512 g 612 286 1009
0.02 a -2982 761 2177 g 698 201 979
0.02 a -4808 1182 2624 g 802 77 1091
0.02 a -7795 1780 4610 g 1049 327 1034
0.02 a -12104 2591 7489 g 1193 991 779
0.02 a -16093 3667 9307 g 1020 988 228
0.02 a -17539 5347 10110 g 570 405 -831
0.02 a -17432 7394 8958 g -325 4 -2139
0.02 a -17827 9496 6246 g -1376 186 -3179
0.02 a -16365 12055 3842 g -1922 255 -4661
0.02 a -13344 14411 2430 g -1987 711 -6628
0.02 a -10641 15569 2799 g -1644 1497 -8341
0.02 a -7928 17925 5179 g -792 1574 -9438
0.02 a -4210 22716 7972 g 220 -99 -10263
0.02 a 2114 32732 6328 g -204 -1749 -11156
0.02 a 20558 32732 -997 g -2192 -2418 -12867
0.02 a 32732 28969 -6345 g -2943 -2596 -12222
0.02 a 32732 16824 -9484 g -2306 -1643 -7120
0.02 a 32524 12292 -9887 g -1821 205 -2007
0.02 a 25046 12377 -8805 g -546 1154 1568
0.02 a 18068 15759 -10944 g 615 762 4475
0.02 a 13672 20856 -11005 g 1720 869 6365
0.02 a 10126 27717 -4363 g 3976 1183 8024
0.02 a 5624 32732 5914 g 6362 696 9664
0.02 a 196 32732 14081 g 7335 322 11493
0.02 a -9106 32732 18377 g 6488 481 12458
0.02 a -22851 29705 21726 g 4937 720 13218
0.02 a -25962 20386 22468 g 4396 -1706 11876
0.02 a -21597 16458 18125 g 2972 -2705 8029
0.02 a -20911 12504 11213 g 1046 -1151 5594
0.02 a -27926 5323 5616 g -430 1542 5276
0.02 a -27854 1491 1129 g -763 1599 3936
0.02 a -23446 3038 162 g -108 -156 472
0.02 a -20446 7951 -707 g 311 -1055 -2855
0.02 a -16186 14730 -1434 g 333 -1412 -5570
0.02 a -13730 20744 -2657 g 248 -1560 -7633
0.02 a -14534 25119 -5728 g 421 -2351 -8801
0.02 a -15397 30259 -9299 g 647 -3396 -10062
0.02 a -13912 32732 -12217 g 893 -3412 -12037
0.02 a -9099 32732 -11636 g 1677 -2605 -13732
0.02 a -2233 32732 -6948 g 3113 -2225 -14222
0.02 a 3372 32732 -1377 g 4457 -2925 -13147
0.02 a 16025 32732 4855 g 4437 -2461 -11815
0.02 a 32732 32723 13079 g 3565 -289 -11604
0.02 a 30282 18299 9813 g 1289 2241 -6684
0.02 a 13061 6083 -566 g -899 1484 -84
0.02 a 3991 246 41 g -350 416 1975
0.02 a 2360 405 2810 g 936 -548 1064
0.02 a 3223 2511 5004 g 1342 -1347 29
0.02 a 3443 3729 5781 g 1301 -2023 -176
0.02 a 2440 3771 4771 g 873 -2131 336
