0.02 a -2290 2560 -1196 g -1742 688 2050
0.02 a -2169 2440 -897 g -978 271 1546
0.02 a -2249 2545 -597 g -653 352 1208
0.02 a -3388 2932 -478 g -402 542 1211
0.02 a -6061 3251 39 g -54 650 1362
0.02 a -9897 3267 1729 g 382 1171 1231
0.02 a -13051 3471 3522 g 597 1921 588
0.02 a -14566 4324 4890 g 445 2460 -476
0.02 a -15176 5503 5150 g 121 2117 -1746
0.02 a -15029 6645 4056 g -148 1195 -2918
0.02 a -14597 7284 2904 g -259 542 -4167
0.02 a -14510 7787 835 g -379 1007 -5659
0.02 a -13488 9130 428 g -307 2151 -7471
0.02 a -9568 13487 1735 g 545 2017 -9500
0.02 a -3028 21488 2887 g 1463 -566 -10967
0.02 a 4848 29394 2065 g 1503 -3355 -11696
0.02 a 18169 32732 -5097 g -85 -3928 -11442
0.02 a 32726 28580 -10175 g -1043 -3120 -10223
0.02 a 32732 20148 -9689 g -701 -622 -6412
0.02 a 31521 16083 -8730 g -248 2388 -847
0.02 a 20313 15764 -6337 g 916 3017 4166
0.02 a 14547 17237 -2220 g 2411 2659 6972
0.02 a 10595 20318 2067 g 3455 2188 8642
0.02 a 4760 26627 8859 g 4065 1789 10404
0.02 a -6349 30953 16482 g 4483 725 12464
0.02 a -19465 27824 20003 g 4211 -504 13660
0.02 a -22489 18809 18329 g 2855 -33 12349
0.02 a -20576 14129 13248 g 680 1188 9070
0.02 a -21012 9447 6825 g -850 1077 7099
0.02 a -20163 6546 2312 g -1191 109 5380
0.02 a -19111 5199 -137 g -877 -363 3342
0.02 a -17939 5240 -1362 g -334 -802 1265
0.02 a -16585 6707 -2573 g 234 -1443 -944
0.02 a -15008 9174 -3678 g 765 -1891 -3149
0.02 a -14024 12505 -4961 g 1312 -2085 -5212
0.02 a -13881 16688 -5775 g 1918 -1835 -7171
0.02 a -14806 22016 -7119 g 2696 -1514 -8991
0.02 a -15035 28514 -8930 g 3605 -1993 -10965
0.02 a -13103 32732 -11383 g 4411 -2870 -13082
0.02 a -7688 32732 -9848 g 5089 -3414 -14828
0.02 a 540 32732 -3161 g 6076 -3822 -15223
0.02 a 14462 32732 2567 g 6480 -4857 -13989
0.02 a 32731 32732 13090 g 5386 -3188 -12160
0.02 a 29272 21476 12126 g 2732 459 -7118
0.02 a 13576 9718 2556 g -788 1899 -644
0.02 a 4185 1866 -1034 g -1274 1660 1908
0.02 a 1507 -173 693 g 4 310 1329
0.02 a 1350 638 3722 g 940 -685 406
0.02 a 2154 2232 5106 g 1265 -1531 -183
0.02 a 2413 3330 5257 g 1103 -1832 -156
0.02 a 2036 3460 4482 g 708 -1379 255
0.02 a 759 3174 3731 g 399 -710 783
0.02 a -251 2938 3331 g 368 -295 1120
0.02 a -749 2950 3418 g 459 -42 1186
0.02 a -772 2950 3586 g 510 210 1170
0.02 a -679 3036 3418 g 481 296 1207
