0.02 a -1428 1639 -89 g -398 -25 856
0.02 a -2501 1713 -339 g -113 -154 813
0.02 a -4895 2087 612 g 419 -49 762
0.02 a -8220 2185 2683 g 968 352 623
0.02 a -11738 2173 5018 g 1191 1163 267
0.02 a -14733 2510 7170 g 929 1648 -568
0.02 a -15188 3678 7123 g 433 1324 -1819
0.02 a -14202 4905 6021 g -171 521 -3164
0.02 a -13363 5834 4344 g -630 159 -4097
0.02 a -12538 6710 2905 g -968 258 -5153
0.02 a -10253 8464 1570 g -1204 708 -6587
0.02 a -7322 10352 1204 g -1041 617 -7918
0.02 a -4376 13621 470 g -581 -255 -8654
0.02 a 1823 22350 -1885 g -673 -874 -9213
0.02 a 18386 30899 -6729 g -868 -1872 -10593
0.02 a 32706 26346 -7525 g -272 -2552 -10275
0.02 a 32732 18850 -9627 g -45 88 -5702
0.02 a 29520 14242 -9083 g 242 2198 -234
0.02 a 19218 14016 -6832 g 1811 2698 4030
0.02 a 13261 15902 -3166 g 3403 2428 6627
0.02 a 9388 18941 2374 g 4719 1918 7896
0.02 a 3462 22990 10314 g 5922 1382 9451
0.02 a -5823 26122 16480 g 6250 803 11011
0.02 a -14363 23929 20239 g 5301 989 11552
0.02 a -17739 18066 18390 g 2978 2375 10319
0.02 a -21031 12141 12313 g 544 2129 8784
0.02 a -22153 7524 7346 g -613 761 7084
0.02 a -21049 5463 3313 g -936 -31 4755
0.02 a -19397 4837 956 g -788 -697 2375
0.02 a -17292 5571 -172 g -332 -1108 178
0.02 a -15569 7416 -784 g 111 -1288 -1785
0.02 a -14229 9767 -1270 g 503 -1334 -3502
0.02 a -13541 12342 -2137 g 869 -1351 -5189
0.02 a -14476 14803 -3900 g 1266 -1454 -6806
0.02 a -15885 18385 -6736 g 1802 -2120 -8512
0.02 a -15919 25156 -9505 g 2346 -2901 -10626
0.02 a -11886 32731 -10795 g 2969 -3101 -12989
0.02 a -3045 32732 -7079 g 3815 -3254 -14525
0.02 a 7108 32732 -1120 g 4894 -4597 -14138
0.02 a 20325 32732 2909 g 4726 -5551 -12220
0.02 a 30622 26558 7772 g 3091 -3063 -9766
0.02 a 22118 15678 5563 g 401 1400 -4828
0.02 a 9719 6365 1277 g -992 2283 -412
0.02 a 3502 1801 -764 g -935 1585 1056
0.02 a 2435 498 1385 g -70 652 461
0.02 a 2019 1099 2865 g 495 -105 -83
0.02 a 2746 2271 3944 g 742 -980 -323
0.02 a 2785 3058 3889 g 698 -1325 -184
0.02 a 2196 3024 3422 g 522 -1243 236
0.02 a 1388 2734 2699 g 456 -1064 566
0.02 a 950 2625 2509 g 494 -727 691
