0.02 a -2283 -109 1626 g 75 503 444
0.02 a -3460 345 1775 g 242 219 418
0.02 a -5650 738 2270 g 450 276 386
0.02 a -9154 1436 3963 g 682 1181 339
0.02 a -12713 2164 5354 g 853 1889 9
0.02 a -14830 3192 6084 g 854 1556 -918
0.02 a -14758 4659 5499 g 594 792 -2282
0.02 a -13987 6011 3916 g 32 266 -3601
0.02 a -13457 6912 1915 g -402 569 -4685
0.02 a -11629 8442 513 g -479 1067 -6006
0.02 a -8382 9995 -57 g -118 893 -7471
0.02 a -4789 12618 351 g 467 448 -8430
0.02 a -162 17833 1179 g 967 -352 -9073
0.02 a 8084 24059 -94 g 1018 -1705 -9794
0.02 a 20133 26419 -4416 g 407 -2974 -10332
0.02 a 30977 21007 -6930 g -165 -1687 -9170
0.02 a 32732 16415 -7556 g 80 1073 -5672
0.02 a 28707 14921 -7355 g 1049 2436 -745
0.02 a 20843 15540 -5606 g 2353 2744 3678
0.02 a 15697 18816 -2974 g 3629 2704 6416
0.02 a 10214 23312 1497 g 4884 2116 8370
0.02 a 3661 29023 9164 g 6365 1064 10216
0.02 a -6115 32732 16886 g 7017 810 11788
0.02 a -17808 29620 21304 g 6012 1271 12599
0.02 a -22491 20147 18999 g 3747 2630 11800
0.02 a -19947 13631 13825 g 1165 2296 8760
0.02 a -18846 9058 8869 g -509 1653 6271
0.02 a -18517 7105 3799 g -1238 292 4515
0.02 a -17764 5960 1029 g -1234 -467 2770
0.02 a -17063 6230 -900 g -884 -732 929
0.02 a -16110 7468 -2320 g -454 -1123 -983
0.02 a -15245 8778 -3670 g 42 -1516 -2927
0.02 a -14489 11156 -5344 g 477 -1739 -4938
0.02 a -14672 15212 -7209 g 998 -2071 -6934
0.02 a -14806 19654 -7492 g 1846 -2218 -9003
0.02 a -13881 26169 -8242 g 2579 -1932 -11021
0.02 a -10143 32732 -8210 g 3247 -1851 -12865
0.02 a -4628 32732 -4433 g 4233 -1566 -13705
0.02 a 1804 32732 1474 g 5374 -1999 -13014
0.02 a 14034 32732 6627 g 5843 -2529 -11800
0.02 a 30533 28346 15751 g 5149 -540 -10348
0.02 a 23336 16265 14706 g 2605 2304 -5747
0.02 a 8344 8689 6546 g -691 1637 202
0.02 a 2190 2880 1052 g -1403 150 1728
0.02 a 3178 1687 294 g -1011 -521 484
0.02 a 3366 1649 1310 g -305 -679 -122
0.02 a 2412 2025 2330 g 307 -1320 220
0.02 a 1495 2417 3119 g 685 -1666 687
0.02 a 402 2784 3353 g 578 -1129 1042
0.02 a -469 2796 3593 g 376 -262 1270
0.02 a -918 2834 3282 g 270 104 1339
0.02 a -926 2831 3214 g 261 110 1337
