0.02 a -1315 480 887 g -727 335 616
0.02 a -1852 597 923 g -401 45 670
0.02 a -3037 798 1077 g -125 -120 624
0.02 a -4008 1421 1505 g 86 -81 323
0.02 a -5877 1873 3492 g 273 570 133
0.02 a -8598 2426 5482 g 360 1120 75
0.02 a -11557 2687 6487 g 384 575 -190
0.02 a -13300 3093 7602 g 306 12 -980
0.02 a -14086 4154 8033 g -150 387 -2096
0.02 a -13577 5870 7134 g -916 1173 -3375
0.02 a -12505 7271 5408 g -1578 1971 -4690
0.02 a -10045 8495 3037 g -1888 2378 -6064
0.02 a -7263 8717 1243 g -1577 1856 -7191
0.02 a -4567 10143 976 g -881 1399 -7857
0.02 a -1211 14637 1030 g -184 666 -8399
0.02 a 5595 21512 890 g 358 -638 -9342
0.02 a 15554 25641 -2825 g 268 -2398 -10175
0.02 a 26499 22252 -6488 g -319 -2849 -9515
0.02 a 32085 16800 -9599 g -305 -1148 -6688
0.02 a 30055 13741 -8854 g 211 1203 -2359
0.02 a 23250 13853 -8510 g 1333 2457 2094
0.02 a 16116 16834 -6896 g 2590 2470 5541
0.02 a 11158 20702 -2119 g 4173 2030 7695
0.02 a 7830 26933 6304 g 5869 1759 9106
0.02 a 1587 32732 16605 g 6522 1594 10740
0.02 a -11545 32732 19303 g 5542 1408 12569
0.02 a -24115 23773 18815 g 3545 1705 13481
0.02 a -24228 13910 15895 g 1884 1299 11388
0.02 a -22401 9173 11386 g 413 -26 7836
0.02 a -22209 5634 7043 g -479 -772 5473
0.02 a -21021 4496 3273 g -681 -1587 3334
0.02 a -19243 5348 768 g -688 -1722 1190
0.02 a -17947 6963 -507 g -424 -1457 -756
0.02 a -15595 8997 -1297 g 157 -1557 -2729
0.02 a -13759 11551 -3226 g 606 -1803 -4661
0.02 a -13502 14516 -5277 g 897 -1586 -6286
0.02 a -14163 17899 -6923 g 1560 -1231 -7908
0.02 a -15606 23886 -9248 g 2499 -1632 -9706
0.02 a -14453 32554 -10469 g 3436 -2647 -11943
0.02 a -7035 32732 -7286 g 4237 -2813 -14143
0.02 a 2135 32732 1103 g 5175 -2882 -14486
0.02 a 10981 32732 5109 g 5410 -4242 -12920
0.02 a 27601 32732 9963 g 3772 -3058 -11000
0.02 a 27808 19348 7205 g 1449 70 -7685
0.02 a 15971 9006 -1022 g -839 1087 -2146
0.02 a 6317 2847 -2182 g -880 1265 797
0.02 a 2155 747 1376 g 502 899 1013
0.02 a 1710 1355 4030 g 1371 -192 249
0.02 a 2756 2871 5453 g 1447 -1089 -436
0.02 a 3403 3671 5643 g 1168 -1399 -518
0.02 a 3162 3562 4483 g 654 -1137 -54
0.02 a 2195 3139 3548 g 282 -679 584
0.02 a 1327 2995 3055 g 242 -277 1129
0.02 a 516 3059 3037 g 334 -23 1503
0.02 a -66 3180 2957 g 407 250 1671
