0.02 a -2232 2942 404 g -1563 331 1874
0.02 a -2739 2743 46 g -1312 207 1726
0.02 a -3614 2712 100 g -928 -229 1578
0.02 a -4493 2254 378 g -486 -467 1401
0.02 a -5728 2211 835 g -236 -282 1121
0.02 a -7655 2182 1695 g -136 267 835
0.02 a -9729 2237 2036 g -60 512 610
0.02 a -11483 2636 2048 g -10 346 98
0.02 a -13268 3343 3165 g 111 641 -685
0.02 a -14339 4610 4099 g 222 1125 -1566
0.02 a -14051 6555 4092 g 169 980 -2649
0.02 a -13269 8406 4128 g 248 355 -3741
0.02 a -12730 9517 4110 g 371 -138 -4750
0.02 a -11675 10931 3814 g 150 148 -5947
0.02 a -9337 12143 4729 g -64 1306 -7424
0.02 a -5809 14332 6583 g 112 2013 -8722
0.02 a -712 17264 7681 g 674 357 -9439
0.02 a 4210 23504 7212 g 619 -2428 -9729
0.02 a 12656 28022 36 g -1014 -3585 -10065
0.02 a 25395 24844 -6097 g -2550 -3083 -10054
0.02 a 32732 16434 -11312 g -2378 -1986 -8092
0.02 a 31666 11709 -13030 g -1846 -17 -4055
0.02 a 24148 11687 -12465 g -700 2021 167
0.02 a 16016 13828 -12743 g 712 2335 3465
0.02 a 11921 16518 -10699 g 2426 2075 5415
0.02 a 11078 20397 -5062 g 4269 2443 6373
0.02 a 9944 28315 2132 g 5488 2569 7687
0.02 a 5364 32732 12098 g 6373 2059 9850
0.02 a -4972 32732 15819 g 5945 1979 12586
0.02 a -19492 32732 17598 g 4438 1863 14346
0.02 a -28081 24492 16902 g 3039 2205 13890
0.02 a -25059 16771 14251 g 1478 1063 10246
0.02 a -21205 11901 10078 g -126 978 6723
0.02 a -18379 9202 5662 g -1042 434 4507
0.02 a -16700 7406 2206 g -1393 -27 3065
0.02 a -15785 6954 -496 g -1304 -462 1817
0.02 a -15234 7153 -1529 g -856 -833 393
0.02 a -14534 8065 -2579 g -377 -1147 -1424
0.02 a -13073 9845 -4384 g -173 -1420 -3369
0.02 a -11754 12694 -6102 g 135 -1715 -5274
0.02 a -11379 16138 -7928 g 739 -1878 -7007
0.02 a -11681 20994 -9294 g 1605 -2009 -8698
0.02 a -11107 26713 -9941 g 2726 -1864 -10422
0.02 a -8372 32706 -10335 g 3808 -1937 -11996
0.02 a -3814 32732 -7280 g 4921 -1950 -12976
0.02 a 3185 32732 -1133 g 6011 -2169 -12897
0.02 a 10910 32732 3508 g 6580 -2792 -11611
0.02 a 21857 32238 10977 g 6043 -1828 -9732
0.02 a 20216 18325 14418 g 4719 413 -6892
0.02 a 10825 11118 10329 g 1713 1544 -2488
0.02 a 5751 5396 6104 g 292 619 -578
0.02 a 5310 3052 2417 g -342 -123 -605
0.02 a 5241 2171 1655 g -261 -539 -783
0.02 a 4107 1593 1861 g 250 -1160 -434
0.02 a 2372 1653 2444 g 645 -1505 114
0.02 a 937 1990 3146 g 883 -1476 507
0.02 a 232 2311 3933 g 924 -1142 601
0.02 a 88 2600 4068 g 751 -800 517
