0.02 a -2139 1978 -696 g -1107 224 1163
0.02 a -2145 1985 -83 g -825 790 947
0.02 a -2744 1631 726 g -519 932 927
0.02 a -3814 1316 1151 g -149 377 841
0.02 a -5230 1157 1604 g 73 43 616
0.02 a -6706 1492 2598 g 62 501 239
0.02 a -8842 1646 3387 g 27 1027 -79
0.02 a -10852 1661 4230 g 147 943 -407
0.02 a -12532 2122 4828 g 250 754 -1014
0.02 a -14203 2974 5797 g 197 982 -1759
0.02 a -14047 4521 5856 g -29 1374 -2826
0.02 a -12643 6082 5018 g -442 1396 -4294
0.02 a -10863 7456 3272 g -757 1422 -5608
0.02 a -9108 8479 2065 g -678 1326 -6656
0.02 a -6070 10581 1744 g -254 850 -7596
0.02 a -1701 13294 745 g 222 -696 -8409
0.02 a 2259 18375 -1162 g 117 -2000 -8701
0.02 a 10297 24185 -5035 g -390 -2579 -9081
0.02 a 23996 25318 -9601 g -625 -3097 -9135
0.02 a 32732 19422 -12156 g -450 -1932 -7468
0.02 a 32240 15013 -11836 g -29 1449 -3323
0.02 a 23143 14770 -10921 g 1269 3144 1699
0.02 a 15310 16586 -6916 g 3200 3245 5339
0.02 a 11758 20609 -716 g 4755 3103 7012
0.02 a 7628 26160 7925 g 5784 2819 8494
0.02 a -1910 29724 15925 g 6240 2093 10473
0.02 a -14512 27453 19526 g 5400 1922 11952
0.02 a -20366 20033 18715 g 3378 2539 11508
0.02 a -20333 13759 13815 g 1203 2208 9353
0.02 a -20681 9171 9429 g -237 1508 7198
0.02 a -20429 6145 5261 g -766 409 5464
0.02 a -18644 5102 2409 g -937 -108 3513
0.02 a -16871 4997 855 g -765 -332 1599
0.02 a -15495 5685 -546 g -473 -634 -62
0.02 a -14711 6872 -1805 g -163 -895 -1536
0.02 a -14715 8675 -3427 g 221 -1189 -2955
0.02 a -14903 10849 -5958 g 709 -1724 -4748
0.02 a -15268 14654 -9099 g 1326 -1971 -6986
0.02 a -14847 20475 -11669 g 2211 -2020 -9262
0.02 a -12663 28001 -12329 g 3538 -2024 -11337
0.02 a -8735 32732 -10843 g 4854 -2427 -12883
0.02 a -577 32732 -3352 g 6183 -3749 -13672
0.02 a 8234 32732 2680 g 6745 -5534 -13028
0.02 a 24238 32732 8362 g 5154 -4667 -11510
0.02 a 29734 23906 11397 g 2511 -50 -8743
0.02 a 17538 12222 4791 g -95 1724 -3105
0.02 a 6707 4168 -107 g -906 1222 751
0.02 a 3909 1424 784 g -293 764 984
0.02 a 2825 1272 2413 g 542 -27 328
0.02 a 2552 2088 3761 g 927 -777 37
0.02 a 2121 2850 4669 g 1085 -1305 19
0.02 a 1616 3087 4746 g 909 -1216 232
0.02 a 1140 3091 4260 g 515 -649 498
0.02 a 563 2972 3502 g 301 -427 730
0.02 a 228 2814 3287 g 317 -270 859
