0.02 a -1727 3062 -117 g -1009 400 867
0.02 a -2987 3474 -520 g -817 436 892
0.02 a -4853 3711 117 g -10 -237 850
0.02 a -7877 4186 2160 g 736 -363 540
0.02 a -12082 4684 4755 g 899 662 270
0.02 a -16693 5690 6093 g 424 1345 -100
0.02 a -18587 7433 6088 g -103 1057 -1135
0.02 a -18309 9605 4511 g -610 333 -2685
0.02 a -16778 11551 2647 g -967 23 -4307
0.02 a -14307 13223 2423 g -911 520 -5949
0.02 a -12072 14516 3336 g -644 1605 -7541
0.02 a -10401 15840 5793 g -166 2577 -8945
0.02 a -5727 20365 9031 g 672 2086 -10260
0.02 a 59 29064 10407 g 1042 -336 -11247
0.02 a 13059 32732 5089 g -68 -2711 -12338
0.02 a 31214 32658 -1636 g -2048 -3595 -12600
0.02 a 32732 21038 -6213 g -2923 -1962 -9516
0.02 a 32732 12828 -9850 g -3026 -44 -4546
0.02 a 28641 10683 -9200 g -2151 949 -277
0.02 a 19686 11449 -12845 g -906 910 3206
0.02 a 13234 14509 -13640 g 418 208 5369
0.02 a 10920 17436 -8357 g 3095 -118 6342
0.02 a 10001 23654 -1103 g 5443 -121 7006
0.02 a 7329 32646 9320 g 6636 571 8349
0.02 a 1281 32732 16644 g 6734 918 10494
0.02 a -10779 32732 18483 g 5312 635 12795
0.02 a -22890 30132 19416 g 3980 617 13795
0.02 a -25679 19087 18072 g 2921 286 12231
0.02 a -24109 12828 13888 g 1026 175 8539
0.02 a -23601 7974 8417 g -234 -380 5932
0.02 a -21717 5963 4565 g -720 -928 3820
0.02 a -20457 5262 1544 g -800 -572 1969
0.02 a -19033 6036 -278 g -595 -373 321
0.02 a -17500 8009 -763 g -45 -654 -1581
0.02 a -15900 10912 -2236 g 342 -1150 -3609
0.02 a -14848 15088 -4629 g 504 -1431 -5599
0.02 a -14341 20067 -7216 g 839 -1250 -7589
0.02 a -14347 25902 -9661 g 1651 -1450 -9515
0.02 a -13795 32656 -9747 g 2875 -1602 -11481
0.02 a -10472 32732 -7440 g 4072 -1378 -13350
0.02 a -3509 32732 -374 g 5173 -1313 -14330
0.02 a 2801 32732 6556 g 6005 -2002 -13659
0.02 a 14055 32732 11143 g 5320 -2835 -12129
0.02 a 32732 32208 15117 g 3747 -1594 -11472
0.02 a 29543 16636 8645 g 981 229 -7137
0.02 a 15125 6226 -970 g -1124 496 -1088
0.02 a 4901 1072 -780 g -793 932 1385
0.02 a 1751 53 1966 g 611 343 1140
0.02 a 2029 1267 4280 g 1369 -618 223
0.02 a 2802 2806 5225 g 1491 -1480 -278
0.02 a 2833 3141 5599 g 1292 -1631 -149
0.02 a 2114 2627 4471 g 853 -1371 352
