0.02 a -1426 6867 -2719 g -2157 559 4013
0.02 a -2548 5691 -2024 g -1475 524 3951
0.02 a -3601 4466 -1146 g -716 218 3762
0.02 a -4278 3458 -321 g -179 -374 3212
0.02 a -4326 2950 274 g 29 -527 2538
0.02 a -4342 2796 398 g 79 -499 1987
0.02 a -5137 2427 937 g 170 -317 1729
0.02 a -7175 1966 2288 g 272 344 1717
0.02 a -10702 1684 3072 g 192 1149 1893
0.02 a -13493 1247 3361 g 186 1166 1598
0.02 a -14633 1596 3774 g 312 576 493
0.02 a -15827 2734 3946 g 327 526 -733
0.02 a -16558 5017 3964 g 245 712 -1854
0.02 a -16659 7403 3856 g 240 816 -3004
0.02 a -16463 9707 4412 g 408 999 -4160
0.02 a -15035 12215 4832 g 646 1340 -5420
0.02 a -13391 14793 5221 g 829 1760 -6726
0.02 a -10702 17481 6510 g 1181 1967 -7886
0.02 a -7326 20031 8409 g 1669 1246 -8864
0.02 a -3020 23688 10417 g 1827 109 -9476
0.02 a 6979 28125 7830 g 1056 -907 -10364
0.02 a 22482 30616 1645 g -347 -1395 -11089
0.02 a 32732 23551 -999 g -742 -1464 -10313
0.02 a 32732 13566 -4933 g -611 -838 -6049
0.02 a 26309 7934 -8907 g -667 21 -1314
0.02 a 18372 6982 -7621 g 194 688 1519
0.02 a 14776 8742 -7251 g 1174 941 2826
0.02 a 16502 12185 -5417 g 1834 1168 3336
0.02 a 19681 17820 -3516 g 2421 1311 4120
0.02 a 18235 25258 -484 g 3004 1312 6155
0.02 a 10566 32618 3377 g 4032 608 9068
0.02 a 1312 32732 7899 g 4952 906 11563
0.02 a -9970 32732 12046 g 4726 2153 13056
0.02 a -22232 32732 14682 g 3835 2735 13749
0.02 a -26856 30202 14597 g 2183 3341 12653
0.02 a -27026 20364 10720 g 68 3055 9978
0.02 a -25235 13582 5227 g -1325 1171 7285
0.02 a -23718 9696 324 g -1677 -632 4805
0.02 a -22575 7754 -1948 g -1421 -1214 2652
0.02 a -21914 7249 -2606 g -1008 -1012 475
0.02 a -19664 9146 -3009 g -544 -890 -2010
0.02 a -17652 13102 -4172 g -110 -1316 -4638
0.02 a -16010 18235 -5597 g 363 -1875 -7073
0.02 a -16228 24801 -8814 g 816 -2661 -9189
0.02 a -16104 32484 -12082 g 1358 -3667 -11199
0.02 a -14962 32732 -15594 g 1839 -4349 -13281
0.02 a -8831 32732 -16125 g 2436 -4644 -15149
0.02 a 309 32732 -10577 g 3431 -4958 -15457
0.02 a 10561 32732 -6518 g 4210 -6030 -13979
0.02 a 24900 32732 2989 g 3412 -3650 -11741
0.02 a 25443 24753 9111 g 2380 1036 -8486
0.02 a 15002 13966 5345 g 400 2573 -3402
0.02 a 8194 4728 568 g -33 1072 -979
0.02 a 6310 1800 -134 g 243 -331 -818
0.02 a 5902 2112 2116 g 1021 -751 -1150
0.02 a 5774 3098 4276 g 1427 -1056 -1165
0.02 a 4957 3705 5524 g 1495 -1145 -754
0.02 a 3609 3708 5462 g 1205 -967 -203
0.02 a 2160 3215 4671 g 884 -654 321
0.02 a 804 2737 4016 g 741 -442 657
