0.02 a -842 1419 115 g -658 117 1201
0.02 a -870 1265 419 g -560 361 1309
0.02 a -1240 981 704 g -461 484 1544
0.02 a -3131 981 929 g -189 128 1713
0.02 a -5452 1323 686 g 134 -394 1650
0.02 a -7999 2024 1613 g 373 -266 1246
0.02 a -11156 2950 3064 g 599 494 707
0.02 a -14278 3779 4125 g 753 695 134
0.02 a -16867 5017 4673 g 727 451 -625
0.02 a -18536 6920 3995 g 372 368 -1675
0.02 a -18554 9194 2712 g 3 397 -3091
0.02 a -17776 11998 1625 g -98 399 -4720
0.02 a -14966 14594 1622 g 177 787 -6731
0.02 a -12344 16338 2864 g 723 1676 -8588
0.02 a -9813 18724 5499 g 1521 2261 -9976
0.02 a -4732 23910 8933 g 2445 1871 -10908
0.02 a -456 28486 11340 g 2925 -390 -11449
0.02 a 10488 32732 8276 g 1807 -1846 -12027
0.02 a 25933 32732 5502 g 234 -3067 -12397
0.02 a 32713 24770 -506 g -888 -2953 -9582
0.02 a 32732 17234 -4934 g -2115 -1691 -5380
0.02 a 29729 14058 -4483 g -2421 950 -1586
0.02 a 22609 14522 -6408 g -1703 1139 1893
0.02 a 18796 16942 -8479 g -889 680 4644
0.02 a 17273 21514 -5857 g 506 703 6563
0.02 a 12142 28302 823 g 2758 70 9019
0.02 a 6223 32732 10106 g 4970 -1259 11608
0.02 a -3270 32732 19971 g 6162 -1899 13842
0.02 a -14553 32732 21116 g 5398 -1377 15247
0.02 a -26644 32666 17513 g 3741 -1040 15320
0.02 a -28699 22984 14769 g 3077 -1434 13140
0.02 a -27440 14876 12323 g 2273 -564 9257
0.02 a -25665 9901 8611 g 1216 -129 5984
0.02 a -23983 7214 4752 g 343 82 3546
0.02 a -23381 5687 1531 g -65 -21 1751
0.02 a -22355 6240 -1140 g 27 -745 -82
0.02 a -19782 9326 -1602 g 443 -1439 -2510
0.02 a -16933 14559 -3134 g 748 -2020 -5196
0.02 a -15782 19343 -5910 g 863 -2296 -7434
0.02 a -16421 25764 -10329 g 1100 -2944 -9218
0.02 a -15623 32732 -13983 g 1654 -4054 -11167
0.02 a -11771 32732 -15134 g 2420 -4532 -13314
0.02 a -4111 32732 -11959 g 3278 -4088 -14857
0.02 a 3659 32732 -4146 g 4459 -3668 -14451
0.02 a 8908 32732 3171 g 4972 -3465 -12143
0.02 a 23459 32732 9588 g 3912 -2295 -10400
0.02 a 28682 22843 9459 g 1780 -238 -8603
0.02 a 17883 10433 -1800 g -1060 714 -3538
0.02 a 6341 2360 -3097 g -902 -678 -133
0.02 a 2747 1380 2184 g 901 -708 276
0.02 a 4078 3434 4653 g 1336 -1351 -784
0.02 a 5902 4211 4801 g 752 -1171 -1373
0.02 a 5225 2904 3218 g 271 -955 -892
0.02 a 2843 2145 1342 g 53 -773 14
0.02 a 1187 1984 2391 g 359 -358 572
0.02 a 156 2306 4089 g 753 214 726
0.02 a -563 2399 5338 g 834 434 788
0.02 a -463 2511 4998 g 688 174 802
0.02 a -25 2758 3986 g 353 -153 808
