0.02 a -2627 678 1977 g -246 432 467
0.02 a -3600 880 2189 g -54 321 405
0.02 a -5582 1386 2015 g 196 -103 314
0.02 a -8009 2370 2443 g 489 -173 49
0.02 a -10603 3465 3956 g 704 497 -406
0.02 a -13086 4236 5398 g 906 968 -1061
0.02 a -14876 5700 7411 g 983 996 -2041
0.02 a -15153 7014 8415 g 688 1099 -3241
0.02 a -14459 8050 7726 g 95 1085 -4413
0.02 a -13153 9154 6455 g -370 1104 -5608
0.02 a -11253 10614 5688 g -630 1582 -6983
0.02 a -8552 13103 5290 g -695 1911 -8412
0.02 a -4077 16712 5083 g -321 1361 -9588
0.02 a 682 22489 4474 g -44 216 -10200
0.02 a 9010 27225 1377 g -181 -825 -10596
0.02 a 21222 28732 -2869 g -755 -1621 -10623
0.02 a 31696 24420 -6234 g -1109 -1046 -9303
0.02 a 32732 18352 -9666 g -657 0 -5619
0.02 a 27596 15568 -11207 g 26 1360 -541
0.02 a 19639 15802 -11039 g 1361 2395 3721
0.02 a 14402 18905 -7614 g 3153 2452 6293
0.02 a 10725 23729 -2087 g 4955 1922 7886
0.02 a 6958 31198 5762 g 6920 533 9220
0.02 a 842 32732 17493 g 8387 299 10634
0.02 a -11001 32732 24169 g 7769 1143 12363
0.02 a -23239 29639 23749 g 5496 1915 13588
0.02 a -22198 19687 17030 g 2403 2088 11495
0.02 a -20074 13298 11102 g 125 1430 8007
0.02 a -19191 9860 5285 g -889 680 5972
0.02 a -19981 8777 741 g -1165 6 4380
0.02 a -21468 6178 -715 g -874 813 3371
0.02 a -19142 6127 -1786 g -76 -110 1133
0.02 a -16246 8043 -2241 g 386 -994 -1703
0.02 a -12985 11280 -4113 g 668 -1948 -4282
0.02 a -11512 15154 -6655 g 724 -2547 -6291
0.02 a -11757 18923 -6756 g 1175 -2373 -7706
0.02 a -12401 24063 -8393 g 1858 -2735 -9186
0.02 a -11799 30681 -9912 g 2392 -3355 -10998
0.02 a -7048 32732 -8882 g 3127 -3756 -13004
0.02 a 460 32732 -3591 g 3807 -3787 -13890
0.02 a 10073 32732 1729 g 4330 -4079 -13120
0.02 a 25824 32732 6493 g 3964 -3762 -11466
0.02 a 32186 21214 9552 g 2827 -1807 -8994
0.02 a 18531 11953 5864 g -65 1871 -3013
0.02 a 6021 3119 -102 g -1035 1353 948
0.02 a 1983 120 -1246 g -711 186 1245
0.02 a 1930 359 1545 g 261 -491 154
0.02 a 3467 2221 3279 g 748 -1152 -572
0.02 a 3829 3308 4135 g 761 -1328 -492
0.02 a 2918 3392 4000 g 526 -1045 145
0.02 a 1192 2977 3308 g 291 -765 788
0.02 a -311 2641 3069 g 224 -477 1212
0.02 a -1273 2530 3342 g 312 -275 1284
0.02 a -1671 2561 3477 g 364 -130 1153
