0.02 a -1512 1610 954 g -625 320 587
0.02 a -2653 1422 1019 g -306 -6 687
0.02 a -4613 1748 1492 g 35 -298 905
0.02 a -6939 1966 2968 g 375 82 783
0.02 a -9068 2865 4535 g 446 968 229
0.02 a -10935 4002 6278 g 279 1743 -573
0.02 a -12460 4929 7956 g 102 2072 -1264
0.02 a -13341 6062 7764 g -186 1497 -1881
0.02 a -13561 6758 6839 g -500 579 -2688
0.02 a -13139 7113 5632 g -850 334 -3988
0.02 a -11993 7702 4260 g -1386 1060 -5743
0.02 a -9534 9618 4415 g -1696 2675 -7621
0.02 a -4489 13362 3937 g -1319 3082 -9176
0.02 a 176 19079 4381 g -331 885 -9870
0.02 a 6907 23935 2364 g 271 -1685 -10109
0.02 a 17425 27037 -2849 g -890 -2469 -10351
0.02 a 30990 21471 -7966 g -1537 -1727 -9467
0.02 a 32732 15020 -10393 g -1070 -221 -6311
0.02 a 30097 12068 -10118 g -214 1739 -1463
0.02 a 20789 12872 -9070 g 1102 2793 2963
0.02 a 13988 15171 -5494 g 2713 2313 5930
0.02 a 11213 17859 -462 g 4286 1894 7404
0.02 a 8218 21859 5684 g 5351 1413 8677
0.02 a 1480 26125 12186 g 5762 1104 10481
0.02 a -9647 27357 17170 g 5254 681 11853
0.02 a -18705 21256 18571 g 4115 588 12114
0.02 a -20124 15221 14919 g 2274 1031 10223
0.02 a -20345 11199 10865 g 479 1054 7419
0.02 a -20546 7926 6346 g -400 384 5406
0.02 a -19255 6189 2494 g -664 -693 3441
0.02 a -17749 5628 251 g -443 -1215 1460
0.02 a -16101 6209 -1302 g 30 -1600 -522
0.02 a -14352 8053 -2262 g 466 -1832 -2490
0.02 a -12848 10024 -3379 g 905 -1913 -4333
0.02 a -13286 11760 -5311 g 1371 -1910 -5957
0.02 a -15025 14032 -9545 g 1920 -2159 -7504
0.02 a -16945 19243 -13613 g 2881 -2729 -9350
0.02 a -15141 29163 -15049 g 4175 -2938 -11787
0.02 a -7788 32732 -11693 g 5501 -2585 -14051
0.02 a 4134 32732 -1228 g 7082 -2878 -14406
0.02 a 15083 32732 8081 g 8236 -4984 -12094
0.02 a 27095 30144 14592 g 6584 -4769 -9155
0.02 a 22491 18536 11349 g 1675 845 -5359
0.02 a 12484 8970 3829 g -2007 2633 -1269
0.02 a 5600 2722 -1131 g -2032 913 883
0.02 a 3880 442 -1869 g -1173 -775 879
0.02 a 3593 153 -289 g 53 -1356 371
0.02 a 3120 1331 1473 g 645 -1290 300
0.02 a 2662 2922 3120 g 1006 -1209 464
0.02 a 2091 4019 3943 g 1008 -1104 731
0.02 a 1420 4335 4288 g 770 -730 1025
0.02 a 713 4232 4178 g 464 -172 1324
0.02 a 330 4133 3773 g 164 267 1590
0.02 a 286 4208 3588 g 15 561 1771
