636;   -138; 68; -70;   32; -96; 3312;   -57; -569; -299
1660;   -91; 77; -72;   -16; -96; 3632;   -58; -570; -300
1685;   0; 95; -59;   0; -112; 3680;   -58; -570; -300
1709;   36; 38; -25;   -32; -80; 3680;   -58; -570; -300
1734;   15; 6; -11;   -16; -80; 3728;   -58; -570; -300
1758;   15; 6; -12;   -16; -64; 3680;   -58; -570; -300
1783;   15; 8; -9;   16; -16; 3744;   -58; -572; -301
1807;   18; 4; -15;   32; -64; 3696;   -54; -572; -301
1831;   10; 7; -8;   48; -96; 3696;   -54; -572; -301
1856;   14; -2; -9;   64; -112; 3760;   -54; -572; -301
1880;   18; 7; -15;   48; -96; 3760;   -54; -572; -301
1905;   13; 0; -5;   64; -112; 3744;   -54; -572; -301
1929;   18; 0; -10;   16; -112; 3712;   -57; -570; -301
1953;   12; 6; -12;   32; -128; 3712;   -57; -570; -301
1978;   17; 0; -9;   64; -112; 3728;   -57; -570; -301
2002;   15; 9; -14;   48; -96; 3696;   -57; -570; -301
2027;   13; 8; -8;   64; -80; 3744;   -57; -570; -301
2051;   19; 6; -14;   48; -64; 3712;   -52; -571; -301
2075;   15; 6; -15;   64; -96; 3696;   -52; -571; -301
2100;   15; 7; -9;   48; -64; 3712;   -52; -571; -301
2124;   13; 7; -13;   96; -80; 3728;   -52; -571; -301
2149;   17; 5; -13;   64; -64; 3728;   -52; -571; -301
2173;   14; 8; -10;   32; -64; 3728;   -58; -571; -300
2198;   14; 0; -8;   80; -80; 3712;   -58; -571; -300
2222;   18; 4; -8;   96; -112; 3712;   -58; -571; -300
2246;   17; 4; -9;   64; -96; 3728;   -58; -571; -300
2271;   11; 4; -3;   32; -96; 3712;   -58; -571; -300
2295;   15; 10; -13;   32; -96; 3728;   -58; -571; -300
2320;   17; 6; -13;   16; -96; 3760;   -54; -572; -300
2344;   14; 0; -6;   32; -112; 3744;   -54; -572; -300
2368;   17; 6; -10;   16; -80; 3744;   -54; -572; -300
2393;   15; 3; -15;   32; -80; 3744;   -54; -572; -300
2422;   17; 4; -13;   -16; -48; 3712;   -54; -572; -300
2451;   16; 7; -16;   16; -48; 3696;   -58; -571; -302
2480;   12; 5; -6;   48; -48; 3728;   -58; -571; -302
2510;   18; 3; -13;   32; -48; 3712;   -58; -571; -302
2538;   18; 5; -12;   32; -48; 3712;   -58; -571; -302
2566;   18; 6; -11;   32; -128; 3680;   -54; -568; -301
2594;   14; 7; -5;   16; -96; 3728;   -54; -568; -301
2622;   17; 7; -9;   16; -80; 3776;   -54; -568; -301
2650;   17; 7; -12;   32; -64; 3728;   -54; -568; -301
2678;   18; 7; -11;   48; -128; 3680;   -54; -568; -301
2706;   16; 4; -11;   16; -112; 3696;   -56; -570; -302
2736;   19; 11; -11;   48; -64; 3696;   -56; -570; -302
2764;   19; 11; -16;   32; -96; 3664;   -56; -570; -302
2792;   12; 5; -6;   32; -80; 3696;   -56; -570; -302
2820;   15; 3; -8;   64; -64; 3680;   -56; -570; -302
2848;   18; 11; -11;   64; -112; 3712;   -56; -571; -301
2876;   11; 15; -19;   48; 0; 4384;   -56; -571; -301
2904;   -1; -23; -13;   16; -16; 3840;   -56; -571; -301
2932;   4; -1; -6;   48; -48; 3792;   -56; -571; -301
2961;   24; 13; -11;   32; -112; 3712;   -60; -572; -300
2989;   23; 13; -8;   16; -96; 3664;   -60; -572; -300
3017;   8; -7; -1;   0; -64; 3904;   -60; -572; -300
3045;   14; 2; -9;   16; -96; 3808;   -60; -572; -300
3073;   17; -2; -14;   32; -176; 3648;   -60; -572; -300
3101;   15; 11; -13;   48; -160; 3584;   -58; -570; -302
3129;   67; 116; -42;   128; -160; 1248;   -58; -570; -302
3157;   -12; -51; -14;   96; -144; 2432;   -58; -570; -302
3185;   -8; -37; -12;   48; -96; 3056;   -58; -570; -302
3214;   5; 0; -5;   80; -96; 3472;   -57; -569; -297
3242;   9; -1; -8;   80; -96; 3616;   -57; -569; -297
3270;   18; 5; -9;   48; -48; 3664;   -57; -569; -297
3299;   25; 21; 51;   48; -80; 3664;   -57; -569; -297
3327;   9; 13; 205;   -16; -176; 4160;   -57; -569; -297
3355;   20; 10; 95;   32; -144; 3936;   -61; -570; -299
3383;   16; 8; 37;   -48; -96; 3760;   -61; -570; -299
3411;   2; -17; -12;   0; -80; 3760;   -61; -570; -299
3440;   26; 17; -267;   0; -64; 3744;   -61; -570; -299
3468;   14; 3; -192;   48; -80; 3712;   -61; -570; -299
3496;   23; 13; -3;   32; -80; 3696;   -57; -572; -301
3524;   7; -2; -9;   32; -64; 3744;   -57; -572; -301
3553;   20; 13; -8;   16; -80; 3744;   -57; -572; -301
3581;   17; 4; -10;   48; -80; 3712;   -57; -572; -301
3609;   15; 42; 72;   400; 80; 3952;   -59; -570; -298
3637;   -38; -44; 315;   -224; -112; 3840;   -59; -570; -298
3665;   52; 3; -52;   -176; -176; 3872;   -59; -570; -298
3694;   26; 81; -593;   -144; -48; 3600;   -59; -570; -298
3722;   25; 45; -218;   16; 0; 3728;   -59; -570; -298
3750;   -2; 0; -133;   192; -96; 3616;   -55; -571; -298
3778;   101; 145; -498;   -224; -144; 3872;   -55; -571; -298
3806;   130; 221; -950;   -32; -208; 3824;   -55; -571; -298
3835;   0; 123; -927;   288; -256; 3632;   -55; -571; -298
3863;   66; -80; -495;   128; -224; 3648;   -30; -571; -296
3891;   9; 87; -70;   96; -224; 3696;   -30; -571; -296
3920;   34; -52; -78;   32; -112; 3728;   -30; -571; -296
3948;   26; -22; -126;   192; -64; 3760;   -30; -571; -296
3976;   16; -35; -34;   -224; -128; 3696;   -30; -571; -296
4004;   240; -55; 60;   -192; -160; 3680;   -28; -570; -298
4033;   -7; 15; -78;   176; 80; 3568;   -28; -570; -298
4061;   31; -9; -329;   48; -64; 3616;   -28; -570; -298
4089;   -3; -44; -620;   64; 32; 3728;   -28; -570; -298
4117;   10; -52; -312;   0; -176; 3744;   -28; -570; -298
4145;   -23; -35; 196;   16; -48; 3968;   -24; -571; -294
4174;   -112; -103; 354;   0; -176; 3760;   -24; -571; -294
4202;   187; -507; 1935;   -1776; -384; 1760;   -24; -571; -294
4230;   -157; 476; 171;   880; -416; 2992;   -24; -571; -294
4259;   17; 55; -355;   288; -320; 3568;   -43; -570; -293
4287;   11; -6; -498;   720; 112; 3888;   -43; -570; -293
4315;   27; 2; -62;   1344; -384; 3104;   -43; -570; -293
4344;   239; 195; 789;   -864; -144; 4496;   -43; -570; -293
4372;   -761; 276; 360;   336; 416; 4000;   -43; -570; -293
4400;   -75; -151; 240;   320; 256; 4032;   -37; -574; -289
4428;   -253; 101; 115;   -960; -64; 4000;   -37; -574; -289
4457;   887; -153; 129;   -2896; -208; 4704;   -37; -574; -289
4485;   -994; -615; -293;   384; -336; 4560;   -37; -574; -289
4514;   -1081; -794; 13;   1152; 400; 3808;   -72; -580; -265
4542;   -195; -1404; -462;   944; -352; 3600;   -72; -580; -265
4570;   -635; -1244; -522;   912; -448; 4592;   -72; -580; -265
4598;   -496; -1451; -469;   3360; -528; 6032;   -72; -580; -265
4626;   113; -517; -433;   3136; -688; 4768;   -72; -580; -265
4655;   218; 502; -253;   2240; -656; 4640;   -142; -579; -251
4683;   1028; -871; -408;   1936; -64; 4560;   -142; -579; -251
4711;   740; -2266; -452;   -560; -464; 4912;   -142; -579; -251
4740;   -518; -727; -233;   848; -672; 3248;   -142; -579; -251
4768;   -216; -516; 51;   1776; -352; 4080;   -142; -579; -251
4796;   269; -1841; -236;   2064; 16; 4512;   -211; -551; -269
4824;   580; -2881; -536;   1552; -176; 4592;   -211; -551; -269
4853;   386; -1870; -313;   2512; 80; 4400;   -211; -551; -269
4881;   134; -2461; -294;   2880; 384; 4144;   -211; -551; -269
4911;   1189; -4627; -996;   3504; -912; 6272;   -370; -444; -307
4939;   963; -6646; -973;   3472; -864; 4976;   -370; -444; -307
4968;   444; -7703; -863;   3248; 32; 2624;   -370; -444; -307
4996;   2836; -7168; -1219;   3728; 368; 1152;   -370; -444; -307
5025;   2350; -6835; -1318;   4112; 544; -368;   -370; -444; -307
5053;   742; -6253; -1164;   3472; 1248; -2368;   -462; 17; -393
5082;   2; -3880; -489;   3312; 1488; -1664;   -462; 17; -393
5110;   1061; -3348; -61;   3376; 1552; -2288;   -462; 17; -393
5139;   1999; -4280; -287;   3008; 1328; -3104;   -462; 17; -393
5168;   683; -4201; 207;   1296; 1184; -4624;   -286; 230; -379
5196;   -373; -794; 333;   1376; 1232; -4320;   -286; 230; -379
5225;   88; -738; 454;   2080; 1392; -3744;   -286; 230; -379
5253;   1782; -1744; 613;   1488; 1088; -3488;   -286; 230; -379
5281;   1478; -1674; 909;   880; 336; -4608;   -286; 230; -379
5310;   1763; -592; 342;   2048; 272; -4384;   -252; 300; -313
5338;   -471; -1260; 336;   1520; 304; -4400;   -252; 300; -313
5367;   -158; -1065; 1081;   1056; 128; -3568;   -252; 300; -313
5395;   -180; -1009; 1053;   1120; 320; -3456;   -252; 300; -313
5423;   717; -966; 1294;   1280; 352; -3792;   -200; 335; -278
5452;   522; 583; 918;   880; 992; -3504;   -200; 335; -278
5480;   994; -397; 1316;   720; 496; -2992;   -200; 335; -278
5509;   1579; -1090; 1375;   448; -224; -2640;   -200; 335; -278
5537;   1032; -466; 870;   192; -336; -3120;   -200; 335; -278
5566;   -21; -22; 768;   352; -240; -3280;   -193; 360; -185
5594;   -290; -997; 730;   128; -704; -3168;   -193; 360; -185
5622;   -246; -358; 952;   -160; -848; -3056;   -193; 360; -185
5651;   -324; -547; 526;   -368; -656; -3200;   -193; 360; -185
5679;   -313; -544; 587;   -880; -448; -3424;   -154; 364; -195
5707;   -761; -366; 859;   -592; -592; -3536;   -154; 364; -195
5736;   -878; -165; 185;   -944; -672; -3184;   -154; 364; -195
5764;   -454; -347; 210;   -800; -496; -3392;   -154; 364; -195
5792;   -82; 83; 1714;   -304; -240; -3184;   -154; 364; -195
5821;   -361; 155; 1399;   -480; -288; -3504;   -160; 356; -223
5849;   -530; 150; 1048;   -320; -720; -3616;   -160; 356; -223
5877;   -374; -28; 894;   -304; -464; -3584;   -160; 356; -223
5906;   -169; -245; 915;   -208; -368; -3632;   -160; 356; -223
5934;   239; -171; 691;   -80; -176; -3968;   -160; 356; -223
5962;   280; 12; 480;   -64; -128; -3920;   -172; 358; -225
5991;   55; -172; 140;   0; -160; -3808;   -172; 358; -225
6308;   138; 102; 31;   0; -96; -4464;   -166; 362; -208
6337;   -202; 139; -52;   16; -96; -4480;   -173; 361; -210
6365;   -246; 88; -39;   0; -96; -4864;   -173; 361; -210
6393;   -228; 84; -35;   0; -80; -5408;   -173; 361; -210
6421;   -219; 282; -57;   -32; -96; -6816;   -173; 361; -210
6450;   -367; 680; -129;   -112; -256; -7456;   -173; 361; -210
6478;   -353; 963; -233;   -352; -256; -8080;   -200; 350; -233
6507;   -95; 1317; -239;   -560; -160; -8336;   -200; 350; -233
6535;   577; 1646; 25;   -784; -688; -8352;   -200; 350; -233
6563;   1260; 1878; -60;   -960; -1072; -8368;   -200; 350; -233
6592;   903; 2207; -415;   -1152; -1200; -8272;   -341; 315; -198
6620;   -598; 2830; -910;   -1408; -784; -7504;   -341; 315; -198
6648;   -1197; 3142; -966;   -1472; -576; -6880;   -341; 315; -198
6677;   -1286; 3148; -837;   -1440; -192; -6048;   -341; 315; -198
6705;   -1192; 3310; -755;   -1504; -16; -5696;   -341; 315; -198
6734;   -1175; 3648; -617;   -1632; 672; -4448;   -518; 124; -305
6762;   -1298; 3708; -327;   -1584; 1056; -3632;   -518; 124; -305
6791;   -1458; 3368; 162;   -1616; 1392; -2640;   -518; 124; -305
6820;   -1443; 3208; 481;   -1520; 1392; -2448;   -518; 124; -305
6848;   -1370; 3369; 809;   -1440; 1600; -1728;   -590; -168; -291
6877;   -1919; 3343; 1092;   -1472; 1696; -1136;   -590; -168; -291
6906;   -2708; 2970; 1515;   -1776; 1664; -592;   -590; -168; -291
6934;   -3027; 2829; 1787;   -1728; 1552; -528;   -590; -168; -291
6963;   -3318; 2695; 2184;   -2016; 1472; -656;   -590; -168; -291
6991;   -3385; 2599; 2689;   -3072; 1296; -1072;   -525; -409; -41
7020;   -3189; 2621; 3379;   -3872; 1216; -1104;   -525; -409; -41
7048;   -3131; 2599; 3821;   -5664; 576; -720;   -525; -409; -41
7077;   -2855; 2468; 4346;   -6608; 160; -208;   -525; -409; -41
7106;   -3310; 2361; 4776;   -8848; -880; 2448;   -525; -409; -41
7134;   -6032; 953; 4242;   -9856; -1264; 2896;   -525; -409; -41
7163;   -6615; -173; 4068;   -10912; -1648; 928;   -525; -409; -41
7191;   -4532; -1212; 4379;   -11408; -1376; 192;   -525; -409; -41
7220;   -3138; -1784; 5110;   -13616; -1536; 128;   -525; -409; -41
7248;   -3336; -2205; 5400;   -14992; -2160; 720;   125; -158; 401
7276;   -4702; -3426; 4937;   -16464; -2784; 960;   125; -158; 401
7305;   -6278; -5057; 4036;   -18496; -4048; -848;   125; -158; 401
7333;   -6468; -5981; 2753;   -19200; -4880; -1536;   125; -158; 401
7361;   -6947; -6473; 1339;   -21456; -6352; -2064;   125; -158; 401
7390;   -7078; -7361; -1114;   -21520; -6768; -3200;   372; -139; 188
7418;   -4362; -6049; -3222;   -21056; -6688; -4416;   372; -139; 188
7447;   -816; -5400; -4005;   -20688; -5920; -4272;   372; -139; 188
7476;   -73; -5407; -4317;   -18240; -3152; -4960;   372; -139; 188
7505;   211; -4868; -4296;   -16016; -1632; -5664;   62; -327; 392
7533;   1288; -3520; -3195;   -11296; 208; -5040;   62; -327; 392
7562;   1149; -2844; -2358;   -9328; 656; -4208;   62; -327; 392
7590;   394; -2812; -2098;   -7600; 1504; -3632;   62; -327; 392
7619;   -707; -2344; -1750;   -4752; 1264; -3632;   62; -327; 392
7647;   -858; -1692; -1607;   -3664; 1424; -3792;   -249; -328; 389
7676;   -973; -597; -1122;   -1632; 1712; -2128;   -249; -328; 389
7704;   -1051; -439; -737;   -1024; 1232; -1024;   -249; -328; 389
7733;   -155; -523; -85;   -80; -112; -208;   -249; -328; 389
7761;   347; -247; 309;   80; -1152; 320;   -313; -274; 386
7789;   -359; -370; -10;   352; -2576; 400;   -313; -274; 386
7817;   -340; -270; -119;   528; -2864; 416;   -313; -274; 386
7845;   -52; -108; -20;   608; -3136; 688;   -313; -274; 386
8165;   -112; 115; 16;   544; -3888; 1776;   -289; -254; 402
8193;   -97; 87; 16;   608; -3872; 1744;   -289; -254; 402
8222;   76; 78; 31;   576; -3920; 1584;   -289; -254; 402
8250;   28; 105; -3;   544; -3872; 1728;   -289; -254; 402
8278;   -65; 103; 4;   640; -3840; 1696;   -289; -246; 408
8307;   -48; 113; 21;   544; -3856; 1424;   -289; -246; 408
8335;   -29; 76; -15;   592; -3792; 1440;   -289; -246; 408
8363;   26; 97; -33;   624; -3776; 1600;   -289; -246; 408
8391;   -23; 93; -6;   512; -3792; 1792;   -289; -246; 408
8419;   -81; 34; 6;   304; -3808; 1808;   -283; -252; 412
8448;   70; -5; -20;   224; -3744; 1696;   -283; -252; 412
8476;   -33; 9; -13;   176; -3680; 1584;   -283; -252; 412
8504;   -30; 27; -18;   144; -3760; 1712;   -283; -252; 412
8532;   84; 49; 4;   432; -3856; 1952;   -283; -252; 412
8561;   -66; 34; -19;   688; -3824; 1664;   -285; -258; 401
8589;   -68; 25; -20;   752; -3456; 1376;   -285; -258; 401
8617;   42; 28; -9;   448; -3168; 1184;   -285; -258; 401
8645;   -22; 143; -16;   96; -2960; 656;   -285; -258; 401
8673;   -46; 218; -51;   80; -2672; 96;   -283; -252; 405
8702;   103; 270; -103;   160; -1968; 64;   -283; -252; 405
8730;   261; 308; 95;   -608; 144; -496;   -283; -252; 405
8758;   260; 635; 629;   -976; 720; -832;   -283; -252; 405
8786;   -175; 834; 1187;   -1680; 1216; -1360;   -283; -252; 405
8815;   -68; 1232; 1414;   -2640; 1408; -1936;   -223; -281; 411
8843;   426; 1567; 1877;   -4016; 1008; -2224;   -223; -281; 411
8872;   1045; 2260; 2496;   -4688; 752; -2768;   -223; -281; 411
8900;   1054; 2849; 3055;   -6016; 464; -3008;   -223; -281; 411
8929;   703; 3632; 2985;   -9312; -1312; -3456;   75; -339; 379
8957;   832; 4357; 3154;   -10816; -2144; -3616;   75; -339; 379
8986;   839; 5038; 3356;   -14928; -3952; -4080;   75; -339; 379
9014;   770; 5542; 3454;   -16592; -5488; -4432;   75; -339; 379
9043;   1329; 6647; 2914;   -19232; -8032; -4416;   75; -339; 379
9071;   2918; 7603; 1565;   -20064; -8768; -3328;   366; -106; 204
9100;   4509; 7248; 131;   -18944; -9552; -32;   366; -106; 204
9129;   5272; 6350; -1107;   -18256; -9552; 848;   366; -106; 204
9157;   6797; 4673; -3273;   -16784; -7920; 2320;   366; -106; 204
9185;   6413; 2192; -4509;   -16048; -6960; 2256;   113; -115; 409
9213;   4718; 402; -5698;   -15728; -6096; 1072;   113; -115; 409
9242;   4269; 71; -5935;   -13648; -4224; -208;   113; -115; 409
9270;   3661; -267; -5748;   -13168; -3328; -96;   113; -115; 409
9299;   2104; -722; -5810;   -11264; -2400; 448;   113; -115; 409
9327;   705; -571; -5947;   -10736; -1600; 832;   -332; -302; 329
9356;   602; -608; -5741;   -9152; -912; 1088;   -332; -302; 329
9384;   2072; -1233; -5099;   -8240; -256; 336;   -332; -302; 329
9413;   4080; -1479; -3870;   -6576; 592; 400;   -332; -302; 329
9441;   4120; -2040; -2862;   -5696; 1040; 0;   -332; -302; 329
9470;   3022; -2652; -2661;   -5088; 1328; -160;   -591; -285; -3
9499;   1741; -2789; -2586;   -4320; 1728; 48;   -591; -285; -3
9527;   1763; -2932; -1856;   -4128; 2160; 16;   -591; -285; -3
9556;   1994; -3362; -1065;   -4112; 1264; -64;   -591; -285; -3
9584;   2920; -3665; -570;   -4736; 1152; -1232;   -620; -18; -186
9613;   3589; -4694; 267;   -5440; 1104; -2304;   -620; -18; -186
9642;   -286; -5817; -167;   -5328; 1088; -4000;   -620; -18; -186
9670;   -1025; -5174; -779;   -4144; 1232; -8320;   -620; -18; -186
9698;   326; -4081; -382;   -3024; 1392; -9280;   -620; -18; -186
9727;   1164; -3806; 31;   -2496; 1808; -11008;   -390; 295; -201
9755;   1132; -3956; 744;   -1520; 1840; -14496;   -390; 295; -201
9783;   2442; -1740; 1401;   -448; 64; -12800;   -390; 295; -201
9811;   -67; -611; 845;   -480; -1616; -10640;   -390; 295; -201
9840;   132; -312; 76;   -208; -2752; -8064;   -241; 364; -121
9868;   -328; -698; -519;   -336; -1792; -7024;   -241; 364; -121
9896;   240; -365; -386;   -144; -1376; -7024;   -241; 364; -121
9925;   647; -23; -51;   224; -624; -6768;   -241; 364; -121
9953;   -453; 218; -255;   -32; -576; -5984;   -241; 364; -121
10271;   -214; -19; -110;   528; -656; -3680;   -251; 357; -139
10299;   84; 19; -37;   320; -864; -4352;   -251; 357; -139
10327;   -12; 53; -147;   352; -352; -3648;   -251; 357; -139
10355;   -180; 42; -181;   1184; -720; -4208;   -251; 365; -147
10383;   -66; 47; -121;   864; -1168; -3696;   -251; 365; -147
10412;   16; 11; -102;   832; -1568; -3984;   -251; 365; -147
10440;   -65; 42; -127;   1376; -1280; -3504;   -251; 365; -147
10468;   -23; 62; -75;   1248; 144; -4160;   -251; 365; -147
10496;   47; 66; -84;   144; -80; -4448;   -250; 367; -153
10524;   -84; 30; -219;   -48; -1088; -3872;   -250; 367; -153
10553;   -20; -5; -137;   976; 32; -4800;   -250; 367; -153
10581;   64; -72; -92;   -96; -432; -4688;   -250; 367; -153
10609;   -35; -28; -184;   1088; -224; -4112;   -250; 367; -153
10637;   -119; -14; -203;   128; -144; -4736;   -247; 362; -161
10666;   -161; -13; -155;   1168; -32; -4224;   -247; 362; -161
10694;   -38; -17; -104;   48; -336; -4608;   -247; 362; -161
10722;   -37; 2; -118;   880; 80; -5648;   -247; 362; -161
10750;   -195; 38; -158;   -32; -848; -5104;   -245; 362; -174
10778;   -174; 118; -203;   1040; -896; -4528;   -245; 362; -174
10807;   -61; 68; -170;   304; -1200; -4352;   -245; 362; -174
10835;   -119; 27; -198;   1344; -256; -3984;   -245; 362; -174
10863;   -147; 49; -207;   976; -1024; -4384;   -245; 362; -174
10891;   -514; 104; -282;   1072; 512; -4544;   -250; 359; -197
10919;   -969; 65; -339;   1824; 544; -4912;   -250; 359; -197
10948;   -936; 167; -192;   896; 1840; -4528;   -250; 359; -197
10977;   -1762; 133; -81;   1312; 3024; -4288;   -250; 359; -197
11005;   -3170; -226; -398;   208; 3152; -4528;   -239; 317; -333
11034;   -2716; 223; -332;   816; 3776; -4496;   -239; 317; -333
11062;   -2632; 690; -88;   -1296; 5776; -3024;   -239; 317; -333
11090;   -3994; 293; 350;   -1008; 6576; -1872;   -239; 317; -333
11119;   -4413; -942; 570;   -3024; 6208; -1040;   -239; 317; -333
11147;   -4558; -1524; 1014;   -3024; 7296; -1136;   -255; 136; -541
11175;   -4633; -1744; 1228;   -5056; 5248; -528;   -255; 136; -541
11204;   -5255; -3068; 479;   -5392; 5888; -448;   -255; 136; -541
11232;   -5659; -4792; -252;   -6624; 2832; -2080;   -255; 136; -541
11260;   -4492; -5191; -784;   -6560; 3616; -3392;   -255; 136; -541
11289;   -3223; -4672; -1080;   -7440; 2304; -4064;   -216; -143; -620
11317;   -1584; -4255; -1836;   -6368; 1232; -4144;   -216; -143; -620
11345;   286; -4824; -2844;   -7456; 32; -3632;   -216; -143; -620
11374;   2195; -5363; -3728;   -7472; -672; -4592;   -216; -143; -620
11402;   5286; -5417; -4285;   -7920; -2064; -5296;   18; -40; -624
11430;   6698; -4406; -4496;   -7616; -2288; -6544;   18; -40; -624
11459;   7862; -3498; -5253;   -7120; -4672; -6384;   18; -40; -624
11487;   8257; -2985; -6460;   -8080; -7824; -8336;   18; -40; -624
11516;   8793; -2300; -8158;   -6672; -9008; -8640;   18; -40; -624
11544;   9561; -1438; -8583;   -4896; -10400; -5984;   374; 135; 23
11573;   8776; -1499; -7795;   -3440; -8928; -4640;   374; 135; 23
11601;   6520; -2149; -6900;   -2608; -9440; -1872;   374; 135; 23
11630;   3476; -2801; -5513;   -1392; -8608; -1856;   374; 135; 23
11658;   2502; -3249; -4458;   -320; -9664; -1216;   -75; -229; 421
11686;   2241; -3589; -3551;   192; -10656; -2192;   -75; -229; 421
11715;   2498; -2812; -2934;   1808; -9696; -1696;   -75; -229; 421
11743;   3072; -1090; -2051;   2816; -8352; 208;   -75; -229; 421
11771;   2882; -834; -456;   1968; -6768; 2720;   -75; -229; 421
11800;   946; -1823; 205;   1200; -6336; 1280;   -292; -347; 339
11828;   -327; -371; -1357;   208; -6480; 112;   -292; -347; 339
11856;   -70; 2913; -1888;   -176; -4192; 1696;   -292; -347; 339
11884;   -635; 2677; -1167;   -3280; -2608; 1072;   -292; -347; 339
11912;   -424; 2115; -760;   -5904; -1456; -624;   -304; -404; 302
11941;   622; 3802; -392;   -8336; -384; -560;   -304; -404; 302
11969;   608; 3656; 512;   -8608; -352; 2000;   -304; -404; 302
11998;   -1246; 1050; 1086;   -5216; -1136; 4560;   -304; -404; 302
12026;   -3001; -1196; -25;   -2880; -2928; 3088;   -304; -404; 302
12054;   -887; -150; -598;   -1824; -2160; 528;   -215; -390; 362
12083;   138; 154; 120;   -304; -1616; 1024;   -215; -390; 362
12111;   -256; -54; 24;   -1056; -2368; 1536;   -215; -390; 362
12139;   35; 75; 279;   16; -1632; 2112;   -215; -390; 362
12167;   471; 372; 519;   -320; -3488; 2656;   -215; -390; 362
12195;   220; 415; 241;   -720; -3504; 3056;   -193; -397; 354
12514;   37; -8; 4;   -240; -2304; 3440;   -193; -402; 353
12542;   -19; -92; -16;   832; -4480; 4144;   -193; -402; 353
12571;   76; -116; -8;   896; -5456; 3984;   -194; -385; 364
12599;   75; -113; -21;   1760; -5312; 3520;   -194; -385; 364
12627;   -23; -84; -40;   -608; -1760; 1984;   -194; -385; 364
12655;   -115; -86; -7;   -272; -4528; 3616;   -194; -385; 364
12683;   -144; -65; -24;   -1312; -3216; 2704;   -194; -385; 364
12711;   -287; 44; -89;   1152; -3728; 4064;   -199; -373; 360
12740;   -210; 72; -104;   864; -4288; 2864;   -199; -373; 360
12768;   -186; 103; -98;   -1264; -1600; 1712;   -199; -373; 360
12796;   -577; 387; -124;   -1792; -1376; 1824;   -199; -373; 360
12824;   -1497; 461; -493;   352; -4656; 3344;   -202; -335; 389
12853;   -2155; 3; -762;   -2656; -1392; 1552;   -202; -335; 389
12882;   -1635; -110; -688;   -2880; -2128; 2432;   -202; -335; 389
12910;   -3527; 986; -147;   208; -3472; 1152;   -202; -335; 389
12938;   -6137; 1217; -2705;   -1232; -1312; 1872;   -202; -335; 389
12966;   -7317; 1004; -3541;   -2032; -4432; 2448;   -303; -58; 419
12995;   -5526; 195; -2909;   672; -4928; -1296;   -303; -58; 419
13023;   -3031; -23; -2139;   -1216; -1712; -2960;   -303; -58; 419
13052;   -4737; -21; -2156;   -1072; -3520; -928;   -303; -58; 419
13080;   -5944; -1492; -3310;   1504; -2000; 304;   -431; 252; 118
13108;   -3546; -964; -2504;   1440; -4864; -3440;   -431; 252; 118
13136;   -1071; -561; -1948;   4448; -3184; -2176;   -431; 252; 118
13165;   -2116; -810; -1723;   928; -1040; -2608;   -431; 252; 118
13193;   -2092; -660; -928;   3840; -2704; -800;   -431; 252; 118
13222;   -1245; -569; -752;   1360; 1408; -3168;   -404; 313; -90
13250;   -923; -257; -263;   1680; -1088; -4304;   -404; 313; -90
13278;   -863; 162; -21;   2592; 1504; -5184;   -404; 313; -90
13307;   -551; -134; -105;   624; 1040; -4880;   -404; 313; -90
13335;   -672; -376; -217;   4080; 256; -4960;   -404; 313; -90
13363;   -674; -360; 305;   1328; 1104; -6608;   -383; 312; -158
13392;   515; -339; 13;   4032; -3136; -4352;   -383; 312; -158
13420;   1556; -594; -454;   80; 0; -6640;   -383; 312; -158
13449;   -280; -447; 148;   2752; -2272; -2528;   -383; 312; -158
13477;   -805; -86; 239;   576; 1552; -4560;   -359; 328; -141
13505;   -552; -214; 419;   352; -1008; -4240;   -359; 328; -141
13533;   -310; -162; 374;   2272; 576; -2864;   -359; 328; -141
13562;   -551; -247; 28;   -208; 736; -4384;   -359; 328; -141
13590;   -398; -19; -34;   3632; -1104; -4160;   -359; 328; -141
13618;   -219; 43; 101;   1328; 1296; -5888;   -344; 332; -166
13647;   -257; -70; 78;   2960; -2816; -4048;   -344; 332; -166
13675;   -253; -108; -47;   -480; 320; -5248;   -344; 332; -166
13703;   -372; -146; -165;   864; -2112; -4752;   -344; 332; -166
13731;   -224; -125; -81;   752; 1488; -6784;   -330; 337; -183
13759;   -198; -159; -28;   -624; 400; -4768;   -330; 337; -183
13788;   -104; -313; -29;   2784; 80; -5488;   -330; 337; -183
13816;   50; -313; 70;   448; 1776; -6464;   -330; 337; -183
13844;   54; -219; 129;   2864; -2256; -4400;   -330; 337; -183
13872;   -331; -209; 53;   2512; -144; -5408;   -318; 337; -192
13900;   -718; -493; -229;   624; -1968; -4688;   -318; 337; -192
13929;   -24; -36; -88;   192; 1760; -6912;   -318; 337; -192
13957;   167; 3; -12;   -816; 592; -4736;   -318; 337; -192
13985;   20; 34; -22;   2512; -48; -5376;   -318; 337; -192
14014;   -276; 47; 31;   368; 1792; -6192;   -303; 344; -206
14042;   -1149; 211; 136;   3072; -2464; -3728;   -303; 344; -206
14071;   -277; -412; 835;   2272; 880; -3856;   -303; 344; -206
14099;   732; -936; 875;   1504; -2592; -2176;   -303; 344; -206
14127;   -1063; -991; 912;   2912; -1296; -2224;   -289; 347; -221
14156;   -2053; -1017; 636;   -528; -352; -3968;   -289; 347; -221
14184;   -2742; -326; 192;   608; 2384; -3888;   -289; 347; -221
14213;   -458; 210; 409;   -1520; 2656; -5024;   -289; 347; -221
14241;   1128; 205; 880;   1968; 1408; -5600;   -289; 347; -221
14269;   910; 236; 1256;   -224; 2912; -6464;   -281; 332; -277
14298;   607; -275; 719;   2480; -1264; -4256;   -281; 332; -277
14326;   207; 29; 326;   1680; 1488; -2656;   -281; 332; -277
14354;   905; 239; 132;   1472; -2016; -1792;   -281; 332; -277
14382;   858; 343; 197;   2880; -1232; -2432;   -303; 345; -206
14411;   669; 211; 259;   -480; -128; -3152;   -303; 345; -206
14439;   51; 452; 238;   1600; -2240; -1136;   -303; 345; -206
14467;   -296; 428; 342;   -432; 2112; -3808;   -303; 345; -206
14497;   -181; 286; 242;   2768; -1680; -2784;   -303; 345; -206
14525;   -125; 107; 138;   1600; 2128; -5424;   -334; 316; -192
14553;   -82; 244; 197;   2256; -544; -4400;   -334; 316; -192
14581;   -224; 279; 144;   784; 1216; -5024;   -334; 316; -192
14610;   -485; 9; -68;   864; 1312; -4608;   -334; 316; -192
14638;   -429; -436; -24;   912; 672; -4368;   -331; 312; -210
14666;   165; -592; 52;   1184; 0; -4304;   -331; 312; -210
14694;   270; 49; 246;   1232; 224; -3936;   -331; 312; -210
14723;   157; -58; 364;   1664; 176; -4368;   -331; 312; -210
14751;   847; -47; 884;   1488; 32; -4416;   -331; 312; -210
14780;   557; -438; 998;   704; -672; -4144;   -328; 327; -154
14808;   -283; -627; 558;   384; -816; -4528;   -328; 327; -154
14836;   49; 6; 91;   432; -816; -4608;   -328; 327; -154
14864;   -337; 294; 1;   512; -624; -4448;   -328; 327; -154
14893;   -236; 523; -206;   480; -224; -4048;   -328; 327; -154
14921;   -2408; -2854; 522;   1392; 3632; -7920;   -335; 318; -162
14949;   -1020; -1241; 419;   -416; 896; -7152;   -335; 318; -162
14977;   74; 3612; 316;   960; 656; -4848;   -335; 318; -162
15006;   258; -1124; -37;   704; 704; -3808;   -335; 318; -162
15035;   -515; -937; 139;   704; 48; -4512;   -317; 326; -192
15063;   -921; 78; 178;   528; 64; -5280;   -317; 326; -192
15091;   -857; 1677; 221;   464; 160; -5808;   -317; 326; -192
15120;   -104; 1610; 149;   816; 224; -5408;   -317; 326; -192
15148;   3584; -2685; 217;   2704; -1040; -880;   -317; 326; -192
15177;   -2715; -2659; 373;   -256; 304; -5376;   -323; 316; -209
15205;   744; 2593; 379;   1040; -160; -3552;   -323; 316; -209
15234;   -317; -797; -440;   1008; 384; -2832;   -323; 316; -209
15262;   304; -1847; 120;   976; 304; -4576;   -323; 316; -209
15290;   -41; -708; 110;   688; 192; -5616;   -325; 313; -214
15319;   -52; 963; 87;   416; 160; -5840;   -325; 313; -214
15347;   19; 1384; -73;   592; 304; -5328;   -325; 313; -214
15375;   197; 1309; 29;   1008; 368; -4720;   -325; 313; -214
15403;   2775; -3298; 250;   -624; -688; -4896;   -325; 313; -214
15432;   -1017; 2989; 389;   -752; 272; -6784;   -329; 307; -228
15460;   841; 1705; 608;   1008; 112; -2880;   -329; 307; -228
15488;   -534; -1577; -403;   992; 448; -2656;   -329; 307; -228
15517;   101; -2016; -40;   832; 352; -5216;   -329; 307; -228
15545;   -462; 2; -99;   608; 336; -6768;   -345; 305; -217
15573;   -45; 1847; 109;   288; 240; -7152;   -345; 305; -217
15602;   -445; 3198; -146;   832; 144; -5712;   -345; 305; -217
15630;   9306; -2431; 159;   6448; -4032; 13472;   -345; 305; -217
15658;   -888; 2024; 611;   1008; -416; -2544;   -345; 305; -217
15686;   1335; 4290; 505;   2192; -256; -2000;   -422; 258; -207
15715;   -549; -716; 92;   1424; 432; -848;   -422; 258; -207
15743;   429; -2509; -39;   1216; 432; -2304;   -422; 258; -207
15772;   -796; -589; -296;   224; 48; -7872;   -422; 258; -207
15800;   -181; 1882; -408;   320; 288; -8320;   -422; 258; -207
15829;   174; 2829; -194;   2736; -3776; -6368;   -411; 265; -226
15857;   -5323; -2869; -541;   416; -464; -7872;   -411; 265; -226
15885;   -741; 4795; 968;   1856; 592; -6640;   -411; 265; -226
15914;   -154; 2391; 866;   2320; 720; -1232;   -411; 265; -226
15942;   -204; -1032; -383;   2208; 960; -1216;   -470; 219; -214
15971;   3788; -2916; -649;   1120; -336; -5936;   -470; 219; -214
15999;   2540; -255; -1215;   640; -736; -8032;   -470; 219; -214
16028;   4276; 1899; -799;   960; -992; -4368;   -470; 219; -214
16056;   2373; 1497; -928;   1072; -1008; -2688;   -470; 219; -214
16085;   1605; 492; -495;   2000; -960; -1584;   -486; 230; -80
16114;   3065; -156; -490;   1968; -1040; -1792;   -486; 230; -80
16142;   6212; -1574; -3038;   2160; 608; 448;   -486; 230; -80
16171;   -4195; -2695; -1115;   2336; 1488; -816;   -486; 230; -80
16199;   -1340; -3769; 1260;   2112; 1248; -2128;   -372; 305; -102
16228;   -1549; -3443; 1203;   352; -928; -5232;   -372; 305; -102
16256;   10779; 13998; 3095;   6000; -4064; -2720;   -372; 305; -102
16284;   -1079; 1229; -1395;   -768; -4256; 496;   -372; 305; -102
16313;   -5886; -1232; -2552;   704; -2816; -1568;   -372; 305; -102
16342;   -3916; 120; -2244;   2992; -704; -4560;   -486; 226; -118
16370;   796; 2517; 101;   2464; -960; -3504;   -486; 226; -118
16399;   1500; 2904; 238;   1552; -800; 416;   -486; 226; -118
16428;   96; 26; -444;   976; -752; 2032;   -486; 226; -118
16456;   -1193; -2810; -1352;   848; -336; -48;   -508; 200; -143
16485;   -880; -6173; -1633;   -1600; -5136; -13360;   -508; 200; -143
16513;   2105; -114; 858;   1152; -2608; -4704;   -508; 200; -143
16542;   -1233; -1609; 693;   1088; -3040; -4144;   -508; 200; -143
16570;   -4141; -180; -1461;   2048; -1136; -5600;   -508; 200; -143
16599;   1012; 1427; 340;   2160; -576; -4544;   -452; 243; -187
16627;   1387; 2965; 238;   1760; -896; -2912;   -452; 243; -187
16656;   823; 2210; -165;   1552; -608; -208;   -452; 243; -187
16684;   515; -7; -314;   1680; -240; 496;   -452; 243; -187
16713;   81; -5279; -219;   1536; 112; -1776;   -452; 243; -187
16741;   4663; 9772; 2376;   5536; -1888; -2160;   -452; 243; -187
16770;   2701; -4097; 1396;   2656; -3472; -2096;   -452; 243; -187
16798;   -4825; -4082; -1209;   2224; -1808; -4448;   -452; 243; -187
16827;   -475; 1560; -1063;   2592; -416; -4560;   -452; 243; -187
16855;   1593; 3025; 626;   2016; -688; -2688;   -493; 215; -156
16884;   678; 1989; 180;   1584; -608; -448;   -493; 215; -156
16913;   -365; -335; -102;   1408; 80; 1440;   -493; 215; -156
16941;   -403; -5040; -203;   1584; 192; -80;   -493; 215; -156
16970;   -1772; 4209; 1656;   3984; -2112; -544;   -493; 215; -156
16998;   6568; -4098; 987;   2736; -1456; -1456;   -516; 195; -120
17027;   -4877; -4029; -1463;   1696; -1120; -6080;   -516; 195; -120
17055;   410; 2314; -1285;   2272; -544; -5696;   -516; 195; -120
17084;   825; 3537; 71;   1856; -480; -2064;   -516; 195; -120
17112;   378; 3081; -266;   1872; -176; -464;   -520; 181; -153
17141;   -124; 313; -118;   2080; 416; 864;   -520; 181; -153
17169;   139; -3437; 464;   1888; 240; 32;   -520; 181; -153
17198;   8422; 10087; 790;   -3424; 3392; -11600;   -520; 181; -153
17226;   -3457; -150; 1471;   96; 704; -7328;   -520; 181; -153
17255;   -3189; -7673; 219;   944; -1728; -5552;   -473; 240; -76
17283;   -3642; -9; -3303;   1376; 880; -6720;   -473; 240; -76
17312;   2099; 3993; -767;   2672; 688; -4112;   -473; 240; -76
17340;   -392; 2652; 1605;   2016; -48; 32;   -473; 240; -76
17369;   -6043; -563; 1598;   1568; 560; 608;   -477; 195; -263
17398;   -3530; -4459; 2262;   2528; 1904; -3376;   -477; 195; -263
17426;   -915; -3072; 3098;   1936; 1056; -4448;   -477; 195; -263
17455;   821; -647; 1595;   352; -992; -6224;   -477; 195; -263
17484;   -134; -1494; 104;   1360; -96; -6048;   -477; 195; -263
17512;   361; -2051; 48;   1296; 352; -4672;   -368; 294; -211
17540;   -122; -2095; 783;   512; -160; -4832;   -368; 294; -211
17568;   -1127; 255; 170;   -304; -320; -5472;   -368; 294; -211
17597;   -455; 2802; -755;   384; 912; -4592;   -368; 294; -211
17625;   949; -3765; 101;   -1648; 400; -8096;   -327; 304; -248
17653;   1031; 3759; 704;   976; 1600; -5040;   -327; 304; -248
17682;   152; 847; 650;   1088; 1056; -3264;   -327; 304; -248
17710;   -344; -2216; -103;   896; 768; -4336;   -327; 304; -248
17738;   -149; -127; 162;   848; 400; -4800;   -327; 304; -248
17767;   -268; 235; -21;   640; 384; -5584;   -361; 289; -231
17795;   -127; 1430; -23;   736; 384; -5328;   -361; 289; -231
17823;   -134; 1336; -45;   1104; 592; -4784;   -361; 289; -231
17851;   -1620; -7777; 78;   2336; 1344; -4272;   -361; 289; -231
17880;   -1836; -2687; 381;   -1680; 2208; -7088;   -361; 289; -231
17908;   3026; 4916; -321;   1168; 1200; -4128;   -345; 291; -252
17936;   52; 870; 701;   1600; 976; -2592;   -345; 291; -252
17965;   -511; -1688; -15;   1328; 112; -4448;   -345; 291; -252
17993;   -497; -794; -229;   992; 96; -5920;   -345; 291; -252
18021;   -391; 1349; -95;   1040; 1184; -7056;   -395; 268; -236
18049;   -108; 2874; 71;   1216; 1264; -6736;   -395; 268; -236
18078;   887; 2783; -50;   1392; 864; -6992;   -395; 268; -236
18106;   -2645; -6531; 1660;   -2016; 2112; -8608;   -395; 268; -236
18134;   3724; 5390; -303;   -1376; 1952; -7056;   -395; 268; -236
18163;   2086; 3164; -236;   1792; 480; -1424;   -437; 257; -191
18191;   -166; 533; 1796;   1936; 672; -1440;   -437; 257; -191
18219;   -1399; -4452; 842;   1200; -1104; -5280;   -437; 257; -191
18248;   -2105; 388; -301;   192; 160; -7760;   -437; 257; -191
18276;   1028; 3272; -297;   720; 1328; -6944;   -446; 250; -184
18305;   3468; 3063; -551;   1728; 1216; -4704;   -446; 250; -184
18333;   -7409; -3946; -759;   -480; 736; -6528;   -446; 250; -184
18361;   2587; 3119; -170;   736; 368; -3216;   -446; 250; -184
18390;   605; 2963; 576;   1360; 576; -1408;   -446; 250; -184
18418;   -823; 342; 1696;   3200; 1472; -2000;   -466; 235; -169
18447;   4744; -653; 2824;   4496; -1680; -4128;   -466; 235; -169
18475;   865; -128; -786;   5008; -2224; -3264;   -466; 235; -169
18504;   -605; 851; -1462;   5168; -2048; -4944;   -466; 235; -169
18533;   725; 1751; -1771;   3776; -1392; -4176;   -512; 202; -79
18561;   1468; 1014; -1588;   4000; -1344; -4048;   -512; 202; -79
18590;   5037; -1830; -1791;   2848; -1888; -1744;   -512; 202; -79
18618;   606; -2505; -1605;   1376; -2128; -2320;   -512; 202; -79
18647;   -806; -2468; -1570;   320; -784; -3584;   -512; 202; -79
18675;   -1090; -2364; -442;   -48; -480; -4336;   -402; 293; -136
18704;   -2522; -1245; -490;   -272; 432; -4576;   -402; 293; -136
18732;   -4062; -920; -73;   -528; 656; -5296;   -402; 293; -136
18760;   -3446; 110; -957;   -1232; -64; -4912;   -402; 293; -136
18789;   740; -2757; -1321;   -240; -48; -3696;   -402; 293; -136
18817;   8043; -2335; -1729;   768; 1264; -2112;   -402; 293; -136
18845;   3790; -4768; -3015;   -1536; -1168; -2544;   -402; 293; -136
18874;   -342; -1265; -583;   -1312; -1136; -3040;   -402; 293; -136
18902;   -1524; -192; 591;   -544; -960; -3264;   -402; 293; -136
18930;   -1617; 478; 317;   -352; -624; -3680;   -114; 365; -224
18959;   -544; 1377; 1190;   -272; -48; -4000;   -114; 365; -224
18987;   -521; 813; 1516;   -640; -432; -3600;   -114; 365; -224
19015;   -594; 58; 311;   -384; -496; -3584;   -114; 365; -224
19043;   759; -118; 589;   -544; -48; -4256;   -114; 365; -224
19072;   1937; 918; 1297;   96; -208; -4512;   -187; 361; -208
19100;   -62; 906; 684;   48; -448; -4048;   -187; 361; -208
19128;   -1074; 383; -13;   112; -304; -4160;   -187; 361; -208
19156;   -877; -45; 88;   -32; -224; -3984;   -187; 361; -208
19185;   -235; -611; 158;   48; -80; -4400;   -212; 356; -218
19213;   65; -127; 170;   96; 0; -5152;   -212; 356; -218
19241;   -194; 65; 37;   80; -112; -5456;   -212; 356; -218
19269;   -395; 110; -120;   64; -240; -5856;   -212; 356; -218
19606;   -945; 3385; -171;   -1456; 1024; -3792;   -515; 136; -302
