0.02 a -1843 -570 359 g -869 439 -130
0.02 a -1146 483 -1612 g -882 -145 -200
0.02 a -793 1786 -4380 g -671 -618 -191
0.02 a -75 3558 -7052 g -345 -581 -217
0.02 a 1718 5316 -7969 g 237 42 -427
0.02 a 3158 6901 -9294 g 1054 -71 -545
0.02 a 3211 8211 -11694 g 2129 -1677 -457
0.02 a 2832 9391 -12383 g 3765 -2908 -430
0.02 a 3555 12021 -11260 g 5689 -2893 -726
0.02 a 4864 16487 -8450 g 7543 -2323 -1159
0.02 a 6703 23058 -2092 g 9387 -1755 -1234
0.02 a 7991 29640 7849 g 11189 -1887 -843
0.02 a 8076 32729 16573 g 12432 -2761 -396
0.02 a 2221 28983 20118 g 12178 -3487 376
0.02 a -5613 22429 21972 g 9959 -953 1568
0.02 a -4934 15375 21433 g 7512 -70 1018
0.02 a -2430 11968 19288 g 5871 -2210 -641
0.02 a -3146 9859 18574 g 4279 -3708 -1135
0.02 a -4957 8400 19188 g 2782 -4335 -1049
0.02 a -7900 8157 20658 g 1081 -4387 -826
0.02 a -10823 9942 20553 g -1010 -4414 -761
0.02 a -11731 13932 19439 g -3180 -4668 -1235
0.02 a -9904 19219 17900 g -5291 -4383 -2224
0.02 a -8426 24156 16031 g -7367 -3378 -3014
0.02 a -7095 27444 12672 g -9067 -2532 -3321
0.02 a -4896 27838 8379 g -10219 -2203 -3674
0.02 a -2438 26395 2597 g -10807 -1675 -3967
0.02 a 1288 23021 -2200 g -10702 -1147 -4351
0.02 a 3503 20358 -7821 g -9735 -910 -4470
0.02 a 4434 17270 -13321 g -8486 -1361 -3861
0.02 a 6791 12408 -13675 g -6300 -1558 -3149
0.02 a 7699 7833 -11517 g -3940 -1006 -2457
0.02 a 6704 5332 -9133 g -2415 192 -1247
0.02 a 5212 3618 -6650 g -1272 848 -256
0.02 a 3182 2191 -4551 g -506 1161 528
0.02 a 1611 611 -2662 g -71 1201 1038
0.02 a 477 -872 -935 g 208 1119 1225
