0.02 a -362 1303 -316 g -1874 810 -416
0.02 a -191 1026 -279 g -1615 810 -381
0.02 a -201 709 -517 g -1486 775 -250
0.02 a 18 473 -836 g -1335 449 -232
0.02 a -137 232 -1200 g -1110 138 -182
0.02 a -351 213 -1431 g -856 -5 -128
0.02 a -337 388 -2015 g -635 31 -130
0.02 a -61 1126 -3080 g -526 36 -123
0.02 a 205 2684 -4568 g -401 -113 -106
0.02 a 195 4458 -6388 g -112 -457 -48
0.02 a 111 6368 -8630 g 444 -516 -7
0.02 a 784 7978 -11271 g 1074 -181 -60
0.02 a 2315 9575 -14355 g 1966 -293 -184
0.02 a 2900 11478 -17041 g 3591 -1183 -112
0.02 a 2241 15812 -16110 g 5980 -1919 207
0.02 a 2921 23318 -9434 g 8807 -1546 140
0.02 a 5202 32649 2129 g 11143 -758 -177
0.02 a 5913 32732 17201 g 12796 -205 395
0.02 a -124 32716 26617 g 13305 -1236 1760
0.02 a -5973 24398 28202 g 11109 637 2986
0.02 a -4397 17187 26578 g 7586 1693 2420
0.02 a -4492 12087 23094 g 5618 -548 1594
0.02 a -6304 9219 18926 g 3560 -2102 1470
0.02 a -8041 7330 16505 g 2004 -2679 1057
0.02 a -11027 6897 14914 g 787 -2823 550
0.02 a -15131 7245 13805 g -428 -2902 65
0.02 a -17654 9710 12910 g -1542 -3262 -785
0.02 a -17573 13240 12842 g -2743 -3503 -2153
0.02 a -14907 18027 12573 g -3950 -3900 -3687
0.02 a -12194 22542 11460 g -5201 -4430 -4738
0.02 a -11764 25384 11424 g -6462 -3845 -5019
0.02 a -11286 27075 8533 g -7816 -2590 -5312
0.02 a -8060 26454 2092 g -8987 -1743 -6198
0.02 a -2673 24823 -1266 g -9028 -1232 -7269
0.02 a 2293 23362 -1702 g -7692 -1620 -7634
0.02 a 8516 23108 -5647 g -6758 -1664 -7259
0.02 a 14356 20545 -10420 g -6328 -1314 -6488
0.02 a 16787 12805 -12335 g -4959 -711 -4973
0.02 a 12834 7018 -10886 g -3462 450 -2519
0.02 a 7910 3581 -8164 g -2233 1439 -448
0.02 a 3547 1249 -5203 g -1357 1745 602
0.02 a 998 -358 -3786 g -869 1381 811
