0.02 a -1502 -746 -2208 g -552 -273 159
0.02 a -1139 -201 -2371 g -593 188 -32
0.02 a -595 1249 -4396 g -619 137 -166
0.02 a -38 2745 -6233 g -372 -318 -61
0.02 a -279 4341 -7310 g 392 -304 276
0.02 a -627 6337 -8805 g 1011 -325 524
0.02 a -322 8400 -10597 g 1575 -538 486
0.02 a 139 10445 -12512 g 2595 -1317 246
0.02 a 1435 12159 -13266 g 4127 -1865 -126
0.02 a 3189 15427 -12237 g 5896 -1240 -464
0.02 a 4030 20999 -9249 g 7831 -513 -334
0.02 a 3877 28866 -3444 g 10059 -606 310
0.02 a 4312 32732 3885 g 12131 -1529 774
0.02 a 5178 32732 10726 g 13569 -2304 562
0.02 a 2642 32732 16263 g 13770 -2561 288
0.02 a -4288 32732 22211 g 12727 506 1722
0.02 a -5849 24609 23337 g 10097 2561 2744
0.02 a -337 19087 20785 g 7758 -965 786
0.02 a 1222 14703 19711 g 5744 -3944 -533
0.02 a -2512 10711 19797 g 3862 -4815 340
0.02 a -8563 7907 20277 g 2057 -5721 1492
0.02 a -14244 7501 19860 g 5 -6247 1789
0.02 a -14696 10165 16894 g -2320 -7131 660
0.02 a -12021 14910 14538 g -4366 -7004 -939
0.02 a -10242 19695 13345 g -5964 -5573 -1626
0.02 a -10677 23797 12143 g -7370 -4003 -1362
0.02 a -10525 26758 9507 g -8563 -2959 -1224
0.02 a -9795 27338 6577 g -9426 -2185 -1709
0.02 a -7939 25053 4217 g -9620 -927 -2653
0.02 a -5138 22941 2213 g -9481 576 -3748
0.02 a -1080 21285 -319 g -9021 1121 -4823
0.02 a 2163 19673 -3066 g -8068 463 -5325
0.02 a 4785 18920 -6175 g -6956 -61 -5036
0.02 a 8891 14591 -9101 g -5770 -503 -4850
0.02 a 11818 8965 -9465 g -4246 -577 -4478
0.02 a 10030 5398 -10074 g -3112 526 -2908
0.02 a 6161 2970 -8064 g -2131 1793 -1187
0.02 a 3283 1266 -4592 g -1026 2582 -409
0.02 a 2352 534 -1937 g -524 2500 -439
