0.02 a -2597 -290 -466 g -1078 750 329
0.02 a -2109 1093 -4434 g -1283 300 5
0.02 a -1073 2405 -7347 g -1010 -212 -255
0.02 a 726 4273 -9457 g -204 -113 -518
0.02 a 2533 6572 -11765 g 224 708 -579
0.02 a 3516 7965 -14437 g 917 249 -407
0.02 a 3926 8969 -15844 g 2529 -1510 -202
0.02 a 3938 11234 -15991 g 4311 -2407 -164
0.02 a 4585 15368 -13120 g 6304 -2050 -356
0.02 a 5123 22216 -6127 g 8564 -1269 -472
0.02 a 5097 27955 3384 g 10531 -473 -74
0.02 a -1873 32732 14082 g 11624 92 1303
0.02 a -11748 29214 24653 g 11841 -191 2772
0.02 a -10752 21246 27979 g 10325 -240 1957
0.02 a -3017 17209 25096 g 7167 -1501 -631
0.02 a -388 13270 22322 g 4720 -3127 -1598
0.02 a -3491 10561 19609 g 3018 -3595 -544
0.02 a -7189 9570 16967 g 1275 -3651 112
0.02 a -12019 9695 15375 g -174 -3673 -174
0.02 a -16348 10339 15576 g -1311 -4095 -902
0.02 a -17661 13092 14837 g -2581 -4156 -1728
0.02 a -15580 17483 14175 g -4159 -3589 -2903
0.02 a -13884 21781 14190 g -5452 -2793 -3950
0.02 a -12633 25010 12715 g -6532 -2404 -4767
0.02 a -10313 27184 8646 g -7702 -1801 -5590
0.02 a -5446 28875 1316 g -8558 -1396 -6553
0.02 a 504 27989 -6383 g -8260 -2903 -7246
0.02 a 11715 26250 -13491 g -7615 -3390 -7360
0.02 a 20522 19767 -18987 g -6790 -1584 -6816
0.02 a 17884 11977 -17695 g -5057 1035 -4164
0.02 a 9565 5892 -14539 g -2910 1862 -1073
0.02 a 3483 1361 -9354 g -1186 1254 496
