0.02 a -1628 -520 1456 g -1012 847 -209
0.02 a -1607 404 -194 g -1129 517 -121
0.02 a -1335 1517 -1958 g -1030 -338 -224
0.02 a -1049 3124 -4208 g -716 -972 -522
0.02 a 471 4837 -6393 g -408 -486 -831
0.02 a 2806 5912 -8162 g 76 333 -1079
0.02 a 4060 6037 -10104 g 1105 -354 -999
0.02 a 3366 5760 -11401 g 2743 -2148 -550
0.02 a 2040 6922 -12244 g 4544 -3258 -263
0.02 a 1547 10419 -10977 g 6423 -3125 -508
0.02 a 2454 15695 -6989 g 8260 -1704 -969
0.02 a 3729 21843 -850 g 9827 -481 -857
0.02 a 3889 29536 8884 g 11407 -737 40
0.02 a 382 32702 19003 g 12872 -2562 518
0.02 a -6456 24966 26855 g 12334 -1904 862
0.02 a -6600 16957 27644 g 8867 -150 357
0.02 a -1782 12254 22852 g 5509 -2104 -1208
0.02 a -2517 10340 18269 g 2877 -4410 -1600
0.02 a -6881 8415 17794 g 1256 -4456 -950
0.02 a -10948 8903 19664 g -77 -3877 -740
0.02 a -12116 12088 20397 g -1762 -3879 -1434
0.02 a -10576 17292 19566 g -3824 -4318 -2646
0.02 a -8210 22823 18892 g -6028 -3537 -3692
0.02 a -5825 27231 16344 g -8237 -1621 -4284
0.02 a -3102 28815 11774 g -9853 -624 -4888
0.02 a -1445 28209 4993 g -10405 -1449 -5309
0.02 a 667 26237 -3297 g -10554 -2334 -5483
0.02 a 3712 21982 -8604 g -9867 -2246 -5497
0.02 a 6626 19378 -13370 g -8457 -1865 -5077
0.02 a 10011 13926 -14284 g -6673 -1492 -4210
0.02 a 9741 9240 -11860 g -4298 -518 -2674
0.02 a 6941 6001 -9658 g -2537 251 -767
0.02 a 4249 3765 -7162 g -1420 945 454
0.02 a 2032 1905 -4877 g -734 1393 932
