0.02 a -424 693 -3526 g -46 230 -204
0.02 a -14 2708 -5480 g 127 -316 -264
0.02 a -174 5049 -9158 g 539 -1308 -274
0.02 a -316 7400 -11800 g 1385 -1678 -275
0.02 a 205 9119 -12646 g 2709 -1280 -614
0.02 a 806 10657 -12895 g 4214 -1458 -1093
0.02 a 1715 13449 -12123 g 5864 -2032 -1597
0.02 a 4059 17731 -8981 g 7600 -1817 -2048
0.02 a 6380 24111 -1356 g 9326 -826 -1996
0.02 a 8141 28615 10392 g 10961 -424 -1211
0.02 a 5978 29633 20553 g 12033 -1953 -499
0.02 a -1231 22956 25303 g 11360 -2333 300
0.02 a -5184 16292 26182 g 8460 558 1016
0.02 a -2847 11137 23626 g 6151 -477 175
0.02 a -2376 8181 20875 g 4490 -2588 -634
0.02 a -3386 6238 19150 g 3039 -3144 -818
0.02 a -4933 6284 18042 g 1757 -3262 -910
0.02 a -7200 7607 18200 g 511 -3295 -986
0.02 a -10928 8408 18093 g -746 -3373 -1049
0.02 a -13894 10958 17307 g -2248 -3505 -1494
0.02 a -14657 14943 16347 g -3965 -3560 -2479
0.02 a -14225 19631 14977 g -5605 -3865 -3616
0.02 a -12504 23884 11615 g -7222 -4412 -4561
0.02 a -9930 24995 7028 g -8739 -4284 -5139
0.02 a -6249 23981 2206 g -9605 -2987 -5547
0.02 a -1329 22514 -4141 g -9617 -2168 -5906
0.02 a 4058 20733 -8935 g -8673 -1970 -6042
0.02 a 10054 18579 -12703 g -7158 -1820 -5774
0.02 a 12330 13315 -11945 g -5245 -1624 -4598
0.02 a 10826 8700 -9307 g -3358 -631 -2376
