0.02 a -679 2334 -3514 g -453 -445 -36
0.02 a -471 2745 -3934 g -170 -252 -179
0.02 a 348 3679 -4338 g 46 294 -337
0.02 a 1454 5202 -5760 g 261 211 -403
0.02 a 2489 5980 -7487 g 973 -751 -438
0.02 a 3365 6053 -8610 g 2180 -1879 -477
0.02 a 3878 6538 -8558 g 3619 -2040 -443
0.02 a 3639 8260 -7727 g 5150 -1775 -219
0.02 a 3225 11247 -5856 g 6788 -1867 -4
0.02 a 3033 15917 -2589 g 8350 -2032 49
0.02 a 3012 21429 3295 g 9716 -1902 164
0.02 a 2116 27923 9660 g 10756 -1839 277
0.02 a -2437 29863 15474 g 11286 -2454 513
0.02 a -8540 26054 20813 g 10806 -968 1085
0.02 a -9707 19236 24645 g 9176 -337 536
0.02 a -5206 14875 22647 g 6972 -2406 -1336
0.02 a -1050 13318 19538 g 4278 -5555 -2969
0.02 a -4541 10932 20193 g 2228 -6403 -2380
0.02 a -10646 10478 20722 g 147 -6043 -842
0.02 a -13135 13988 20309 g -2473 -5036 -718
0.02 a -11204 20509 17584 g -5186 -4522 -2070
0.02 a -8320 25498 14052 g -7197 -4783 -3372
0.02 a -6862 27339 10519 g -8798 -4333 -3666
0.02 a -5520 27172 6226 g -10248 -2290 -3712
0.02 a -2744 25534 1809 g -10900 -127 -4455
0.02 a 348 22612 -1718 g -10235 567 -5380
0.02 a 4109 19224 -6597 g -8946 -149 -5844
0.02 a 7174 16948 -9613 g -7572 -466 -5634
0.02 a 9161 13310 -10001 g -5799 -724 -4910
0.02 a 9878 9376 -8568 g -3971 -676 -3806
