0.02 a -2424 -2024 1863 g -961 31 -222
0.02 a -2078 -1971 1244 g -867 195 -428
0.02 a -1660 -1376 706 g -766 251 -450
0.02 a -1390 -347 -1258 g -809 -280 -311
0.02 a -1077 503 -3821 g -740 -1074 -247
0.02 a -813 1298 -4531 g -168 -995 -318
0.02 a -643 3000 -5138 g 484 -270 -381
0.02 a -664 4956 -6807 g 916 -29 -458
0.02 a -664 6343 -8752 g 1552 -662 -587
0.02 a -566 7817 -10002 g 2638 -1559 -864
0.02 a 40 9562 -10401 g 3980 -1998 -1336
0.02 a 928 11931 -9750 g 5420 -1835 -1877
0.02 a 1864 15045 -8070 g 6953 -1606 -2299
0.02 a 3591 19735 -4211 g 8507 -1429 -2498
0.02 a 6034 24913 2648 g 9983 -1315 -2308
0.02 a 7447 29436 12427 g 11326 -1871 -1954
0.02 a 6410 28317 21024 g 11991 -3166 -1777
0.02 a 2134 21030 26239 g 10654 -2305 -1176
0.02 a 324 14693 26063 g 7537 -857 -460
0.02 a -227 10415 23862 g 5081 -1988 -620
0.02 a -2580 8296 22252 g 3241 -3332 -615
0.02 a -4674 8182 22469 g 1638 -3568 -656
0.02 a -6722 9646 23774 g 37 -3141 -894
0.02 a -8043 12736 22709 g -1991 -3002 -1211
0.02 a -7951 16936 20307 g -4311 -2966 -1739
0.02 a -6789 20880 17844 g -6327 -2664 -2349
0.02 a -6239 24221 15441 g -7981 -1910 -2736
0.02 a -5770 26143 11945 g -9230 -1656 -3116
0.02 a -5131 26488 6698 g -10169 -1794 -3598
0.02 a -2007 26797 745 g -10775 -1498 -4350
0.02 a 2252 24532 -5865 g -10576 -1573 -5119
0.02 a 5903 20811 -11322 g -9540 -1313 -5040
0.02 a 8330 15625 -13878 g -7704 -1055 -4334
0.02 a 9027 10205 -12734 g -5083 -1157 -3192
0.02 a 7516 7027 -10317 g -3194 -318 -1755
0.02 a 5443 4957 -7553 g -2023 811 -566
0.02 a 3518 3168 -5028 g -1193 1213 190
0.02 a 1767 1385 -3483 g -731 1118 634
