0.02 a -1785 -1033 2575 g -1950 702 245
0.02 a -2300 -259 1160 g -2150 789 312
0.02 a -2578 1160 -1827 g -2357 324 146
0.02 a -2508 3094 -5689 g -2327 -259 -206
0.02 a -1934 4917 -8242 g -1886 49 -495
0.02 a -682 6224 -9650 g -1053 406 -786
0.02 a 124 7110 -11177 g 136 -210 -981
0.02 a 819 7835 -12548 g 1545 -1223 -1080
0.02 a 1903 9145 -13243 g 3196 -1720 -1283
0.02 a 3637 11515 -12481 g 5157 -1737 -1595
0.02 a 5705 15697 -9397 g 7296 -1417 -1849
0.02 a 7176 21092 -3951 g 9438 -1150 -1706
0.02 a 7967 27886 5370 g 11396 -1459 -1198
0.02 a 5991 31683 14281 g 12932 -2225 -430
0.02 a -754 31131 20975 g 13017 -2838 172
0.02 a -8539 24096 25611 g 11061 48 1145
0.02 a -8465 17383 25790 g 8381 642 762
0.02 a -6128 12704 24928 g 6587 -2248 -756
0.02 a -7026 10590 25663 g 4814 -4365 -1417
0.02 a -8360 9943 26935 g 2711 -5062 -1511
0.02 a -9239 11904 25215 g -29 -4960 -1620
0.02 a -9868 16122 22356 g -3225 -3771 -1871
0.02 a -9499 20926 20194 g -5593 -3413 -2608
0.02 a -8494 25639 16552 g -7500 -4356 -3503
0.02 a -6937 28348 11182 g -9418 -4516 -3949
0.02 a -4954 28042 5338 g -10887 -3324 -4234
0.02 a -2677 25676 -488 g -11362 -1896 -4527
0.02 a 323 21913 -6043 g -10892 -979 -4776
0.02 a 2282 17491 -10574 g -9314 -1189 -4690
0.02 a 3635 15810 -12914 g -7142 -1806 -3992
0.02 a 7493 11876 -11488 g -4954 -1775 -3486
0.02 a 8488 8323 -10087 g -3193 -1411 -2792
0.02 a 6973 5793 -8879 g -2176 -539 -1297
0.02 a 5065 3474 -7018 g -1375 460 26
0.02 a 2813 1558 -5499 g -731 966 908
0.02 a 765 54 -4367 g -390 1237 1418
0.02 a 167 -1223 -3061 g -88 1380 1404
0.02 a -112 -1953 -2155 g 143 1202 1184
