0.02 a -911 -1009 5053 g -383 400 46
0.02 a -1149 -772 5234 g -633 567 88
0.02 a -1602 -460 3384 g -955 416 273
0.02 a -1794 476 610 g -1298 474 318
0.02 a -1984 1646 -2356 g -1581 1217 234
0.02 a -1880 3295 -5916 g -1819 2052 115
0.02 a -1833 5145 -9995 g -1615 1492 35
0.02 a -1534 6468 -12718 g -563 -197 8
0.02 a -527 7811 -13535 g 964 -1703 -264
0.02 a 1888 9490 -13190 g 2433 -1851 -793
0.02 a 3825 11604 -12205 g 3856 -1128 -1095
0.02 a 4498 14225 -10382 g 5559 -560 -907
0.02 a 4353 18671 -7259 g 7578 -714 -481
0.02 a 5030 25832 -1897 g 9584 -998 -161
0.02 a 6136 32250 5523 g 11245 -1055 -126
0.02 a 3519 32732 11401 g 12221 -1383 289
0.02 a -3746 32732 18626 g 12424 -1279 1192
0.02 a -8324 28671 24789 g 11283 453 1598
0.02 a -6711 19861 25822 g 9033 336 621
0.02 a -3634 15373 22796 g 6394 -2533 -751
0.02 a -5091 11990 23245 g 4227 -4956 -949
0.02 a -9087 10232 23959 g 2142 -5382 -234
0.02 a -11186 12302 22244 g -757 -4765 -47
0.02 a -11633 17119 19845 g -3720 -3676 -661
0.02 a -10675 23083 16176 g -6082 -3501 -1583
0.02 a -9136 28316 12825 g -8091 -3258 -2468
0.02 a -8571 31185 10575 g -9542 -2180 -3148
0.02 a -8853 31001 6540 g -10416 -827 -3675
0.02 a -6423 29328 1235 g -10878 -26 -4666
0.02 a -3172 26064 -3710 g -10457 821 -5870
0.02 a 513 21141 -8094 g -9174 929 -6726
0.02 a 3866 18435 -10353 g -7333 816 -6932
0.02 a 9336 15919 -10457 g -5343 -232 -6865
0.02 a 14342 12595 -9785 g -3494 -1353 -6461
0.02 a 14263 8457 -7989 g -2274 -690 -4689
0.02 a 11495 5240 -5944 g -1402 964 -2235
0.02 a 7593 2791 -4719 g -795 1850 -367
