0.02 a -613 828 3189 g -19 -159 709
0.02 a -343 580 3714 g 122 -155 475
0.02 a 54 368 4155 g 249 146 345
0.02 a 289 428 4298 g 192 212 374
0.02 a 258 495 4387 g 111 19 475
0.02 a 193 564 4340 g 109 -306 483
0.02 a -64 602 4297 g 115 -462 420
0.02 a -664 578 4268 g 55 -279 458
0.02 a -1548 793 4322 g 23 -75 523
0.02 a -2531 1108 4438 g 54 -66 426
0.02 a -3417 1639 4413 g 27 -132 114
0.02 a -4751 2410 4564 g -43 -122 -244
0.02 a -6325 3213 4821 g -93 -13 -536
0.02 a -8244 4456 5090 g -146 46 -900
0.02 a -10160 6177 5406 g -149 -142 -1468
0.02 a -11961 8002 5826 g -110 -731 -2289
0.02 a -13403 9597 5831 g -199 -1469 -3278
0.02 a -14091 11383 5314 g -641 -1894 -4547
0.02 a -14502 13713 4572 g -1377 -1658 -6074
0.02 a -13887 17292 3490 g -2072 -769 -7835
0.02 a -10797 22003 3753 g -2217 234 -9816
0.02 a -5159 26061 4971 g -1714 442 -11497
0.02 a 67 29061 6830 g -916 -1048 -12174
0.02 a 8175 31938 6155 g -908 -1308 -12177
0.02 a 21978 32285 5142 g -2382 1037 -11975
0.02 a 30758 23175 4221 g -2256 1727 -10133
0.02 a 26128 13166 1818 g -1270 134 -5399
0.02 a 15818 6540 -2975 g -1779 -43 -519
0.02 a 6550 1099 -3173 g -1705 602 1861
0.02 a 1728 -1931 -760 g -369 382 2036
0.02 a -505 -2867 1190 g 431 -277 1355
0.02 a -513 -2479 2544 g 641 -632 611
0.02 a 571 -1184 3443 g 603 -676 -36
0.02 a 1560 203 3800 g 487 -544 -369
