0.02 a -1095 1655 1840 g 257 187 1086
0.02 a -1616 1233 2043 g 582 -316 969
0.02 a -2143 1251 2266 g 626 -264 875
0.02 a -3120 1715 2854 g 539 81 786
0.02 a -4077 2598 3285 g 581 45 483
0.02 a -5270 3608 3932 g 658 -161 50
0.02 a -6493 5045 4519 g 610 -275 -376
0.02 a -8199 6320 5428 g 448 -157 -704
0.02 a -10025 7049 6216 g 221 77 -947
0.02 a -12380 8186 6056 g -224 300 -1178
0.02 a -13737 9710 5016 g -799 147 -1887
0.02 a -15251 11598 4173 g -1067 -469 -3012
0.02 a -16804 14015 3660 g -1145 -1253 -4506
0.02 a -18084 18326 1779 g -1405 -1641 -6372
0.02 a -16856 24696 1563 g -1523 -1228 -8803
0.02 a -10847 32661 3231 g -1147 -284 -11788
0.02 a -1407 32732 6515 g -500 -174 -14015
0.02 a 9609 32732 7538 g 215 -1557 -14563
0.02 a 26163 32732 4360 g -751 -1168 -13687
0.02 a 32732 31749 1001 g -1942 623 -12169
0.02 a 32732 14125 -762 g -1500 1669 -7094
0.02 a 18875 2707 -4682 g -1131 1276 -863
0.02 a 6395 -3190 -2080 g -146 857 1523
0.02 a 4491 -3471 2091 g 835 877 442
0.02 a 6008 -918 3518 g 693 927 -961
0.02 a 7026 551 4086 g 489 552 -1198
0.02 a 5818 768 4259 g 423 253 -482
0.02 a 3176 285 4316 g 437 27 453
0.02 a 402 -490 4932 g 595 -40 1025
0.02 a -506 -709 5261 g 608 47 907
