0.02 a 365 55 2000 g 246 -54 -109
0.02 a 453 220 3944 g 248 12 -31
0.02 a 109 469 4084 g 283 -156 203
0.02 a -252 1291 3991 g 252 -476 403
0.02 a -854 2252 3979 g 180 -589 542
0.02 a -2575 3687 3640 g 56 -590 644
0.02 a -5135 5769 3422 g -20 -501 495
0.02 a -8254 7188 4642 g 67 114 227
0.02 a -10569 8166 5403 g 29 657 -208
0.02 a -12296 9317 5278 g -166 318 -937
0.02 a -13805 10421 4687 g -369 -580 -1852
0.02 a -14654 12337 3813 g -724 -1570 -3192
0.02 a -15342 15660 3280 g -1162 -1946 -5028
0.02 a -15886 19707 4187 g -1278 -1573 -7255
0.02 a -14923 26534 4476 g -1261 -1217 -9862
0.02 a -11445 32732 4617 g -1464 -1184 -12544
0.02 a -4951 32732 5665 g -1590 -1194 -14682
0.02 a 1977 32732 5241 g -1583 -1150 -15632
0.02 a 11527 32732 4221 g -1898 -878 -14995
0.02 a 31534 32732 -1566 g -2406 -971 -14155
0.02 a 32732 26663 -2987 g -2251 -297 -11331
0.02 a 29805 11909 -3579 g -1978 2296 -4402
0.02 a 13043 2380 -5038 g -1280 1844 996
0.02 a 3866 -2684 -1352 g 258 689 2342
0.02 a 3413 -2743 2365 g 1139 453 784
0.02 a 5322 -380 3782 g 730 652 -800
0.02 a 6207 1092 4360 g 488 307 -1132
0.02 a 5013 1049 4718 g 419 85 -434
0.02 a 2584 168 4709 g 381 -40 476
0.02 a 348 -742 5117 g 492 -8 910
0.02 a -422 -892 5374 g 533 -71 680
0.02 a 84 -501 5283 g 380 -162 242
0.02 a 1042 -152 5066 g 228 -214 -24
0.02 a 1586 240 4722 g 61 -43 18
