0.02 a -1334 124 3281 g 179 55 445
0.02 a -1053 643 3323 g 265 62 372
0.02 a -1144 1345 3328 g 289 -211 452
0.02 a -2085 1964 3041 g 234 -732 618
0.02 a -3948 2853 2492 g 237 -1204 651
0.02 a -6352 4218 3113 g 353 -938 452
0.02 a -9059 5253 3985 g 424 -137 93
0.02 a -11466 5957 4453 g 272 396 -323
0.02 a -12763 7088 3227 g -81 50 -857
0.02 a -13763 8481 1467 g -446 -801 -1501
0.02 a -14259 10316 83 g -546 -1611 -2403
0.02 a -14835 12710 -356 g -394 -2185 -3879
0.02 a -15566 15271 439 g -109 -2107 -5814
0.02 a -15778 19740 503 g 95 -1619 -7743
0.02 a -13027 26460 1371 g 261 -1564 -9966
0.02 a -6294 32727 4091 g 641 -1637 -12247
0.02 a 3360 32732 8184 g 771 -959 -13540
0.02 a 16713 32732 8274 g 401 -441 -13554
0.02 a 32732 32631 4663 g -293 -1092 -12533
0.02 a 32732 18671 1880 g -748 -617 -9141
0.02 a 27329 6943 80 g -1104 1226 -3484
0.02 a 14242 -314 -619 g -565 1102 273
0.02 a 7808 -2696 1398 g 197 592 983
0.02 a 6241 -1672 2715 g 420 400 202
0.02 a 5438 -281 3842 g 398 227 -234
0.02 a 4283 183 4929 g 437 163 -49
0.02 a 2476 141 5285 g 340 185 495
