0.02 a -1011 -473 4408 g 257 -319 141
0.02 a -996 -412 4381 g 192 -251 147
0.02 a -794 -340 4482 g 127 -219 97
0.02 a -531 -74 4473 g 46 -101 76
0.02 a -626 142 4380 g -97 -112 179
0.02 a -1087 369 4098 g -165 -367 276
0.02 a -1775 735 3851 g -121 -590 263
0.02 a -2967 1620 3291 g -66 -715 148
0.02 a -4934 2589 3278 g 37 -622 -15
0.02 a -7203 3365 3724 g 142 -408 -246
0.02 a -9428 3958 3538 g 96 -424 -622
0.02 a -10942 4793 2675 g -154 -458 -1115
0.02 a -11678 5950 1575 g -442 -466 -1700
0.02 a -12227 7219 -135 g -623 -539 -2256
0.02 a -13418 8295 -792 g -477 -568 -2960
0.02 a -14855 9798 -681 g -9 -930 -4025
0.02 a -15302 12758 -782 g 351 -1496 -5346
0.02 a -14122 17222 -272 g 386 -1680 -6945
0.02 a -10268 22469 1682 g 436 -1358 -8634
0.02 a -3163 26086 5327 g 630 -655 -10055
0.02 a 5563 28602 8718 g 937 -105 -10489
0.02 a 21306 30396 10176 g 935 248 -10387
0.02 a 32732 22320 9490 g 629 -107 -10564
0.02 a 32732 9709 6298 g 150 37 -6816
0.02 a 18538 2069 132 g -761 280 -813
0.02 a 5905 -2729 1333 g -250 427 1636
0.02 a 2595 -2951 4401 g 574 753 890
0.02 a 2206 -1295 5284 g 542 519 -296
0.02 a 2685 -188 5382 g 370 -99 -718
0.02 a 2399 281 4942 g 121 -141 -464
0.02 a 778 204 3912 g -184 199 180
0.02 a -993 -349 3493 g -128 218 639
0.02 a -1558 -456 3159 g 54 100 625
