0.02 a -2067 380 4085 g -125 199 608
0.02 a -1534 572 3733 g -76 -349 153
0.02 a -801 875 3582 g -75 -607 -140
0.02 a -584 892 3539 g -169 -308 -5
0.02 a -456 986 3602 g -220 -135 207
0.02 a -441 1018 3764 g -120 -295 289
0.02 a -667 1116 3850 g -57 -481 309
0.02 a -1325 1566 3606 g -103 -593 287
0.02 a -2498 2126 3309 g -119 -661 207
0.02 a -4879 3016 3204 g -103 -617 152
0.02 a -8028 4388 3270 g -88 -399 28
0.02 a -11340 5458 3076 g -130 -278 -353
0.02 a -12907 6775 2643 g -216 -507 -1194
0.02 a -13956 8590 1893 g -371 -765 -2185
0.02 a -14988 10541 965 g -497 -1095 -3105
0.02 a -15444 12800 425 g -440 -1735 -4327
0.02 a -15853 15557 1086 g -247 -2097 -5867
0.02 a -14763 19551 1779 g -123 -1923 -7589
0.02 a -10663 24085 2432 g -190 -1585 -9519
0.02 a -4332 27959 4098 g -137 -1106 -11041
0.02 a 3375 31291 6968 g 100 -600 -11639
0.02 a 15875 32732 7897 g 207 -658 -11867
0.02 a 31106 27948 4291 g -398 -1053 -11564
0.02 a 32596 16918 2595 g -1064 -5 -8608
0.02 a 22771 7032 442 g -958 784 -3458
0.02 a 10179 953 -533 g -654 761 250
0.02 a 4585 -1618 802 g -166 858 963
0.02 a 3801 -1503 2806 g 365 497 27
0.02 a 4229 -320 3527 g 388 57 -643
0.02 a 4486 525 4119 g 349 -273 -717
0.02 a 3651 679 4505 g 291 -228 -266
0.02 a 2028 413 4203 g 192 -136 408
