0.02 a 79 293 5647 g 418 46 509
0.02 a 8 37 4456 g 480 -13 596
0.02 a -75 -112 4552 g 453 4 529
0.02 a 156 30 4320 g 339 -173 312
0.02 a 497 184 4124 g 280 -252 190
0.02 a 592 203 4225 g 266 -156 281
0.02 a 474 256 4348 g 247 -36 430
0.02 a 194 272 4362 g 266 -118 477
0.02 a -204 430 4285 g 272 -283 412
0.02 a -791 823 4216 g 286 -386 270
0.02 a -1600 1440 4435 g 302 -318 92
0.02 a -3287 2090 4814 g 263 -110 -25
0.02 a -5868 2724 5188 g 165 90 -158
0.02 a -8110 3341 5737 g 142 177 -608
0.02 a -9712 5133 5877 g 33 -18 -1525
0.02 a -11118 7244 6191 g -140 -446 -2592
0.02 a -12381 9514 6452 g -298 -1143 -3601
0.02 a -13462 12015 6416 g -656 -2049 -4739
0.02 a -14519 14775 5842 g -1356 -2505 -6075
0.02 a -14003 18318 4510 g -2222 -2270 -7791
0.02 a -11257 22823 3616 g -2897 -1521 -9768
0.02 a -6460 26715 3717 g -3091 -926 -11482
0.02 a -989 29614 5047 g -2788 -812 -12427
0.02 a 6796 31821 5157 g -2614 -604 -12678
0.02 a 18888 32354 2157 g -3199 -284 -12348
0.02 a 27351 25088 247 g -3055 -218 -10586
0.02 a 25495 15541 -1594 g -2245 -506 -6481
0.02 a 18607 8377 -3507 g -2059 386 -2014
0.02 a 9439 2916 -3639 g -1700 1318 1018
0.02 a 2878 -835 -1026 g -611 1169 2127
0.02 a 675 -2146 1280 g 159 536 1595
0.02 a 799 -1783 2403 g 284 -201 689
0.02 a 1681 -819 2558 g 183 -734 85
