0.02 a -654 -2997 2440 g 57 -114 41
0.02 a -697 -3204 2740 g 76 -24 4
0.02 a -574 -3114 2837 g 99 -138 -40
0.02 a -625 -3039 2649 g 18 -414 -59
0.02 a -744 -2974 1999 g -95 -667 -50
0.02 a -1017 -2689 -185 g -255 -894 -41
0.02 a -1455 -1428 -5140 g -489 -1076 -134
0.02 a -990 1605 -8047 g -386 -650 -302
0.02 a 1062 5625 -10492 g 480 -291 -664
0.02 a 3187 10029 -12107 g 1489 -453 -929
0.02 a 3185 12939 -12308 g 2549 -535 -534
0.02 a 47 14630 -12239 g 3792 -905 448
0.02 a -3660 16425 -11548 g 5183 -1032 1165
0.02 a -5182 18630 -10145 g 6733 -756 866
0.02 a -4263 23470 -7718 g 8396 -217 -21
0.02 a -1982 32414 -617 g 10137 953 -552
0.02 a -1264 32732 9744 g 12064 1881 -320
0.02 a -6217 32732 22009 g 13495 1804 829
0.02 a -8262 29166 32127 g 13267 1036 1550
0.02 a -21 20406 29557 g 10242 -621 -338
0.02 a 4696 15282 23438 g 5792 -648 -1645
0.02 a 3261 11055 19629 g 3449 -365 -552
0.02 a 112 7520 17000 g 2606 -949 870
0.02 a -1410 4897 14338 g 1570 -786 1369
0.02 a -1982 3478 10716 g 487 -660 1075
0.02 a -1049 3140 7786 g -226 -1104 526
0.02 a -70 3700 5712 g -669 -1371 177
0.02 a 61 3985 4052 g -1040 -1279 198
0.02 a 162 4044 2557 g -1313 -992 272
0.02 a -62 4044 1634 g -1493 -363 332
0.02 a -143 4407 1186 g -1519 311 346
