0.02 a 346 150 -3007 g 225 -554 -108
0.02 a 824 3685 -7098 g 424 -1006 -298
0.02 a 1392 9155 -10407 g 725 -915 -413
0.02 a 2021 12849 -11172 g 1913 -452 -321
0.02 a 1611 13681 -10633 g 4106 -411 118
0.02 a 196 15350 -11112 g 6036 -890 473
0.02 a -1028 18388 -10432 g 7576 -734 614
0.02 a -2131 22663 -6604 g 9603 -598 516
0.02 a -2425 29393 -719 g 12089 -775 194
0.02 a -2511 32732 11227 g 14158 -528 21
0.02 a -4891 32732 24461 g 15787 -1365 -164
0.02 a -2368 31088 32764 g 15272 -943 -1235
0.02 a 2606 19007 32764 g 10172 2324 -2079
0.02 a 4253 11786 26773 g 4808 1694 -1270
0.02 a 2506 7357 21556 g 3018 -850 -25
0.02 a 692 4829 17467 g 1584 -999 617
0.02 a 196 3653 13297 g -6 -155 696
