0.02 a -261 -2156 -2275 g 103 -313 233
0.02 a -45 -569 -3527 g 243 -404 73
0.02 a 354 2315 -5849 g 480 -575 -56
0.02 a 1175 6220 -8219 g 814 -1007 -177
0.02 a 2010 9603 -9593 g 1645 -1335 -394
0.02 a 1616 11341 -9789 g 2913 -1319 -195
0.02 a 384 12349 -10069 g 4368 -1436 264
0.02 a -387 13519 -10338 g 5894 -1513 361
0.02 a -1398 16077 -10105 g 7427 -1375 148
0.02 a -1898 21406 -6698 g 9269 -857 -207
0.02 a -1051 27178 -381 g 11444 -176 -627
0.02 a -1700 32732 9746 g 13241 474 -666
0.02 a -6260 32732 21083 g 14401 443 -32
0.02 a -6106 28938 29850 g 13741 355 -110
0.02 a 1423 21294 30657 g 10112 912 -2070
0.02 a 4274 14740 26045 g 5616 1322 -2307
0.02 a 2447 10011 21381 g 3182 -89 -613
0.02 a 327 6699 17382 g 1833 -860 552
0.02 a -573 4944 13394 g 324 -311 789
0.02 a -372 4143 9931 g -751 121 501
