0.02 a -533 -3462 2222 g -141 156 121
0.02 a -553 -3516 2007 g -101 240 92
0.02 a -494 -3012 525 g -120 21 -18
0.02 a -405 -2359 -2503 g -122 -531 -123
0.02 a -869 -1482 -6539 g -18 -974 -170
0.02 a -1109 1231 -8580 g 414 -724 -217
0.02 a 207 4880 -10085 g 1325 -807 -688
0.02 a 948 7880 -11833 g 2171 -1028 -1051
0.02 a 735 10662 -12776 g 2995 -296 -685
0.02 a -1 12877 -12810 g 4105 -18 -229
0.02 a -1529 15507 -12036 g 5624 -369 17
0.02 a -2802 19601 -10448 g 7282 -674 -79
0.02 a -2463 24987 -6595 g 8847 -223 -561
0.02 a -1559 30853 -631 g 10394 703 -861
0.02 a -2091 32732 9246 g 11700 1883 -277
0.02 a -4577 32732 21780 g 12826 1605 471
0.02 a -1401 28909 32036 g 12956 -325 3
0.02 a 3859 20193 32644 g 9857 -140 -1377
0.02 a 2588 13187 27419 g 5202 841 -764
0.02 a 863 8194 21101 g 2806 -298 289
0.02 a -1044 4969 15408 g 1313 -449 639
0.02 a -1872 3579 10719 g 286 117 573
0.02 a -1606 3850 7925 g -3 -21 132
0.02 a -628 4376 6252 g -45 -501 -192
0.02 a -94 4465 4921 g -231 -677 -147
0.02 a -357 4544 3367 g -577 -449 164
0.02 a -768 4487 2103 g -800 -236 338
0.02 a -692 4235 1303 g -827 52 283
0.02 a -379 4458 1050 g -695 226 70
