0.02 a -376 -2934 3071 g 115 238 78
0.02 a -619 -3127 3350 g 112 26 105
0.02 a -668 -3046 3320 g 34 -257 79
0.02 a -582 -3014 3068 g -106 -438 50
0.02 a -433 -2891 2766 g -203 -410 15
0.02 a -525 -2615 1698 g -209 -427 6
0.02 a -815 -2175 -1628 g -274 -639 11
0.02 a -1200 -777 -6104 g -328 -726 -130
0.02 a -657 2243 -8333 g 145 -178 -360
0.02 a 1734 5189 -9070 g 1158 -38 -795
0.02 a 2462 8833 -10615 g 1910 -165 -727
0.02 a 1279 11175 -11479 g 2491 -327 -5
0.02 a -773 13015 -12981 g 3571 -1111 552
0.02 a -2203 14505 -13344 g 4978 -1410 646
0.02 a -2043 17996 -13201 g 6555 -950 199
0.02 a 362 25412 -8803 g 8415 114 -334
0.02 a 1340 32732 3654 g 10700 1511 -57
0.02 a -2210 32732 17771 g 12805 1602 1121
0.02 a -6095 29304 28141 g 13423 93 1831
0.02 a -1934 22340 31482 g 10587 889 376
0.02 a 468 15461 28620 g 6297 2742 -436
0.02 a -780 10146 21171 g 3792 644 432
0.02 a -2803 6885 16591 g 2531 -930 1006
0.02 a -2612 5247 13673 g 1697 -612 853
0.02 a -1884 4910 11033 g 1081 -752 478
0.02 a -1506 4541 8793 g 507 -995 297
0.02 a -1500 3991 6698 g -129 -1166 304
0.02 a -1454 3597 4490 g -693 -1176 296
0.02 a -934 3426 2632 g -1025 -1063 165
0.02 a -197 3519 1642 g -1052 -705 -11
0.02 a 333 3661 1166 g -948 -197 -93
0.02 a 251 3833 927 g -853 200 -36
