0.02 a -298 -2355 -389 g -164 206 203
0.02 a -1979 -2265 -1079 g 32 369 458
0.02 a -2456 -2051 -1440 g 573 497 213
0.02 a -1452 -319 -3277 g 1084 -398 -547
0.02 a -1057 1959 -5155 g 1396 -1206 -866
0.02 a -968 5605 -7186 g 1841 -1617 -717
0.02 a 281 8653 -8240 g 2606 -1804 -778
0.02 a 276 10507 -8911 g 3618 -1267 -705
0.02 a -697 12058 -9076 g 4579 -251 -235
0.02 a -1678 13428 -8167 g 5707 974 437
0.02 a -2840 14962 -6992 g 6855 1105 899
0.02 a -2333 16902 -3045 g 8285 861 703
0.02 a -1023 20210 1957 g 9511 896 66
0.02 a -1444 23768 9965 g 9861 1895 -20
0.02 a -2056 21769 22631 g 10165 1991 214
0.02 a -430 16778 27525 g 9514 60 -13
0.02 a 2369 13561 24571 g 6126 -878 -304
0.02 a 2639 10113 22397 g 3392 -485 -85
0.02 a 443 6665 20269 g 2361 -1035 519
0.02 a -1248 4733 16538 g 1228 -933 900
0.02 a -1519 4181 12772 g -18 -289 778
0.02 a -1213 4103 9665 g -783 -13 435
0.02 a -796 4198 7075 g -1201 -59 238
0.02 a -309 4486 4766 g -1462 -267 142
0.02 a 129 4349 3176 g -1577 -390 117
0.02 a 388 4246 1915 g -1575 -536 130
0.02 a 559 3972 910 g -1543 -544 138
