0.02 a 329 -2341 2553 g -61 -222 -85
0.02 a 327 -2272 2792 g 25 -104 0
0.02 a 151 -2455 2647 g 98 -60 87
0.02 a -284 -2289 1200 g -10 -283 51
0.02 a -868 -1457 -1594 g -160 -604 -81
0.02 a -640 -1080 -2975 g -24 -322 -262
0.02 a -257 -1013 -3134 g 490 437 -220
0.02 a 18 -359 -3134 g 1025 372 -201
0.02 a 52 359 -3185 g 1502 -267 -245
0.02 a -234 1188 -3265 g 1846 -790 -232
0.02 a -589 2365 -3927 g 2088 -967 -226
0.02 a -1104 3583 -4477 g 2420 -729 -236
0.02 a -1038 5016 -4180 g 2950 -202 -343
0.02 a -748 6499 -3233 g 3602 117 -507
0.02 a -565 7953 -1964 g 4265 239 -579
0.02 a -792 9229 -781 g 4758 311 -518
0.02 a -875 10489 252 g 5086 303 -500
0.02 a -874 11503 1298 g 5357 310 -571
0.02 a -982 12604 2366 g 5604 576 -547
0.02 a -1441 13650 4664 g 5837 948 -437
0.02 a -2061 13894 8384 g 6178 928 -360
0.02 a -1854 13520 11935 g 6447 50 -639
0.02 a 166 12210 14690 g 6299 -775 -1298
0.02 a 2614 10111 16200 g 5615 -720 -1720
0.02 a 3318 7937 16119 g 4353 1 -1271
0.02 a 2084 6829 13711 g 2708 332 -253
0.02 a 558 5847 11405 g 1516 -25 409
0.02 a -306 5108 9266 g 858 -534 498
0.02 a -281 4503 7299 g 423 -866 291
0.02 a -56 4194 5509 g 73 -960 107
0.02 a 128 4000 4450 g -141 -801 118
0.02 a 458 4004 3756 g -253 -564 169
0.02 a 444 4031 2950 g -379 -345 252
0.02 a 165 4063 2066 g -496 -204 310
0.02 a 137 4206 1214 g -508 -260 219
0.02 a 159 4178 831 g -399 -350 90
0.02 a 348 4098 821 g -262 -206 59
0.02 a 209 3875 1035 g -189 87 119
0.02 a 73 3688 1387 g -169 378 167
0.02 a 146 3683 1386 g -216 467 122
0.02 a 446 3895 1126 g -271 364 40
0.02 a 531 3970 1047 g -236 286 55
0.02 a 278 3903 1163 g -111 222 149
0.02 a -114 3881 1343 g -10 160 226
0.02 a -98 3823 1428 g 62 91 162
0.02 a -8 3766 1602 g 93 116 72
