0.02 a -694 -2562 4235 g 528 111 -381
0.02 a -354 -2401 4137 g 213 126 -345
0.02 a -583 -2386 3794 g -60 220 -51
0.02 a -1051 -2817 3741 g 21 97 133
0.02 a -1012 -2975 4019 g 247 182 81
0.02 a -731 -2713 4037 g 195 188 -87
0.02 a -597 -2494 3799 g -19 0 -125
0.02 a -849 -2509 3712 g -149 -305 -31
0.02 a -933 -2501 3435 g -172 -708 -4
0.02 a -1059 -2521 3015 g -263 -764 -56
0.02 a -631 -2232 2541 g -395 -415 -212
0.02 a -325 -2045 1638 g -487 -261 -271
0.02 a -511 -1666 -1182 g -516 -553 -205
0.02 a -1893 -1066 -6246 g -505 -986 -76
0.02 a -2314 1979 -11077 g -285 -1072 -195
0.02 a 1350 7244 -13997 g 372 -741 -839
0.02 a 4621 11624 -15225 g 1353 -338 -1083
0.02 a 3427 14813 -14965 g 2705 -44 11
0.02 a -261 16702 -14397 g 4403 -620 1387
0.02 a -3585 18987 -13852 g 6195 -1161 1829
0.02 a -4536 23260 -12202 g 7928 -933 1066
0.02 a -3344 32240 -7035 g 9762 271 -44
0.02 a -2098 32732 4097 g 11754 2045 -444
0.02 a -5350 32732 19071 g 13480 2790 425
0.02 a -9320 32732 32602 g 14027 1445 1481
0.02 a -2365 23886 31269 g 11092 20 639
0.02 a 2976 18193 25317 g 5806 -81 -455
0.02 a 1119 12842 22511 g 3712 -742 325
0.02 a -1449 8511 20033 g 2974 -1449 1457
0.02 a -2221 5122 16271 g 1501 -466 1687
0.02 a -3350 3445 11732 g 197 -323 1559
0.02 a -2842 2939 7891 g -482 -1190 1131
0.02 a -1924 3713 4466 g -958 -1628 597
0.02 a -1231 4282 2188 g -1272 -1216 269
0.02 a -489 4486 845 g -1318 -327 111
0.02 a -472 4612 -104 g -1208 175 123
0.02 a -732 4532 -233 g -878 116 186
0.02 a -1136 4116 -321 g -636 -150 151
0.02 a -998 4187 -727 g -576 -478 9
0.02 a -334 4310 -1002 g -594 -517 -173
