0.02 a -588 -2715 1782 g -62 -498 -236
0.02 a -366 -2196 1413 g -120 -690 -338
0.02 a -568 -1225 -148 g -246 -699 -206
0.02 a -809 218 -3341 g -370 -973 -220
0.02 a -939 1818 -5838 g -130 -1161 -428
0.02 a -562 3445 -6654 g 726 -948 -618
0.02 a -573 6631 -8526 g 1613 -1205 -677
0.02 a -461 9516 -10179 g 2338 -1360 -653
0.02 a -893 11667 -11500 g 3273 -929 -551
0.02 a -2076 13647 -11294 g 4618 -165 -361
0.02 a -3203 16926 -10054 g 6483 508 -305
0.02 a -3287 21736 -7050 g 8518 887 -566
0.02 a -2791 28030 -2494 g 10464 1536 -766
0.02 a -3406 32732 4093 g 12005 2262 -506
0.02 a -5614 32732 15310 g 13163 2494 169
0.02 a -8577 32625 28001 g 13905 2371 1019
0.02 a -4503 21318 29636 g 11692 1925 569
0.02 a 675 15313 22994 g 6612 1413 -336
0.02 a 1927 12200 17311 g 3555 -137 111
0.02 a -746 8349 15213 g 3019 -1997 965
0.02 a -2149 5630 13583 g 2249 -1589 1435
0.02 a -1874 3736 11148 g 1000 -721 1153
0.02 a -1949 2794 8162 g 129 -728 786
0.02 a -1527 2657 5658 g -402 -990 443
0.02 a -329 3162 4124 g -666 -827 59
0.02 a 303 3906 3102 g -826 -353 -73
0.02 a 534 4451 2529 g -938 -36 -14
0.02 a 542 4682 1838 g -1018 7 58
0.02 a 8 4580 601 g -1137 -266 143
0.02 a -467 4540 -378 g -1188 -469 156
0.02 a -341 4498 -459 g -1025 -427 19
0.02 a -7 4525 -443 g -830 -351 -117
0.02 a 139 4396 -362 g -712 -249 -107
0.02 a 110 4259 -232 g -642 -81 -10
0.02 a -234 4155 -367 g -634 44 97
0.02 a -714 4027 -483 g -565 99 138
0.02 a -756 3799 -221 g -363 156 39
0.02 a -622 3884 -76 g -161 285 -115
