0.02 a -777 8355 -9792 g 2106 -416 -268
0.02 a 473 10167 -10141 g 3195 -699 -700
0.02 a -442 12128 -11132 g 4360 -1209 -614
0.02 a -960 13908 -9870 g 5794 -1404 -509
0.02 a -1242 16937 -7049 g 7414 -1037 -731
0.02 a -920 22040 -1458 g 8947 -625 -1215
0.02 a 2286 27104 6652 g 10504 -586 -2003
0.02 a 2933 29042 14854 g 11635 -1249 -2410
0.02 a 3512 30391 22058 g 11986 -1678 -2201
0.02 a 8715 26594 25541 g 10717 -1755 -3256
0.02 a 8027 19284 25844 g 8321 -307 -3082
0.02 a 4693 11972 22765 g 5806 131 -1422
0.02 a 2598 7901 17751 g 3786 -307 -448
0.02 a 1493 5292 13191 g 2136 -714 -225
0.02 a 401 4397 8481 g 1148 -1372 -231
0.02 a -111 4025 4940 g 437 -1802 -234
0.02 a 400 4312 3201 g 74 -1727 -283
0.02 a 654 4623 2369 g -117 -1559 -326
