0.02 a -1265 -3257 410 g 206 74 429
0.02 a -909 -2276 -284 g 406 -157 -116
0.02 a -976 -722 -2421 g 517 -817 -417
0.02 a -1148 1679 -5220 g 712 -1284 -476
0.02 a -1191 3579 -6751 g 1321 -1311 -520
0.02 a -409 5568 -6447 g 2503 -1110 -733
0.02 a -68 7561 -6678 g 3644 -1395 -996
0.02 a 1 9138 -6569 g 4383 -1347 -1011
0.02 a -235 9509 -5666 g 5056 -377 -720
0.02 a -789 9710 -4654 g 5810 266 -418
0.02 a -616 10837 -2843 g 6703 528 -405
0.02 a 140 12812 1377 g 7656 1034 -560
0.02 a -312 15007 9370 g 8724 1313 -518
0.02 a -168 14568 19515 g 9728 42 -623
0.02 a 1423 11970 24197 g 8986 -741 -981
0.02 a 3266 9710 22219 g 5800 -20 -1197
0.02 a 3772 7412 18045 g 3029 780 -790
0.02 a 2339 5590 14729 g 1906 189 -109
0.02 a 921 4160 12534 g 1524 -413 351
0.02 a 343 3279 10835 g 1084 -389 339
0.02 a 457 2871 8810 g 549 -299 138
0.02 a 755 2805 6702 g 78 -295 6
0.02 a 550 2687 5049 g -210 -342 33
