0.02 a -375 294 2646 g 194 24 104
0.02 a 37 482 4351 g 216 186 132
0.02 a 211 346 4716 g 300 101 273
0.02 a 240 321 4767 g 315 -360 353
0.02 a 257 492 4432 g 221 -802 331
0.02 a 62 676 4117 g 99 -720 328
0.02 a -403 1075 3876 g 34 -433 349
0.02 a -1381 1550 4022 g 74 -304 323
0.02 a -3061 2042 4392 g 149 -270 219
0.02 a -5005 2448 4927 g 186 -357 -53
0.02 a -6698 2811 5391 g 106 -434 -483
0.02 a -8227 3489 5579 g -119 -581 -1021
0.02 a -9724 4796 5768 g -366 -943 -1682
0.02 a -11017 6699 6487 g -591 -1376 -2474
0.02 a -12570 8822 7072 g -956 -2002 -3362
0.02 a -14113 11088 6531 g -1517 -2740 -4346
0.02 a -13838 13557 4785 g -2353 -2789 -5664
0.02 a -11680 15980 2863 g -3299 -1422 -7226
0.02 a -8534 18452 2050 g -3604 576 -8606
0.02 a -3473 20321 2630 g -2780 989 -9655
0.02 a 1364 21165 3507 g -1510 -183 -10148
0.02 a 9107 24549 5375 g -1224 39 -10327
0.02 a 24350 25043 5033 g -1460 1182 -10962
0.02 a 32180 18369 3240 g -1396 1194 -9401
0.02 a 27648 10248 66 g -1208 673 -4969
0.02 a 16402 3788 -1675 g -904 288 -562
0.02 a 4739 -608 -1221 g -416 678 2002
0.02 a -1249 -2787 1745 g 382 499 2223
0.02 a -2056 -2469 4085 g 759 164 1088
0.02 a -157 -856 5126 g 629 -316 -119
0.02 a 2147 437 5330 g 309 -373 -748
0.02 a 2964 763 4966 g 42 -213 -597
