0.02 a -2054 795 1698 g 36 -217 1755
0.02 a -2352 580 2446 g 344 -355 1380
0.02 a -2576 605 3001 g 652 -414 1015
0.02 a -2678 1049 3489 g 763 -285 777
0.02 a -2790 1722 3936 g 658 -166 584
0.02 a -3575 2440 4304 g 655 -284 238
0.02 a -4861 3855 4399 g 736 -509 -324
0.02 a -7124 5040 5298 g 827 -460 -786
0.02 a -9232 5777 6253 g 795 -410 -1133
0.02 a -10912 6856 5993 g 443 -666 -1711
0.02 a -11328 8638 4499 g -154 -1139 -2703
0.02 a -12095 10700 3976 g -579 -1247 -3810
0.02 a -13752 12942 4255 g -708 -1214 -4921
0.02 a -15099 15689 3734 g -846 -1480 -6296
0.02 a -14088 19818 1989 g -1278 -1875 -8263
0.02 a -11345 24661 1262 g -1527 -1765 -10443
0.02 a -6252 28437 2184 g -1306 -1406 -12233
0.02 a -566 31595 3889 g -1023 -1127 -13141
0.02 a 7098 32732 3878 g -841 -1567 -13244
0.02 a 19818 32732 2382 g -1295 -1526 -12910
0.02 a 31702 24448 266 g -1527 -1085 -11353
0.02 a 30543 14006 -110 g -1384 19 -6945
0.02 a 21145 6521 -1918 g -1305 652 -1845
0.02 a 9160 1261 -2043 g -987 886 1591
0.02 a 2561 -1686 447 g -127 442 2405
0.02 a 1043 -1933 2595 g 494 -269 1510
0.02 a 1913 -759 3459 g 423 -621 429
0.02 a 3182 732 3483 g 154 -604 -165
