0.02 a -653 1250 2763 g 279 -1050 -343
0.02 a -892 1760 2443 g 143 -874 -478
0.02 a -1818 2068 2561 g 146 -702 -418
0.02 a -3301 2684 2607 g 360 -883 -445
0.02 a -4881 3417 3143 g 599 -1291 -633
0.02 a -6704 4249 3951 g 458 -1003 -776
0.02 a -8864 5878 4037 g 26 -601 -1002
0.02 a -10841 7543 3973 g -265 -470 -1451
0.02 a -12606 9473 3368 g -486 -434 -2141
0.02 a -13250 11603 2610 g -578 -533 -3152
0.02 a -13906 14293 1952 g -661 -754 -4260
0.02 a -14801 17911 1346 g -748 -1136 -5519
0.02 a -15307 22499 993 g -733 -1538 -7260
0.02 a -14329 28386 2019 g -596 -1619 -9389
0.02 a -10779 32732 4299 g -391 -1267 -11455
0.02 a -3234 32732 7000 g -324 -1190 -13056
0.02 a 6564 32732 8331 g -369 -1222 -13729
0.02 a 20057 32732 5270 g -764 -647 -13527
0.02 a 32732 32725 3842 g -1271 733 -12515
0.02 a 32732 19841 3565 g -516 799 -9154
0.02 a 25556 8136 972 g -426 614 -4132
0.02 a 14763 1414 -1160 g -638 683 -1013
0.02 a 9025 -1285 -338 g -246 536 -241
0.02 a 7617 -843 1274 g 100 656 -583
0.02 a 7027 -115 2009 g 150 366 -727
0.02 a 5821 459 2600 g 158 197 -346
0.02 a 3487 42 3292 g 308 141 320
0.02 a 912 -698 4276 g 612 188 860
