0.02 a 364 969 4763 g -45 -457 126
0.02 a 513 812 3592 g -43 -218 181
0.02 a 440 719 3766 g -13 21 261
0.02 a 428 671 3757 g -12 -20 289
0.02 a 514 607 3771 g 8 -176 257
0.02 a 332 583 3905 g 18 -151 287
0.02 a 120 569 4053 g 6 -46 282
0.02 a 41 597 4225 g -1 41 166
0.02 a 73 750 4261 g -16 56 3
0.02 a 136 853 4350 g -17 -51 -120
0.02 a -51 936 4292 g -71 -199 -131
0.02 a -573 1261 4248 g -130 -304 -118
0.02 a -1661 1595 4291 g -141 -287 -193
0.02 a -3080 2117 4551 g -128 -177 -441
0.02 a -4849 2696 5250 g -138 32 -796
0.02 a -7255 3607 6115 g -202 60 -1138
0.02 a -10192 5141 6837 g -293 -437 -1675
0.02 a -12650 6969 7432 g -439 -1272 -2627
0.02 a -14547 9284 7939 g -797 -1818 -3963
0.02 a -17021 11855 7086 g -1572 -2154 -5559
0.02 a -17856 15676 4419 g -2619 -2037 -7395
0.02 a -14929 20539 2556 g -3443 -1065 -9731
0.02 a -9527 24570 3118 g -3366 -21 -11685
0.02 a -3447 27714 3420 g -2357 -927 -12634
0.02 a 5549 29982 4175 g -1810 -1642 -12666
0.02 a 18914 30924 1785 g -2676 -45 -12093
0.02 a 27430 25125 198 g -2920 914 -10041
0.02 a 25834 16088 -614 g -1507 -188 -6052
0.02 a 17354 8619 -2133 g -1197 5 -1602
0.02 a 7710 2601 -2565 g -1092 630 1308
0.02 a 1467 -1351 -163 g -206 441 2131
0.02 a -413 -2429 2059 g 385 -151 1413
0.02 a 516 -1728 3324 g 428 -592 333
0.02 a 2088 -407 3670 g 250 -829 -431
