0.02 a -947 1146 4596 g 211 -220 483
0.02 a -1838 1403 4289 g 216 -582 397
0.02 a -2461 1916 4231 g 244 -639 170
0.02 a -3100 2548 4496 g 206 -318 -8
0.02 a -4301 3696 4518 g 43 -85 -152
0.02 a -6429 5004 4797 g -128 -33 -343
0.02 a -9033 6909 5106 g -200 -417 -707
0.02 a -11708 8849 5557 g -261 -1002 -1438
0.02 a -13895 10132 6142 g -395 -1371 -2502
0.02 a -15580 11697 5117 g -890 -1821 -3840
0.02 a -16743 14329 3554 g -1662 -1771 -5482
0.02 a -15140 18233 1829 g -2200 -1021 -7678
0.02 a -10555 23155 2277 g -2131 -43 -10202
0.02 a -3339 26869 4754 g -1478 606 -12090
0.02 a 4520 29249 7583 g -757 62 -12793
0.02 a 16691 30287 7828 g -680 147 -12805
0.02 a 29432 26933 6153 g -1481 1068 -11917
0.02 a 31756 17140 3950 g -1326 597 -8925
0.02 a 24893 8449 1062 g -1247 413 -4231
0.02 a 14709 2324 -1201 g -1351 752 -402
0.02 a 5844 -1721 -529 g -820 670 1556
0.02 a 1111 -3265 1018 g -69 287 1665
0.02 a 35 -3147 2326 g 188 56 836
0.02 a 635 -2286 2960 g 206 -9 3
0.02 a 1763 -905 2931 g 143 -219 -471
