0.02 a -1152 299 3954 g 176 22 690
0.02 a -890 359 3979 g 190 -86 393
0.02 a -470 592 3867 g 88 12 268
0.02 a -343 773 4033 g 69 290 311
0.02 a -682 780 4214 g 145 232 374
0.02 a -1288 841 4297 g 185 7 404
0.02 a -1900 1088 4392 g 148 -95 338
0.02 a -2802 1449 4109 g 75 -215 224
0.02 a -4236 2075 3895 g 8 -238 67
0.02 a -6437 2697 4299 g 12 -11 -146
0.02 a -8236 3238 4547 g 56 -28 -535
0.02 a -9773 4659 4559 g 14 -402 -1125
0.02 a -11105 5989 4386 g -188 -798 -1695
0.02 a -11917 7255 3935 g -458 -1036 -2339
0.02 a -13392 8273 3862 g -687 -911 -3019
0.02 a -14616 9786 2970 g -891 -1064 -3890
0.02 a -14737 12118 1661 g -1072 -1540 -5220
0.02 a -13035 15159 943 g -1133 -1627 -6950
0.02 a -8959 18901 1328 g -1079 -1249 -8695
0.02 a -2603 22180 2844 g -859 -1057 -10035
0.02 a 3750 25454 4683 g -539 -1262 -10505
0.02 a 16264 28112 4983 g -604 -1375 -10849
0.02 a 30077 23704 3278 g -1133 -948 -10740
0.02 a 31462 13915 408 g -1592 29 -7557
0.02 a 22780 5586 -2553 g -1490 318 -2654
0.02 a 10823 676 -2998 g -975 548 851
0.02 a 3578 -1983 183 g 103 568 1782
0.02 a 680 -2436 3282 g 1011 58 1171
0.02 a 912 -1317 4610 g 997 -235 317
0.02 a 2145 24 5091 g 645 -203 -282
0.02 a 2412 549 5259 g 423 -118 -247
0.02 a 1815 378 4748 g 227 14 217
