0.02 a -473 1423 3905 g -128 -135 621
0.02 a -636 1245 4003 g -280 202 812
0.02 a -820 981 4032 g -219 -48 816
0.02 a -810 868 3966 g -69 -490 617
0.02 a -515 863 3873 g 31 -544 410
0.02 a -358 793 3896 g 62 -86 345
0.02 a -166 851 3908 g 16 371 341
0.02 a -356 987 3834 g -21 379 355
0.02 a -996 1383 3859 g 4 66 359
0.02 a -2157 2051 4154 g 19 -179 246
0.02 a -3838 2892 4768 g -2 -98 84
0.02 a -5695 3517 5642 g -123 207 -131
0.02 a -7094 4258 6002 g -287 207 -499
0.02 a -7947 5604 6090 g -455 -336 -1148
0.02 a -9804 7735 6534 g -642 -1040 -1937
0.02 a -11820 9808 7576 g -880 -1432 -2845
0.02 a -13098 12346 7289 g -1370 -1789 -3971
0.02 a -15306 15447 5858 g -2356 -1964 -5250
0.02 a -17173 19697 4044 g -3341 -1282 -6909
0.02 a -15051 26102 2888 g -3832 -184 -9635
0.02 a -9557 32258 5002 g -3466 1006 -12622
0.02 a -2088 32732 7671 g -2414 945 -14213
0.02 a 5028 32732 8783 g -1667 -1339 -14217
0.02 a 13584 32732 5907 g -2403 -1719 -13253
0.02 a 25638 32712 1175 g -4102 211 -11766
0.02 a 31300 21506 -2159 g -3517 585 -8901
0.02 a 26233 11446 -5887 g -2437 212 -4140
0.02 a 15969 5466 -6796 g -1955 1160 253
0.02 a 6029 386 -3954 g -574 1208 2491
0.02 a 704 -2443 -370 g 777 658 2650
0.02 a -648 -2896 1835 g 1143 156 1688
0.02 a 352 -1724 3238 g 1028 -27 558
0.02 a 2229 177 3865 g 874 -198 -311
