0.02 a -3991 3908 -616 g -584 1008 949
0.02 a -2283 5207 525 g -324 1097 -68
0.02 a -1367 5217 1587 g -47 912 -327
0.02 a -1015 4854 2271 g 319 575 -254
0.02 a -1040 4093 3166 g 539 744 -33
0.02 a -1163 3599 3071 g 186 839 149
0.02 a -1572 2946 2531 g -195 501 184
0.02 a -1900 2682 1489 g -436 -6 161
0.02 a -2089 2541 991 g -514 -305 146
0.02 a -2290 2416 1213 g -317 -310 71
0.02 a -3068 2981 1278 g -100 -285 -40
0.02 a -4699 3910 1617 g 98 -226 -126
0.02 a -6815 4993 3018 g 311 -106 -341
0.02 a -8727 6771 4564 g 311 -57 -817
0.02 a -10603 8752 5546 g -119 -124 -1307
0.02 a -11955 10909 4826 g -653 -473 -1838
0.02 a -13450 12777 3783 g -1147 -961 -2517
0.02 a -15296 15182 2464 g -1530 -1038 -3232
0.02 a -16431 18044 577 g -1787 -1111 -4656
0.02 a -16801 22165 -107 g -1657 -824 -6909
0.02 a -16259 28935 1374 g -935 103 -9442
0.02 a -12527 32732 4936 g 217 820 -12115
0.02 a -5201 32732 9819 g 1159 598 -14287
0.02 a 4422 32732 11892 g 1629 -643 -15314
0.02 a 22974 32732 7763 g 512 -1726 -15280
0.02 a 32732 32732 4974 g -1290 -193 -14376
0.02 a 32732 20215 5274 g -1218 2100 -9015
0.02 a 20278 5630 -71 g -1046 1683 -1064
0.02 a 8260 -2185 -291 g -614 697 1708
0.02 a 6997 -2180 1367 g -90 634 224
0.02 a 7266 -978 1957 g -236 706 -1034
0.02 a 6966 -583 2697 g -41 225 -1132
0.02 a 5323 -559 3301 g 75 44 -506
0.02 a 3082 -675 3615 g 224 -112 199
0.02 a 1595 -659 4075 g 464 -183 644
0.02 a 1253 -553 4079 g 613 -17 696
