0.02 a -815 500 3430 g -84 153 205
0.02 a -1040 930 3414 g 152 -203 95
0.02 a -1744 1443 3620 g 383 -493 -44
0.02 a -2901 2307 3737 g 346 -522 -81
0.02 a -4725 3417 3948 g 212 -311 -117
0.02 a -6545 5208 4052 g 20 -114 -394
0.02 a -8421 7584 4501 g -152 46 -954
0.02 a -9930 9669 4937 g -234 -127 -1624
0.02 a -11430 10777 5228 g -258 -778 -2336
0.02 a -13732 11937 5819 g -403 -1073 -3065
0.02 a -15450 13794 6006 g -670 -1019 -4176
0.02 a -17001 16926 5656 g -1005 -886 -5739
0.02 a -16595 22334 4965 g -1237 -775 -8029
0.02 a -13590 29657 4926 g -1345 -528 -10799
0.02 a -8508 32732 5902 g -1229 -288 -13210
0.02 a -1320 32732 6529 g -993 58 -14541
0.02 a 6797 32732 6297 g -725 145 -14481
0.02 a 21532 32732 4325 g -394 -769 -13534
0.02 a 32732 32728 229 g -973 -861 -12569
0.02 a 32732 17360 738 g -1519 1902 -8203
0.02 a 20019 5441 -2495 g -1288 2089 -1705
0.02 a 5028 -1842 -2055 g -421 842 1797
0.02 a 2800 -3102 1064 g 418 606 1010
0.02 a 5558 -624 3073 g 389 701 -866
0.02 a 7432 1016 3588 g 167 339 -1441
0.02 a 6478 1070 3949 g 123 -44 -812
0.02 a 3932 286 3546 g 104 -84 226
0.02 a 1010 -701 4035 g 266 -131 903
0.02 a -188 -998 4683 g 455 -43 897
0.02 a -155 -520 5061 g 395 50 541
0.02 a 224 -58 5230 g 226 136 352
