0.02 a -364 258 4683 g -87 164 515
0.02 a 184 126 3751 g 322 -390 169
0.02 a 812 448 3992 g 587 -729 -98
0.02 a 1200 663 4202 g 474 -585 65
0.02 a 966 779 4185 g 143 -157 545
0.02 a 463 827 4091 g -66 20 914
0.02 a -30 900 3963 g 14 -252 942
0.02 a -810 1191 3920 g 94 -435 806
0.02 a -1896 1726 3901 g 68 -263 648
0.02 a -3186 2408 4297 g 59 52 485
0.02 a -4751 2916 4737 g 37 417 314
0.02 a -6536 3447 5094 g -16 506 22
0.02 a -8903 3967 5821 g -52 440 -491
0.02 a -11348 5408 6050 g -179 -14 -1321
0.02 a -13596 7628 6265 g -416 -843 -2488
0.02 a -15246 10995 6026 g -795 -1708 -3992
0.02 a -15982 14925 4703 g -1479 -2485 -5741
0.02 a -14575 19229 3118 g -2243 -2645 -7700
0.02 a -11089 23329 1939 g -2847 -1863 -9755
0.02 a -6831 25812 3012 g -2844 -404 -11294
0.02 a -2235 26945 4544 g -2181 202 -12018
0.02 a 3352 28429 6347 g -1387 -275 -11981
0.02 a 12256 30028 6693 g -1361 -494 -11706
0.02 a 24547 28034 3945 g -2147 361 -11336
0.02 a 29820 18713 -478 g -2337 357 -9005
0.02 a 24514 9806 -3851 g -1806 41 -4432
0.02 a 15554 4161 -4015 g -1248 328 -570
0.02 a 5977 101 -1827 g -418 627 1636
0.02 a 503 -2307 1247 g 405 325 2036
0.02 a -747 -2314 2975 g 581 -200 1141
0.02 a 95 -1244 3402 g 374 -640 95
