5.841139204265655138e-18 9.246747465649559627e-01 3.807579455047980233e-01
4.981437320910205718e-02 9.169951756565821732e-01 3.957756637848499071e-01
1.201928345462726783e-01 9.035470712852259334e-01 4.112862415588723897e-01
2.236420877523777051e-01 8.734726089485104206e-01 4.324694416978389633e-01
4.349352044794452810e-01 7.448793985758389580e-01 5.059506393727750684e-01
4.600237403632690403e-01 7.187805287944813992e-01 5.212798765808187573e-01
5.322144269402481198e-01 6.404248499264635353e-01 5.537181732193099393e-01
5.988900272074814124e-01 5.816232664635432315e-01 5.504953326048281914e-01
6.665024094589369064e-01 5.839151486064338981e-01 4.634842364238055956e-01
7.743585828870733767e-01 5.387997818303691400e-01 3.317583159600837051e-01
7.938824177607514132e-01 5.172229736551289259e-01 3.197359884243398676e-01
8.698894832917630771e-01 4.319867825252997617e-01 2.380750020095110664e-01
9.308364153155230802e-01 3.536019504335734531e-01 9.224547995495310793e-02
9.540672219862512682e-01 2.767433465672847204e-01 -1.147556362980791667e-01
8.716722686695462796e-01 1.071041166103888637e-01 -4.782427879619248201e-01
8.516026590330553203e-01 7.667430227228255735e-02 -5.185498650071065363e-01
7.709577593008815066e-01 8.309834013172508541e-03 -6.368320658010537816e-01
7.328058362042551011e-01 -7.158337938987714699e-02 -6.766619733811759518e-01
7.040809294099840132e-01 -1.505860512762491610e-01 -6.939696578397356319e-01
7.048064853475062286e-01 -2.308061194016626794e-01 -6.708027679272356991e-01
7.046110421884113073e-01 -2.423574159860094057e-01 -6.669229056965617630e-01
7.004193133550177253e-01 -2.809763977705402871e-01 -6.560983534312341270e-01
6.990844483671705412e-01 -3.154358534164172223e-01 -6.417017659556700782e-01
7.016597917227278547e-01 -3.520702160709734407e-01 -6.194514505878216948e-01
