2.009839777245003845e-17 5.169196262737895120e-01 8.560339362273937658e-01
-1.633870384494204644e-02 5.085066619259747123e-01 8.609030267884819621e-01
-3.844473962953379870e-02 5.070209813111802299e-01 8.610759121616777811e-01
-5.908154712925565988e-02 5.124146942869072241e-01 8.567033044570733225e-01
-7.884619544764590038e-02 5.105287619043936687e-01 8.562380864758345478e-01
-1.413814175453172450e-01 4.920766885450756911e-01 8.589946608468468359e-01
-1.547735339048506575e-01 4.882928877950306612e-01 8.588452764796425942e-01
-1.926246159646076705e-01 4.732481204147273579e-01 8.596115249625351229e-01
-2.318394838065077068e-01 4.633883810238074719e-01 8.552903963452802572e-01
-2.681328633922689941e-01 4.515572101848795428e-01 8.509999139242678812e-01
-3.444798995973165079e-01 3.986851580550080376e-01 8.499316110841365068e-01
-3.702599718149980346e-01 3.874071545930043436e-01 8.442886057751275430e-01
-4.604820783353104630e-01 3.598241287476823813e-01 8.114695631402106812e-01
-5.485184322940038770e-01 3.249629585110109242e-01 7.704067789353230555e-01
-6.113460602375819786e-01 2.863869947806537142e-01 7.377252089040287064e-01
-6.445913755025534098e-01 2.592224559737367207e-01 7.192396519566137680e-01
-6.636100395362322102e-01 2.567869642138623787e-01 7.026251991186689416e-01
-7.237946264805489305e-01 2.252803952134130872e-01 6.522040188548146045e-01
-8.015671741179317689e-01 1.706672933052000019e-01 5.730294411044429825e-01
-8.574675869641589232e-01 9.206593308140031962e-02 5.062343343469640766e-01
-8.822999183216694297e-01 3.969517480975620627e-02 4.690108178138309714e-01
-8.883927767612811444e-01 3.635692032621069825e-02 4.576422713679039744e-01
-8.952897557642353066e-01 5.369897382990964502e-02 4.422359929192001271e-01
-9.190753586094901895e-01 7.513457000551382325e-02 3.868530490857269299e-01
-9.542447150204376172e-01 6.717505787010376317e-02 2.913838284045842664e-01
-9.707434934438665675e-01 1.363505005791367797e-01 1.976502236988791905e-01
-9.733204954438035017e-01 1.651368844463759755e-01 1.593016715052717469e-01
-9.588024984546517082e-01 2.546065970966725489e-01 1.259890855271600107e-01
-9.316153876296452419e-01 3.442738276566692512e-01 1.164830507940609744e-01
-9.085896096768870667e-01 4.062103784967944775e-01 9.725250427980332291e-02
-9.109084342446789329e-01 4.106258639542119671e-01 4.040079545955586882e-02
-9.209324414377586532e-01 3.895224213099781063e-01 1.247884627285108725e-02
-9.317413945125635477e-01 3.570593393427530793e-01 6.608026891516398382e-02
-9.342301525121881056e-01 3.241890699371386964e-01 1.487127064858512759e-01
-9.361413764323561759e-01 3.150854459810272234e-01 1.560784580339992789e-01
-9.436506688386380182e-01 3.031587299809401226e-01 1.327335663528053933e-01
-9.528142259852871998e-01 2.870968031494186001e-01 9.859247629227271825e-02
-9.645729601919846852e-01 2.561818984797987753e-01 6.300666121735365444e-02
-9.799318477814189521e-01 1.973071272023556311e-01 2.834556859277665569e-02
-9.828781109112454395e-01 1.832947014050126389e-01 1.880615666182188644e-02
-9.835591369637243231e-01 1.802276136182195398e-01 1.137679149215913704e-02
-9.848268358376910392e-01 1.734859089995242354e-01 4.329294692067289785e-03
-9.879204568275822274e-01 1.547575166084037834e-01 7.955000614789348168e-03
-9.901264287025307587e-01 1.382167555373526313e-01 2.336201347273553219e-02
-9.862699406097829025e-01 1.568832736287665841e-01 5.156784565111278973e-02
-9.844721722033874522e-01 1.631321997644249455e-01 6.482613328869669955e-02
-9.806283172107811419e-01 1.790295359178467605e-01 7.947659248730228054e-02
-9.794000197035775956e-01 1.834904622983837275e-01 8.430214499144011997e-02
-9.806076352133321627e-01 1.870250211013848862e-01 5.856882484174802395e-02
-9.819365800411892220e-01 1.891961800611164368e-01 2.314784503031269702e-03
-9.802990365607894274e-01 1.915823497241474493e-01 -4.806248216814129615e-02
-9.769166180234168939e-01 2.100371833655894638e-01 -3.896540816595152334e-02
-9.772644623870609948e-01 2.097918246998897174e-01 -3.068486344143990519e-02
-9.778027920241915139e-01 2.084499697920242089e-01 -2.122050902782865456e-02
-9.790002451251348381e-01 2.031400173488461525e-01 -1.710711537450079756e-02
-9.835367700547801295e-01 1.805428004496290040e-01 7.727817027899569480e-03
-9.852161598999086278e-01 1.712879638299537044e-01 3.090585553946784136e-03
-9.879457912289087984e-01 1.547313189967226554e-01 -4.618713524356360400e-03
-9.887372928660553839e-01 1.496612389139733712e-01 2.815362132923548977e-04
-9.889295094331601588e-01 1.483733204451989363e-01 1.945032738919438842e-03
-9.891993458161623121e-01 1.464943150331823318e-01 4.906108420699606398e-03
-9.895124720828382126e-01 1.444428634046578119e-01 -1.151869772997304864e-03
-9.905507990266083640e-01 1.370674120098633597e-01 -4.651785965228222297e-03
-9.911104773369374676e-01 1.325660838985505408e-01 -1.123633003924692786e-02
-9.915195938838530232e-01 1.290765547933393487e-01 -1.510423606416219644e-02
-9.925178045737863552e-01 1.212867216294555572e-01 -1.406907105712298933e-02
-9.927592144634055371e-01 1.194055719705776619e-01 -1.309394823502135763e-02
-9.930982654425755118e-01 1.167729989393987283e-01 -1.094997231262775927e-02
-9.940454674016153680e-01 1.074039754275488007e-01 -1.838463490697780922e-02
-9.941520277964740471e-01 1.062143521861814571e-01 -1.950017994350514150e-02
-9.947751415212777726e-01 1.003420149788188387e-01 -1.881217268984555768e-02
