2.879912020664621153e-18 8.901434176304435786e-01 -4.556804758262019694e-01
2.068302261941640935e-02 8.894188706730563609e-01 -4.566248844138800500e-01
6.028098008104096350e-02 8.867362632307964621e-01 -4.583284879995487282e-01
7.081808506524565894e-02 8.862644307990349413e-01 -4.577337190202991346e-01
1.010529740053190823e-01 8.896278333744859212e-01 -4.453657087496724620e-01
1.586035351963716589e-01 8.841149093907225698e-01 -4.395290042946517484e-01
2.278448236162610718e-01 8.758741216662513374e-01 -4.253601525138994144e-01
4.076693359949690731e-01 8.273831233094828264e-01 -3.863196600641313760e-01
6.156840803209144841e-01 7.200558384239693632e-01 -3.200823375179331909e-01
7.158506211245890816e-01 6.569060896448912779e-01 -2.367113804256099352e-01
8.451250671260269742e-01 5.247577175290321083e-01 -1.019458621472632415e-01
9.419038774896038024e-01 3.097629251691833563e-01 1.298615253286371507e-01
9.646718026935177104e-01 2.330380065300570458e-01 1.228885698530832876e-01
9.652116276247052484e-01 1.162011068178532558e-01 2.342302642110387911e-01
9.329933489868996732e-01 1.065112829695370744e-02 3.597359645798720584e-01
8.744711532951886523e-01 -8.100611479698462125e-02 4.782658376050712423e-01
7.294247102074875588e-01 -7.546040999974780450e-02 6.798862542082995120e-01
6.031085795693277296e-01 -1.775203738778209292e-02 7.974615391468422576e-01
4.778036943815082149e-01 4.784136123044482880e-02 8.771629459746916879e-01
3.516194250886370831e-01 1.173597877301288256e-01 9.287574818671855414e-01
2.059118984449101741e-01 2.480372048757548409e-01 9.466138785567406178e-01
1.700809250748758494e-01 2.854424680092437216e-01 9.431834797018374683e-01
1.258469874225778551e-01 3.790075422098564406e-01 9.167964979779892332e-01
1.216454364184856446e-01 4.746856176459831600e-01 8.717086395112804142e-01
1.559522599937805676e-01 5.533179985153769964e-01 8.182408478692380083e-01
2.272501154255658073e-01 6.654626027418671930e-01 7.109971233353105102e-01
2.481217455590591647e-01 6.945431337907893576e-01 6.753113612881063155e-01
3.159814222474083834e-01 7.554227744718660098e-01 5.740140874610423216e-01
4.089979843508580459e-01 7.912326553310510269e-01 4.546114098158001715e-01
5.028908207090413418e-01 8.014021403518570841e-01 3.238138846406199978e-01
6.241184061746632983e-01 7.786022361489817190e-01 6.522862054192692105e-02
6.577155869781156072e-01 7.526863078846462995e-01 -2.955551672720510559e-02
6.996007464636978535e-01 6.833728399797436293e-01 -2.087111811222779056e-01
6.997186538981740034e-01 6.079478979249973714e-01 -3.752241447395195384e-01
6.710696497773350755e-01 5.203414001909936193e-01 -5.281196383349149315e-01
5.318732336375864289e-01 3.716947337107829319e-01 -7.608901946217783152e-01
4.692925096382976613e-01 3.047550760578386919e-01 -8.287875988541147931e-01
3.290980056742796589e-01 1.463069720749116120e-01 -9.328926908189831835e-01
1.843504970546580857e-01 -1.987972448018746410e-02 -9.826594989060515317e-01
5.175041615561107311e-02 -1.628669022722891158e-01 -9.852899403586488081e-01
-5.208774775697914278e-02 -2.428641645721529019e-01 -9.686608612410615438e-01
-3.395424113306209218e-02 -3.449704934273158385e-01 -9.379991834610476031e-01
