2.893464547820689958e-18 9.398797670185485842e-01 3.415055249174731022e-01
3.250765717034691943e-02 9.388018896932690538e-01 3.429202008246847733e-01
1.057035899052187755e-01 9.328833126281358412e-01 3.443188581839591311e-01
1.964547103730105160e-01 9.172919747272635371e-01 3.463827072375492699e-01
2.881451300741749155e-01 8.887530833176622291e-01 3.564973224413970354e-01
3.948538017694506186e-01 8.179144176235977337e-01 4.184572626585211785e-01
4.989353576162333104e-01 7.390356576685064294e-01 4.526475512082658859e-01
5.644782030034301012e-01 6.873269322017592220e-01 4.571061655722190586e-01
6.568130962830810438e-01 6.516212322585150929e-01 3.794553020066083748e-01
8.090967868387949347e-01 5.419392867537111691e-01 2.272976000753562098e-01
8.636778162853302465e-01 4.765598377564640997e-01 1.641686653845244037e-01
9.232272081794059559e-01 3.517968106019932484e-01 1.545656046069919243e-01
9.690419610992033750e-01 1.946170384460819414e-01 1.519272390833388831e-01
9.937804033336256060e-01 5.318161002566602902e-02 9.783775500865921071e-02
9.966009895824190501e-01 -7.402226019199283080e-02 -3.615484143807730366e-02
9.910706604223870064e-01 -1.078413781008243089e-01 -7.841672793000722952e-02
9.814452208309599746e-01 -1.351075479256462764e-01 -1.360559774562943858e-01
9.778675434208760064e-01 -1.400231717772430773e-01 -1.554624677839059887e-01
9.794006095663201350e-01 -1.403236639632091942e-01 -1.452023254395776730e-01
9.766555960856808660e-01 -1.417586156619106141e-01 -1.613949860439968242e-01
9.732825946874705814e-01 -1.522691618113161116e-01 -1.718577703791841493e-01
