-3.366447745567491268e-17 8.704509004142773065e-01 -4.922552487967740142e-01
-5.778178876727312410e-03 8.674360077459265517e-01 -4.975152109379947230e-01
1.584611612378459058e-02 8.476200227209526039e-01 -5.303670405354418138e-01
2.111862476805552447e-02 8.456564714591331411e-01 -5.333096061081167294e-01
5.549381196587920007e-02 8.359209645212529738e-01 -5.460371579914261586e-01
7.790342262896970960e-02 8.310713084252502325e-01 -5.506827916823210378e-01
9.298644550726088698e-02 8.353749568858428454e-01 -5.417584354303139893e-01
1.121834224286829551e-01 8.435702125445105892e-01 -5.251706163141620642e-01
1.372703443568055459e-01 8.677068429755268042e-01 -4.777464675051072973e-01
1.598871362782667005e-01 8.776091798253160547e-01 -4.519272409791987855e-01
1.786973064509271014e-01 8.576056160011767959e-01 -4.822653627106403551e-01
1.924706406568476580e-01 8.287343353547707014e-01 -5.255039998793815670e-01
