2.195509399283146479e-18 7.938097839219655505e-01 -6.081661178903029485e-01
-3.844139925849971665e-04 7.964395724595072501e-01 -6.047180001012038009e-01
7.367697693387632342e-03 8.018676431592735021e-01 -5.974562744543661097e-01
1.760683412738220377e-02 8.094030519898665066e-01 -5.869895219009452214e-01
4.051768364863242433e-02 8.200260339179291647e-01 -5.708902004839291333e-01
7.556438337324256072e-02 8.569194798310517669e-01 -5.098813872377589984e-01
1.259422393502536153e-01 8.866723996294486598e-01 -4.449164057244895942e-01
1.842810611868072046e-01 9.044097806388977645e-01 -3.848161108536967134e-01
2.511977787696020870e-01 9.165907974903688693e-01 -3.110642793655155058e-01
3.796099353391232389e-01 9.123514369655593148e-01 -1.533334681623862994e-01
4.174076080912413889e-01 9.028831611761308773e-01 -1.028245397370961822e-01
4.968802593451815408e-01 8.673139724386580429e-01 2.960542324878570608e-02
5.489549288078676703e-01 8.036698091874363570e-01 2.297026859620459882e-01
5.552422853164752370e-01 7.201213595448173743e-01 4.160904134005751209e-01
5.157511154586168489e-01 5.884740035175735073e-01 6.226549077034493340e-01
5.006588099121348501e-01 5.483041879341691294e-01 6.698531731291686997e-01
4.527397821453473803e-01 4.607687041981268772e-01 7.633602628474726037e-01
3.748199507138687547e-01 3.975829214699174163e-01 8.375188505951961515e-01
2.702514580437114788e-01 3.695160166682611158e-01 8.890568389314990050e-01
8.507592497943411436e-02 3.847842388199011476e-01 9.190773506863733067e-01
-3.826019354982450327e-02 4.090752218019512720e-01 9.116982069178456438e-01
-1.292954937996567966e-01 4.429738014736972485e-01 8.871622661559970258e-01
-2.247248297853059740e-01 4.828456891707013643e-01 8.463798150518686558e-01
-3.367836136755052445e-01 5.643719026061516653e-01 7.536983170396363008e-01
-3.592502093081009207e-01 5.884471361928907962e-01 7.243405656308852247e-01
-3.872080631758204050e-01 6.447648847489668711e-01 6.590509534218740306e-01
-3.991014714312030032e-01 7.047274963158008942e-01 5.865809163601486409e-01
-3.803751739615243710e-01 7.760721718260052970e-01 5.030176052098049855e-01
-2.976786574464365120e-01 8.801583448821547195e-01 3.697414026521683716e-01
-2.710015585286222883e-01 8.981395442837512011e-01 3.462708683514013619e-01
-2.263181654840517587e-01 9.358769526868411237e-01 2.700266975717872664e-01
-1.668184180835626251e-01 9.721825311138978520e-01 1.644163665365241112e-01
-7.408486308893925953e-02 9.957349328529263577e-01 5.498523945088718001e-02
1.104955160771692035e-01 9.828631158840563931e-01 -1.475494370084944606e-01
1.689787672331570234e-01 9.613527586582012452e-01 -2.173638646248011175e-01
2.618457763023317453e-01 8.955354133400875716e-01 -3.597959322816582928e-01
3.453435704441903398e-01 8.159773481674613693e-01 -4.635933407960642905e-01
4.531198077084435116e-01 7.554790583624673150e-01 -4.732164750281025456e-01
5.784780209392081929e-01 6.163728945905152523e-01 -5.342729958592014050e-01
6.021789084076949461e-01 5.870366019283670411e-01 -5.410809461303484058e-01
6.493750047625107547e-01 5.000642177858427573e-01 -5.729292114039239436e-01
6.819409790087780365e-01 4.194882706322478061e-01 -5.991544808732678362e-01
7.111377699456045143e-01 3.407558114851720887e-01 -6.149541032433838428e-01
7.390233439819633432e-01 2.530527726080663009e-01 -6.243466916105884223e-01
7.443278159547793704e-01 2.277168077632868715e-01 -6.277906958995859155e-01
