-6.234162491791650496e-18 7.140048828476626142e-01 7.001407196197741989e-01
-8.510178749734119419e-02 7.032549291271851244e-01 7.058258924289156910e-01
-1.853759212722594640e-01 6.865279360504754624e-01 7.030755015179628309e-01
-3.786877069364317228e-01 6.095428178847555056e-01 6.964575893622948488e-01
-4.242679285021401792e-01 5.870456162038991677e-01 6.894738351382794228e-01
-5.784972023706639321e-01 4.975707672158958816e-01 6.463469025697423653e-01
-7.444434209239563227e-01 3.592276776782279413e-01 5.628138845417234304e-01
-8.817214563535087368e-01 1.852337547322589484e-01 4.338844656283937229e-01
-9.846767309831617743e-01 -9.076945989170900897e-02 1.489048038556218534e-01
-9.878494571903378985e-01 -1.305387491169996139e-01 8.433910663342092384e-02
-9.810482437935922340e-01 -1.826553318228417711e-01 -6.466353768698424043e-02
-9.742872099917844197e-01 -1.668980786826133600e-01 -1.513587254785015990e-01
-9.794168819913787738e-01 -1.334036249341886693e-01 -1.514795171787391148e-01
-9.812236573098254144e-01 -1.921589407177555775e-01 -1.658541038864989187e-02
-9.734775186629464061e-01 -2.239362131903302189e-01 4.684114729389009940e-02
-9.222008780999623179e-01 -2.961790785799461312e-01 2.486433064516164471e-01
-8.113211152505304113e-01 -3.571888197384434638e-01 4.627895796174469334e-01
-7.174512704873398095e-01 -4.050017922796668723e-01 5.667779306980464948e-01
-6.822449239730523640e-01 -3.998471634443511169e-01 6.120981208911773219e-01
-6.807303568915020753e-01 -3.881453178121957448e-01 6.212482542968131849e-01
-6.881470736521962950e-01 -3.581033742667629749e-01 6.310432460320589687e-01
-6.801847387889153884e-01 -3.544197006245223269e-01 6.416661101600109607e-01
-6.636513858451775771e-01 -3.630572608954964475e-01 6.540307816737942481e-01
-6.630708316054488849e-01 -3.530044007774782444e-01 6.600946638973779201e-01
-6.642985555378664309e-01 -3.489890128282928661e-01 6.609947791287297258e-01
-6.717405367770353797e-01 -3.220132670758903415e-01 6.671372475567616256e-01
-6.768807151651770049e-01 -2.962656486881297124e-01 6.738391223763130489e-01
