-1.382357769919018153e-18 4.977554713145335707e-01 8.673174106268399797e-01
-4.968398085116108344e-03 5.179159878838804909e-01 8.554170588167691047e-01
-1.980172728406881869e-02 5.634990019151194796e-01 8.258793897641659720e-01
-3.789570815471474119e-02 6.158185294906942664e-01 7.869761457880229960e-01
-6.351821403033734714e-02 6.801567777788591895e-01 7.303096563293380861e-01
-1.231143372424676335e-01 8.081184387843286521e-01 5.760099381626390125e-01
-1.308878907017507753e-01 8.259349076438526893e-01 5.483610930791743554e-01
-1.379183238226413810e-01 8.964585819978099224e-01 4.211182099083687347e-01
-1.374815365529072908e-01 9.469675748718821007e-01 2.904328480876742780e-01
-1.438637849626098753e-01 9.788636850700550562e-01 1.453585134324929529e-01
-1.492740525252487238e-01 9.802768388181170023e-01 -1.295167036310320707e-01
-1.477962208819224577e-01 9.715007148944635462e-01 -1.853176679449866360e-01
-1.127206349668226498e-01 9.456661502883685344e-01 -3.049747377266737169e-01
-8.330973784768197499e-02 9.334618274739918675e-01 -3.488674594006526686e-01
-5.355776925706418057e-02 8.999128449069202507e-01 -4.327683409443676688e-01
-1.586214539516407314e-03 8.251323544495025031e-01 -5.649372368361420538e-01
1.139032787926294761e-02 7.989907104259033055e-01 -6.012354822229916129e-01
4.053520597111481133e-02 7.518216213846901086e-01 -6.581194015491227400e-01
5.852469538614491623e-02 7.229467056480372023e-01 -6.884205987785442238e-01
6.986472827117454210e-02 7.144767695856238943e-01 -6.961622407643828225e-01
1.360478688824472981e-01 7.123530458721591963e-01 -6.885086168009824092e-01
1.496420304165629322e-01 7.128818430532456452e-01 -6.851326445133205656e-01
2.041101595568311222e-01 7.175198881086014557e-01 -6.659611497184390050e-01
2.628679669703136712e-01 7.273157655304165470e-01 -6.339654636900957652e-01
3.402814767520438433e-01 7.225347376399017252e-01 -6.017907190071033474e-01
5.058623067955360098e-01 6.772502013557996081e-01 -5.342616319061550545e-01
5.458477163029331614e-01 6.667374469704120399e-01 -5.074558576016728884e-01
6.659971448861263799e-01 6.052018987960462448e-01 -4.360945593528867126e-01
7.833375048849250399e-01 5.256769601210530274e-01 -3.317319505844279481e-01
8.868581310079491908e-01 4.306980018842947455e-01 -1.672778725294027935e-01
9.674946437892408824e-01 2.359482132168723989e-01 -9.100854310940063863e-02
9.842682616081481761e-01 1.719778107806125000e-01 -4.049224357802215513e-02
9.961025982047118088e-01 7.107135686242546657e-02 5.223481677536850193e-02
9.821666486797047124e-01 -2.870776181740315736e-02 1.858078002472249857e-01
9.242311424414750842e-01 -1.194338337819234597e-01 3.626738957927322926e-01
8.364342441019747554e-01 -2.353915068086964157e-01 4.949430207770281198e-01
8.089560408262443936e-01 -2.710249237320331295e-01 5.216661908987133556e-01
7.695332200248193866e-01 -3.248859847608341345e-01 5.497887959791616375e-01
7.410736417743946092e-01 -3.494123540389282856e-01 5.733418389688744732e-01
7.203069321331582175e-01 -3.545356589121698154e-01 5.962066672561049385e-01
7.105403346423848632e-01 -3.681436907409240678e-01 5.996687884273608216e-01
7.104955211620209710e-01 -3.687636817956341240e-01 5.993408557717689877e-01
7.144401457593254623e-01 -3.645200927900401622e-01 5.972439870603423184e-01
