4.878909776184769953e-18 9.999917160273206207e-01 4.070365675807888217e-03
2.430486171863605049e-02 9.993113015427830259e-01 2.803919231552164104e-02
4.906681746881734474e-02 9.968888170993012166e-01 6.168576631474818189e-02
5.992433649156264641e-02 9.878463741265943732e-01 1.434176245131222327e-01
5.948931016570291330e-02 9.819451069379228070e-01 1.795684519526759837e-01
5.204794574461966278e-02 9.660494603249827339e-01 2.530601737721179800e-01
2.066586583900339308e-02 9.428817724347569040e-01 3.324859172948769204e-01
-2.856027057882569442e-02 9.164886179328419757e-01 3.990400031876674136e-01
-5.770120859780747402e-02 9.246628679778241544e-01 3.763896267292413111e-01
-5.617028772032463951e-02 9.387727394604261644e-01 3.399274075790052474e-01
-3.556732158863371712e-02 9.559911282243178654e-01 2.912317434473906674e-01
-8.023237655558325410e-03 9.710324169987705201e-01 2.388130498843144822e-01
2.027115225861361031e-02 9.795024175138918876e-01 2.004098163028683599e-01
5.268294250821937974e-02 9.818602320821840923e-01 1.821400346551938776e-01
8.018605873771182668e-02 9.821002505233200619e-01 1.704385340999626519e-01
1.153284532379691418e-01 9.804492782821531138e-01 1.594319936202966692e-01
1.621125819013229108e-01 9.766606361656194890e-01 1.409024930718196511e-01
1.746427283831046007e-01 9.757117206801882991e-01 1.322367405459290435e-01
1.995028543362594164e-01 9.734876229468496511e-01 1.118948572588453483e-01
2.331465638540979324e-01 9.695781976014515857e-01 7.457076168947096573e-02
2.716092814765035945e-01 9.623007957048710370e-01 1.433794969964824473e-02
2.967854104423595096e-01 9.489823781163612137e-01 -1.065404438378968061e-01
3.002540635025262583e-01 9.457427840302986555e-01 -1.241695768086558960e-01
3.099132065858408169e-01 9.363725224895341759e-01 -1.648038334210360500e-01
3.264951972989974527e-01 9.255966490206007924e-01 -1.914986408894945313e-01
3.607845214800277089e-01 9.105563324614636134e-01 -2.017961706146973455e-01
4.180644750897592465e-01 8.873213774136877730e-01 -1.946352174006545366e-01
4.357263480157161917e-01 8.792900358325322907e-01 -1.923319592020813762e-01
4.731577934706157063e-01 8.600050650740036495e-01 -1.910837264789362333e-01
5.180086803935903816e-01 8.330184234048916281e-01 -1.942866781457746883e-01
5.719057736360456667e-01 7.954270986217004680e-01 -2.005480412769463094e-01
6.248777260387036181e-01 7.530493149677043307e-01 -2.060207677089140876e-01
6.546099382810696143e-01 7.306962419065317071e-01 -1.938268061113470886e-01
7.165971580041871070e-01 6.949695882575337436e-01 -5.920966591255302780e-02
7.030856196065859987e-01 7.054920850225290252e-01 -8.917134894677578028e-02
