2.168404344971008868e-19 6.893453669529481243e-01 7.244328575240810419e-01
5.163507603866887390e-03 6.721668462733855209e-01 7.403817049064055356e-01
1.118378316076566042e-02 6.325470192123132662e-01 7.744412124104904649e-01
1.061489144972450199e-02 5.826953720941374648e-01 8.126213308913232680e-01
-7.980599295007131250e-03 5.340957661618477292e-01 8.453863155994907341e-01
-1.621645032035705369e-02 4.962234197564390215e-01 8.680434000810283157e-01
-1.437799380585687813e-02 4.921095123762021517e-01 8.704145570490966488e-01
-8.419507324394901251e-03 4.908320413213783651e-01 8.712135324412171311e-01
-1.577589890924200851e-03 5.090885703810735796e-01 8.607126923181107614e-01
1.571048250676653499e-03 5.524098636497045689e-01 8.335711573404569474e-01
4.226084928447663112e-03 6.653714883414495462e-01 7.465004505748549235e-01
4.866299001174087882e-03 6.917518483961413445e-01 7.221188955944534138e-01
-2.008359709273818336e-02 7.979417856832691225e-01 6.023998305016465826e-01
-5.601277006458327962e-02 8.983314038541657665e-01 4.357330127946429932e-01
-7.075743073194251664e-02 9.600197422108457390e-01 2.708421690978640717e-01
-1.171787368346789426e-01 9.913040092400151604e-01 5.987908565184935084e-02
-1.289858683662335193e-01 9.915835439389437678e-01 1.116786243170980741e-02
-1.417679665136212797e-01 9.842390098484204985e-01 -1.057138361956173056e-01
-1.483248641729857653e-01 9.672633728191033509e-01 -2.059157649882050189e-01
-1.426366430060211354e-01 9.496448114918959460e-01 -2.789794259053779424e-01
-1.381878464330320577e-01 9.236248600761673977e-01 -3.575209601512631119e-01
-1.360756309507948070e-01 8.995844395615713029e-01 -4.150075406062364580e-01
-1.502445130551591790e-01 8.480238536123956283e-01 -5.082146495342303449e-01
-1.490601741420436999e-01 8.019059186464300160e-01 -5.785567924798472594e-01
-1.390887361355401808e-01 7.591748358728476198e-01 -6.358520992004769168e-01
-1.247484573963640042e-01 6.954600966189590228e-01 -7.076532176058949464e-01
-1.162232141494847631e-01 6.722800887226513256e-01 -7.311167121601224173e-01
-1.005106543676562991e-01 6.395974546425606810e-01 -7.621106903681007516e-01
-6.863066436905231049e-02 6.190093545573474021e-01 -7.823792244677504337e-01
-2.127901666577132131e-02 6.034120533290996402e-01 -7.971455935692660644e-01
8.401405594141748978e-02 5.823969416867074145e-01 -8.085514459316995861e-01
1.239490003585044520e-01 5.789983622671810437e-01 -8.058520595010287835e-01
2.304041277175728208e-01 5.756847250407899352e-01 -7.845387404618173743e-01
3.491363863509814314e-01 5.660352125352459129e-01 -7.467984479737201919e-01
4.717066575758782632e-01 5.398730780356254533e-01 -6.971584388149747458e-01
6.927077008946881387e-01 4.572697748286346786e-01 -5.577278853969603878e-01
7.344287407582723581e-01 4.444412466054227240e-01 -5.129194898461516550e-01
8.675254507215758304e-01 3.674235932232651214e-01 -3.352603398751952124e-01
9.475118303198216685e-01 2.557644915918977913e-01 -1.918485242182483286e-01
9.904276297967065101e-01 1.056967282103066091e-01 -8.877675248011089593e-02
9.794287758139933464e-01 -1.288121153258492968e-01 1.553277568652265128e-01
9.748107579412895740e-01 -1.892377957381255471e-01 1.180383110100477750e-01
9.163386425322459505e-01 -3.123735679744761295e-01 2.504920083217349602e-01
8.284778712584239813e-01 -4.063482894065850171e-01 3.853640934641582860e-01
7.404799597555031809e-01 -4.595367462174609341e-01 4.904237026045512038e-01
7.587788195613207609e-01 -4.667541210268152385e-01 4.543074878203244849e-01
7.657046532094079483e-01 -4.650443124751164059e-01 4.443311507063245069e-01
7.889431456255057151e-01 -4.519722623611954204e-01 4.162808991854360929e-01
8.076609486211459021e-01 -4.392728824699385637e-01 3.933486072162229452e-01
