9.812029660993815128e-18 6.339806628841673231e-01 7.733488986796008824e-01
-2.426192542227914931e-02 6.328014338305597564e-01 7.739339146960748650e-01
-8.015690502152006403e-02 6.285445045260240615e-01 7.736321324812626132e-01
-1.451319360681866955e-01 6.107061595627415462e-01 7.784437730531518218e-01
-2.220809638567702027e-01 5.657264334313328868e-01 7.941244537284515292e-01
-3.389744172731809502e-01 4.536064785019864876e-01 8.242193319107082861e-01
-3.630095957097506099e-01 4.315865336108173356e-01 8.258069371399359149e-01
-4.362098536467667320e-01 3.395349417767594691e-01 8.333288587911250600e-01
-5.252848451784115635e-01 2.106524150107905446e-01 8.244400472296417037e-01
-6.430822927864258132e-01 4.867340088040679469e-02 7.642486929993984601e-01
-8.061318273991350258e-01 -2.258981160063170124e-01 5.469200289246386459e-01
-8.175942849629072029e-01 -2.638194313819397507e-01 5.117996608257008306e-01
-8.182200863592772322e-01 -3.870030258793580313e-01 4.251406217223163697e-01
-8.284419011464209115e-01 -4.145679827334903256e-01 3.765865161117536997e-01
-8.526159930313995661e-01 -3.920094267849152936e-01 3.455062629516897355e-01
-8.611333585847327221e-01 -3.325624584266134720e-01 3.845146940987108075e-01
-8.558854867245014875e-01 -3.222761473821467715e-01 4.044726423911560453e-01
-8.256631993187307783e-01 -3.024620709132643803e-01 4.762320620764809442e-01
-8.002094237090977558e-01 -2.779257513603570207e-01 5.314340551168459381e-01
-7.896495870394212302e-01 -2.379546401839171543e-01 5.655361340386785285e-01
-7.813973111882833722e-01 -1.742922263958436579e-01 5.991998513732299525e-01
-7.802729808470195705e-01 -1.643594273963316643e-01 6.034567540313529044e-01
