4.580754178751256234e-18 8.679824044715926945e-01 4.965949511701791552e-01
5.614757199325566550e-02 8.618298522314452592e-01 5.040801086751860449e-01
1.281126804736471558e-01 8.487314731288287950e-01 5.130711720828070588e-01
2.199163467334061539e-01 8.243828814962516072e-01 5.215646317910844765e-01
4.574238755875237872e-01 7.053062787820384427e-01 5.415777424831292874e-01
6.222680876538565498e-01 5.588647058238318532e-01 5.481356289022401018e-01
7.144812236845662357e-01 4.383048390411546924e-01 5.453489241534379417e-01
7.830570618514990366e-01 3.487001944294456646e-01 5.150046721044035936e-01
8.745427098563813839e-01 2.956615762059894847e-01 3.843946942823833757e-01
9.105017579569509856e-01 2.744968880858738025e-01 3.092539525834280267e-01
9.638014144773654479e-01 2.167679994402882115e-01 1.552368122259817074e-01
9.941240421188057841e-01 1.074340727487898689e-01 1.324042650273987709e-02
9.878868176131553325e-01 -3.345939858090556107e-02 -1.515259193430498752e-01
8.328570194630539048e-01 -2.142620349621817133e-01 -5.103341704265771384e-01
6.477509509841992141e-01 -3.218152009531085045e-01 -6.905459303584199349e-01
5.162643115170549857e-01 -3.868500508328082121e-01 -7.640799688674443368e-01
4.475358926942516469e-01 -4.238131281110028570e-01 -7.874605115122448318e-01
4.370867396926803039e-01 -4.687146983639350895e-01 -7.676338407876690528e-01
4.151528193785384291e-01 -5.147912479079163051e-01 -7.500920661088614771e-01
4.426849970466036344e-01 -5.375146741925759253e-01 -7.177102259390606420e-01
4.682109813832949774e-01 -5.509163694879305462e-01 -6.908470385999563312e-01
