-2.081668171172168513e-17 5.252552399126036997e-01 -8.509447296648315895e-01
-1.984467715334669452e-02 5.250512763595425181e-01 -8.508392010138545736e-01
-8.948828522558778531e-02 4.847596734233122762e-01 -8.700574152490786473e-01
-1.734183194751142687e-01 4.072209240792138418e-01 -8.967146733841810935e-01
-2.644716433648300336e-01 2.915943343293518897e-01 -9.192537702087102414e-01
-4.099658980172449785e-01 1.156231938479867875e-02 -9.120275627596776680e-01
-5.182888926264561658e-01 -1.456273883352033338e-01 -8.427154250081755338e-01
-5.779997448108430413e-01 -3.012689598529101898e-01 -7.583886265152887107e-01
-6.024956113270928393e-01 -4.614380823187738678e-01 -6.512095933856971719e-01
-6.291975362071009492e-01 -5.872298072906930733e-01 -5.091872090501187165e-01
-6.150191144778101027e-01 -6.160380580167416076e-01 -4.921875657733458254e-01
-5.897907175217590448e-01 -6.352055568499418436e-01 -4.986590118228325652e-01
-5.626676228138005609e-01 -6.521454943190492237e-01 -5.080466518701107770e-01
