2.829090043829363132e-19 9.606267454832057018e-01 -2.778421419841566875e-01
-1.416752770846154731e-02 9.606669498310181909e-01 -2.773414730273814355e-01
-3.772726358285725945e-02 9.592830858886060019e-01 -2.799153706222342053e-01
-6.509620819182120044e-02 9.562184645091367230e-01 -2.853221544339589189e-01
-1.090581999599823382e-01 9.489094136077824704e-01 -2.961034173865990660e-01
-1.160460114598139691e-01 9.475799700929742331e-01 -2.977003921778851314e-01
-1.396676601884075941e-01 9.427770696283177543e-01 -3.027611957971783063e-01
-1.678837646428788521e-01 9.353804703909625040e-01 -3.112529793921918198e-01
-1.984746610730101501e-01 9.263853989740120642e-01 -3.200279698396919503e-01
-2.440470971250445487e-01 9.138304293118709731e-01 -3.245842892817216718e-01
-2.494256097593455512e-01 9.122343246313626697e-01 -3.249852337576899508e-01
-2.675230829169944480e-01 9.065495010015098831e-01 -3.264956390834345412e-01
-2.891094348952595317e-01 8.973054641411061239e-01 -3.335545512761863285e-01
-3.204422543330559536e-01 8.843424935612983484e-01 -3.394924383837347737e-01
-4.230723080265648139e-01 8.394271044381906854e-01 -3.411333441860971427e-01
-4.558231525972348819e-01 8.234995189137493954e-01 -3.377481249468914926e-01
-5.859246995957992921e-01 7.494946986396872068e-01 -3.081394864579626303e-01
-7.318838777744677282e-01 6.463699922332666326e-01 -2.157587138313889208e-01
-8.511877699143143294e-01 5.221795742089287984e-01 -5.298936334094215411e-02
-7.744483842004172836e-01 5.843803522919480686e-01 2.423412966551546366e-01
-7.369219461383088587e-01 5.850113998815373861e-01 3.386852629040295604e-01
-7.215748938784903865e-01 4.836686280409561167e-01 4.953729209123414190e-01
-6.888004878525210151e-01 3.824513164778742813e-01 6.158610869818532674e-01
-6.300383311494257565e-01 3.028056471241263314e-01 7.150947079598518608e-01
-5.855999698786397145e-01 2.669349350560800693e-01 7.653877551442422877e-01
