4.472333961502705790e-18 9.601261314888130949e-01 -2.795671862581991518e-01
2.796892680625120281e-02 9.472197222331125710e-01 -3.193627043753409778e-01
3.817081368564922278e-02 9.379970259219276851e-01 -3.445352933215897195e-01
4.109725708014487500e-02 9.127102064566472439e-01 -4.065354775297639889e-01
2.567589266965940656e-02 8.803981136349173786e-01 -4.735397660637332695e-01
-8.294369651647849617e-03 8.448495134372481230e-01 -5.349397191057388978e-01
-8.677291095407929644e-02 7.821187154708775235e-01 -6.170581632510343528e-01
-9.766366854412916743e-02 7.738057839390960480e-01 -6.258485572316225820e-01
-1.625461971491496960e-01 7.438485136025059230e-01 -6.482808979167076213e-01
-2.530365974123094386e-01 7.129303266108352188e-01 -6.539899309382131154e-01
-3.710358162955297301e-01 6.530740422384484489e-01 -6.601717340058136374e-01
-5.634211307201927310e-01 5.095996915039123776e-01 -6.502805424407969159e-01
-6.046755725001905502e-01 4.739764930910368990e-01 -6.400888500971483319e-01
-7.140284649189578836e-01 3.707228617708133722e-01 -5.939090090627817675e-01
-8.192365704145987415e-01 2.695370734548228064e-01 -5.061632224181602524e-01
-9.112834953337599631e-01 1.621849800744959158e-01 -3.784949449735370841e-01
-9.980552417456118874e-01 2.036116591062343481e-02 -5.891652863898473591e-02
-9.998021450799337018e-01 9.319417081437008157e-03 -1.757325123093718411e-02
-9.905723061988719325e-01 -2.790866652407708592e-02 1.341179053098286444e-01
-9.621837196661292557e-01 -4.932922024982209358e-02 2.678975879678582861e-01
-9.173590015249819540e-01 -5.458588542400869686e-02 3.943004481782456661e-01
-7.878915679648976766e-01 -3.286327468317985084e-02 6.149364864007609288e-01
-7.645467267877700257e-01 -2.715747056082136457e-02 6.439959428061987623e-01
-6.797360753100125663e-01 -3.795858455487689711e-03 7.334469710761146732e-01
-5.974879353840021334e-01 1.674846277755476232e-02 8.017029724687011472e-01
-5.058678251717312335e-01 5.057895716756533738e-02 8.611268852775786353e-01
-3.079201300941984409e-01 1.330687624064710861e-01 9.420604534499800176e-01
-2.696095826632732284e-01 1.479896274281770341e-01 9.515302113489645386e-01
-1.778738226201209693e-01 1.891592044195269662e-01 9.657016612856568205e-01
-6.613660963550183070e-02 2.435730235752502360e-01 9.676249950535237287e-01
3.188190246511551917e-02 3.096091807309194199e-01 9.503292584690496980e-01
1.432654804065301157e-01 4.037047355284322236e-01 9.036025058817647171e-01
1.724510139366148276e-01 4.264692284614531315e-01 8.879102685337784129e-01
2.367769427110231473e-01 4.798580668188943688e-01 8.447916400564428052e-01
2.906100694756019176e-01 5.404587866574527277e-01 7.895885557960804491e-01
3.342614636281519558e-01 6.091593458487755131e-01 7.191621272691279820e-01
2.977331458792020769e-01 7.789430651396741512e-01 5.519082125822040163e-01
2.887785491812856487e-01 8.026310805638989798e-01 5.219102394527053157e-01
2.712186364509676095e-01 8.637069142900946073e-01 4.247950299252115092e-01
2.477489269677687345e-01 9.096496157920866965e-01 3.334037277470490723e-01
2.099359311120220783e-01 9.391289274703829015e-01 2.719627960152948831e-01
3.161510058201402046e-02 9.937153023216931391e-01 1.073796225868543508e-01
-3.822497484874953777e-03 9.981584699914237691e-01 6.053971669373969799e-02
-9.177399104583246203e-02 9.931840832218836734e-01 -7.185340216180255424e-02
-1.535373998550863817e-01 9.733856322197125266e-01 -1.701372323566175682e-01
-2.504120853447991957e-01 9.170694674386744571e-01 -3.102859639187942609e-01
-4.440237501782514640e-01 7.627261521887713780e-01 -4.702039196401418542e-01
-4.719447361343845904e-01 7.417642316762627086e-01 -4.765018264820919947e-01
-5.221833373956646929e-01 6.855439822077935563e-01 -5.073007102350695074e-01
-5.511939211947234352e-01 6.323776643715551815e-01 -5.443195300941917614e-01
-5.801790755507869601e-01 5.880255333895791914e-01 -5.635762702376095890e-01
