1.394216231180578358e-18 9.342283544359082370e-01 3.566754571988033362e-01
3.938899418700275712e-02 9.309079945094270725e-01 3.631236881496068269e-01
1.190123887271610087e-01 9.191573809489229641e-01 3.754807057314284990e-01
2.119944580164007109e-01 8.980767932868435333e-01 3.853782857530413386e-01
3.123490803628354295e-01 8.624389055827641481e-01 3.982928396716355901e-01
4.564991636821728038e-01 7.769650664491944969e-01 4.335133205278421942e-01
4.856058122685492084e-01 7.540942798999664687e-01 4.421863997378863709e-01
5.635570746689391175e-01 6.889529968783733027e-01 4.557929263195031888e-01
6.445627739140477042e-01 6.298898371748042901e-01 4.333331553298532812e-01
7.361294262793055543e-01 5.861366053930141540e-01 3.384632145212453924e-01
8.534622103636901880e-01 5.025104181912969370e-01 1.381504074924573833e-01
8.833721927814074393e-01 4.609425495209787949e-01 8.476753542287121523e-02
9.366107535355271407e-01 3.503265999429576727e-01 -5.618695045911309416e-03
9.633152065892294225e-01 2.139147668761493815e-01 -1.620625967528381284e-01
9.218597896457457752e-01 6.416024017965565873e-02 -3.821753417142321751e-01
7.620902963142515141e-01 -1.064745123041992425e-01 -6.386560564914728344e-01
7.266854033930211232e-01 -1.274703441605365140e-01 -6.750404697906020601e-01
6.379480079306082407e-01 -1.496861393099602755e-01 -7.553915533521986525e-01
5.878227877537026691e-01 -1.759490631403100858e-01 -7.896241494391571525e-01
5.426551369834874405e-01 -2.205230200748904967e-01 -8.104905921245982858e-01
5.740481641121558676e-01 -2.770529358751623872e-01 -7.705260384973482424e-01
5.844987014676661374e-01 -2.906813587474330607e-01 -7.575391842402334763e-01
6.084039286922560130e-01 -3.200138597073279301e-01 -7.262477463972242253e-01
6.361802585444061853e-01 -3.520900943835560959e-01 -6.865182037465219489e-01
