-9.757819552369539906e-19 6.407054850228495191e-01 -7.677867421762604172e-01
-3.644132853182917298e-02 6.478221857172080655e-01 -7.609194735761559691e-01
-7.379218883490448744e-02 6.458124239453525428e-01 -7.599217235641985146e-01
-1.828221322495746648e-01 6.301305217785702073e-01 -7.546599190912326449e-01
-3.364117647039507886e-01 5.818194327696598611e-01 -7.404817838545152409e-01
-4.909030119406974091e-01 5.157994504622737120e-01 -7.021147767782471849e-01
-6.486909664643074613e-01 2.918456625748342415e-01 -7.028699305446626244e-01
-6.790485211767089968e-01 2.183153192771314088e-01 -7.008791103012335100e-01
-6.925036529449140055e-01 3.889431564855280049e-02 -7.203651316299124474e-01
-6.707454055669488380e-01 -1.786305652062942784e-01 -7.198553480282753325e-01
-6.596622251020779482e-01 -3.695597015910824235e-01 -6.544244614417203953e-01
-7.127555088712089759e-01 -4.662247378879229576e-01 -5.240363330486554894e-01
-6.880512050586062855e-01 -4.187210670546724356e-01 -5.926704035313354879e-01
-6.549829907094227854e-01 -4.228140903238406523e-01 -6.262791126206935788e-01
-6.515911225133322882e-01 -4.758411581834255388e-01 -5.907657752785545613e-01
