-3.049318610115481221e-18 7.569039001241208986e-01 -6.535261937955467726e-01
4.626025010125952783e-03 7.532005795085340294e-01 -6.577746475204211407e-01
4.362694806134435194e-02 7.409795504920346776e-01 -6.701089427514566044e-01
1.759241058400436153e-01 6.956372864969762038e-01 -6.965195436019760988e-01
2.197015043393017175e-01 6.906103984719953459e-01 -6.890490015328371021e-01
3.255854958800954435e-01 6.815145173237909804e-01 -6.553869449031105576e-01
4.105242237751894896e-01 6.923180816816340011e-01 -5.934353675594675748e-01
4.789607734964146935e-01 7.103876483020312715e-01 -5.156994925260502960e-01
4.700608282736654098e-01 7.091603548798789403e-01 -5.254849272712966979e-01
4.686866878525094982e-01 7.046320930114569059e-01 -5.327536035806216264e-01
4.711903006168484120e-01 6.782671508233502067e-01 -5.638558084462540476e-01
