0.02 a -2001 3536 2185 g 1992 -761 968
0.02 a -1996 3672 2156 g 2237 -1420 339
0.02 a -1426 4198 3037 g 2460 -1733 -501
0.02 a -1705 4591 5209 g 2667 -1233 -768
0.02 a -2660 4711 8828 g 2755 -827 -579
0.02 a -3097 4962 12242 g 2660 -1388 -749
0.02 a -2222 5610 15085 g 1912 -2303 -1363
0.02 a -1355 6457 17909 g 655 -2286 -1493
0.02 a -113 8702 21893 g -885 -1274 -1096
0.02 a 2100 12450 22562 g -2763 -531 -879
0.02 a 3218 17258 20223 g -5031 -454 -454
0.02 a 4176 20696 18207 g -6964 167 102
0.02 a 4841 22561 16338 g -8420 1098 531
0.02 a 4898 23862 13759 g -9865 2446 647
0.02 a 4518 24173 9421 g -10653 2282 277
0.02 a 3911 22263 4879 g -10616 1401 -58
0.02 a 4292 20751 -356 g -10701 2086 -282
0.02 a 5821 18996 -7925 g -10472 2394 -740
0.02 a 6528 14027 -10857 g -8799 2151 -748
0.02 a 5051 10724 -11293 g -6081 2286 -87
0.02 a 1931 8759 -11396 g -3936 1910 563
0.02 a -1565 7566 -10492 g -2614 2605 1036
0.02 a -2698 7273 -10325 g -1576 2720 744
0.02 a -2283 7516 -10742 g -639 1961 -66
0.02 a -2108 8248 -10884 g 189 1633 -401
0.02 a -1582 9477 -11234 g 1171 1637 -400
0.02 a -1922 10702 -11569 g 2260 2011 -53
0.02 a -2956 11503 -12439 g 3771 2220 376
0.02 a -5123 14133 -12799 g 5684 2120 580
0.02 a -7017 20073 -11105 g 7993 2216 518
0.02 a -6886 29184 -4526 g 10595 2549 118
0.02 a -5401 32732 5864 g 12831 3344 -193
0.02 a -8692 32732 19329 g 14229 3484 207
0.02 a -13770 32732 32351 g 14502 3207 1371
0.02 a -8972 21739 32764 g 12144 2010 862
0.02 a -442 13740 26395 g 7855 -763 -693
0.02 a 2311 9869 20154 g 4413 -2473 -932
0.02 a -1031 5772 17125 g 2785 -2372 391
0.02 a -2987 3425 12833 g 1449 -2480 1347
0.02 a -2910 2567 9495 g 362 -2409 1184
0.02 a -2057 2484 7229 g -186 -2132 635
0.02 a -1911 2336 5874 g -525 -1687 473
0.02 a -1535 2380 4925 g -747 -1444 483
0.02 a -1114 2537 4219 g -840 -1428 460
0.02 a -826 2786 3664 g -929 -1378 496
