0.02 a -1550 4211 1746 g 2388 425 877
0.02 a -2221 4112 2652 g 2477 708 947
0.02 a -2891 3866 4401 g 2517 1017 755
0.02 a -2746 3992 6071 g 2566 585 80
0.02 a -1900 4420 8014 g 2417 -375 -726
0.02 a -1017 4599 10034 g 2140 -1146 -1040
0.02 a -631 5223 12145 g 1657 -1680 -939
0.02 a -299 6283 14912 g 951 -1633 -808
0.02 a 656 8134 20040 g 66 -712 -897
0.02 a 3049 11621 24122 g -1192 495 -1314
0.02 a 5460 15939 22920 g -3776 1497 -1582
0.02 a 5465 19210 20488 g -7228 3155 -726
0.02 a 4692 21086 17638 g -9155 3845 82
0.02 a 4238 21791 14252 g -9509 2656 1
0.02 a 4760 22035 10484 g -9862 2373 -459
0.02 a 5629 21908 6574 g -10584 3368 -1037
0.02 a 5520 20814 1678 g -10732 4030 -1427
0.02 a 6298 17657 -4950 g -10003 3256 -1686
0.02 a 6670 13803 -8902 g -8402 2482 -1727
0.02 a 4652 11169 -10863 g -6296 2336 -1066
0.02 a 2441 9912 -11164 g -4530 2926 -363
0.02 a 850 9282 -10356 g -2945 3132 -228
0.02 a 217 9269 -9411 g -1425 2684 -455
0.02 a -48 9483 -8925 g -345 2223 -674
0.02 a -153 9405 -8685 g 444 2128 -627
0.02 a -271 9607 -8699 g 1378 2103 -425
0.02 a -628 10040 -9079 g 2556 1953 -179
0.02 a -1437 11414 -10113 g 3941 1786 20
0.02 a -2708 14039 -11320 g 5755 1332 -26
0.02 a -4523 20077 -10579 g 8001 1239 -27
0.02 a -5742 28842 -4516 g 10612 1811 20
0.02 a -4649 32732 5543 g 13304 1638 -388
0.02 a -6227 32732 18011 g 15302 453 -920
0.02 a -8452 32732 31191 g 15644 933 -699
0.02 a -3705 29368 32764 g 13427 1162 -1093
0.02 a 2294 16405 31285 g 9570 692 -1552
0.02 a 3316 10169 22865 g 5330 -946 -816
0.02 a 330 5683 18177 g 2859 -1650 387
0.02 a -1973 2943 13755 g 1473 -1480 1084
0.02 a -2072 2184 10084 g 310 -1314 899
0.02 a -1166 2093 7735 g -275 -1229 368
0.02 a -940 2122 6082 g -458 -1464 105
0.02 a -911 2218 5173 g -548 -1511 200
0.02 a -639 2566 4527 g -628 -1384 262
0.02 a -64 2787 4302 g -641 -1124 251
0.02 a 522 2910 4273 g -675 -717 243
