0.02 a -1260 4265 1114 g 1962 -1260 -228
0.02 a -1198 4378 1388 g 2042 -450 -162
0.02 a -1947 4613 2705 g 2224 -130 -206
0.02 a -2563 4996 4597 g 2419 -394 -558
0.02 a -2274 4994 7754 g 2541 -747 -1169
0.02 a -1240 5219 12221 g 2531 -858 -1601
0.02 a 555 5964 16909 g 1963 -1010 -1753
0.02 a 1680 7194 22129 g 573 -145 -1330
0.02 a 3904 10230 24659 g -1567 696 -812
0.02 a 7269 14443 24107 g -3819 857 -969
0.02 a 7703 18318 21095 g -5782 493 -543
0.02 a 6413 21030 17684 g -7655 798 846
0.02 a 6276 22517 13916 g -9295 1838 1408
0.02 a 6052 22636 10150 g -10130 2367 1160
0.02 a 5527 21341 6302 g -10268 2425 766
0.02 a 4612 19910 2001 g -10227 2509 442
0.02 a 3938 17234 -4355 g -9903 2321 143
0.02 a 4094 13435 -9093 g -8745 2082 -147
0.02 a 4216 11148 -9847 g -6876 2689 -312
0.02 a 3063 9600 -10377 g -5024 2811 -167
0.02 a 716 8929 -10694 g -3510 2544 309
0.02 a -828 8816 -10302 g -2167 2318 450
0.02 a -818 9185 -10307 g -1068 1939 -92
0.02 a -373 9451 -10634 g -224 1625 -600
0.02 a -494 9981 -10908 g 650 1402 -555
0.02 a -1115 10714 -11010 g 1872 1335 -201
0.02 a -2521 11443 -11883 g 3215 1512 172
0.02 a -4529 13001 -12367 g 4943 1416 252
0.02 a -6784 16838 -11089 g 7301 1014 -119
0.02 a -7494 24594 -6562 g 9803 824 -1005
0.02 a -4770 32732 2100 g 12133 1098 -2376
0.02 a -2368 32732 13730 g 13964 1178 -3307
0.02 a -3929 32732 28214 g 14904 1245 -2607
0.02 a -1674 32136 32764 g 13650 1049 -1946
0.02 a 3889 19730 32583 g 9961 687 -2421
0.02 a 3798 11557 25501 g 5790 242 -1484
0.02 a 1017 6931 19636 g 3244 -1325 -56
0.02 a -819 3700 15002 g 1778 -1926 490
0.02 a -1588 2320 10961 g 566 -1735 454
0.02 a -1048 1876 8292 g -131 -1478 128
0.02 a -550 1929 6826 g -443 -1084 -104
0.02 a -419 2179 5561 g -693 -845 -5
0.02 a -184 2298 4775 g -770 -828 101
0.02 a 116 2597 4183 g -840 -740 188
0.02 a 433 2922 3833 g -921 -625 246
0.02 a 727 3119 3455 g -955 -516 277
0.02 a 1037 3349 3419 g -988 -366 354
