0.02 a -980 4322 263 g 2398 -1012 -132
0.02 a -565 5263 936 g 2600 -271 -419
0.02 a -989 6168 3937 g 2942 379 -685
0.02 a -2137 6904 9479 g 3535 268 -993
0.02 a -1952 7527 16783 g 3863 -452 -1452
0.02 a 402 7795 22196 g 3093 -1592 -2228
0.02 a 2025 8943 26551 g 877 -1600 -1932
0.02 a 1651 11535 28489 g -2224 238 -305
0.02 a 1618 16067 26846 g -5016 749 778
0.02 a 3409 21572 24273 g -7029 629 523
0.02 a 4610 25528 20592 g -8817 887 110
0.02 a 5365 28668 16285 g -10898 2233 207
0.02 a 7698 30577 11988 g -12047 3247 -210
0.02 a 7666 29518 6463 g -11505 1952 -694
0.02 a 6218 27039 -2094 g -10855 797 -446
0.02 a 5853 22188 -10603 g -10372 713 -375
0.02 a 4973 16646 -14050 g -8896 1951 -162
0.02 a 1803 13001 -16031 g -6564 2468 164
0.02 a -1448 10664 -15502 g -4415 2702 546
0.02 a -3763 9895 -14262 g -2620 3037 590
0.02 a -4896 9632 -13699 g -1081 2494 -18
0.02 a -4597 10115 -13175 g 11 2296 -654
0.02 a -3326 11610 -12040 g 1035 2402 -1080
0.02 a -2977 12665 -10809 g 2405 2448 -1099
0.02 a -3876 13855 -10306 g 4011 2476 -677
0.02 a -5706 15947 -10477 g 5673 2354 -450
0.02 a -8431 20912 -10113 g 7610 2179 -728
0.02 a -9586 30389 -4730 g 10170 2207 -1576
0.02 a -6799 32732 5465 g 12823 2619 -2845
0.02 a -5514 32732 18663 g 14899 2176 -3548
0.02 a -6265 32732 32595 g 15447 2046 -3074
0.02 a 1103 32570 32764 g 13095 1433 -3399
0.02 a 10601 19450 31540 g 9060 -487 -4368
0.02 a 7689 12223 24110 g 5074 -1324 -2430
0.02 a 2901 6709 19770 g 2845 -1402 193
0.02 a 236 3486 15097 g 1670 -1777 972
0.02 a -674 2391 10784 g 378 -1547 879
0.02 a -119 2143 7774 g -330 -1244 362
0.02 a -576 2275 5934 g -591 -1110 216
0.02 a -811 2544 4724 g -679 -1051 318
0.02 a -831 2842 3914 g -744 -791 341
0.02 a -905 2962 3142 g -741 -581 307
0.02 a -997 3094 2660 g -605 -551 219
0.02 a -1002 3142 2389 g -443 -601 136
0.02 a -974 3277 2237 g -328 -673 124
0.02 a -1019 3394 2042 g -313 -740 160
