0.02 a -2145 6523 1683 g 3760 -419 57
0.02 a -1896 6797 2619 g 3961 -243 -212
0.02 a -1643 7515 4544 g 4117 -238 -696
0.02 a -832 8338 7395 g 4036 -306 -1446
0.02 a 1442 8477 11970 g 3585 -117 -2014
0.02 a 3044 8336 16388 g 2641 -109 -1757
0.02 a 2875 9101 18649 g 1000 -758 -679
0.02 a 2568 10498 20236 g -863 -1227 156
0.02 a 3808 12912 21165 g -2730 -583 392
0.02 a 5006 16212 21708 g -5158 1460 481
0.02 a 4987 19990 20082 g -7714 3064 709
0.02 a 4686 22670 15618 g -9334 2271 840
0.02 a 4648 23227 11441 g -10107 1160 930
0.02 a 4614 22686 7467 g -10753 1752 927
0.02 a 3786 21350 3347 g -11314 2803 654
0.02 a 3150 19178 -2170 g -11225 3424 201
0.02 a 3839 16458 -7505 g -10118 3102 -550
0.02 a 3307 13641 -9719 g -8043 2646 -927
0.02 a 2010 11692 -11249 g -5720 2244 -606
0.02 a 696 10566 -11602 g -4233 2676 -293
0.02 a 97 10533 -11280 g -2908 3052 -352
0.02 a -407 10376 -11110 g -1497 2592 -582
0.02 a -781 10187 -10484 g -163 2110 -615
0.02 a -1252 10545 -9951 g 1047 2073 -407
0.02 a -1867 10756 -10153 g 2063 2504 51
0.02 a -3319 11394 -11810 g 3180 2992 571
0.02 a -5964 14042 -13736 g 4755 3021 1040
0.02 a -7707 20538 -12421 g 7386 2604 997
0.02 a -8179 30650 -4258 g 10924 2443 330
0.02 a -6305 32732 7690 g 14036 1978 -736
0.02 a -7057 32732 24282 g 15962 1684 -1219
0.02 a -8989 32732 32764 g 15342 2147 -486
0.02 a -3889 25521 32764 g 12342 1018 -892
0.02 a 3359 14228 30592 g 8390 -393 -1588
0.02 a 4934 8699 21734 g 4464 -2406 -1175
0.02 a 1749 4597 17263 g 2347 -2226 202
0.02 a -649 2147 13098 g 1060 -1661 1186
0.02 a -1191 1428 10129 g -12 -1308 1184
0.02 a -808 1574 8328 g -568 -920 835
0.02 a -297 1994 7214 g -905 -834 654
0.02 a 609 2579 6556 g -1197 -776 699
0.02 a 1728 3173 6195 g -1416 -822 781
0.02 a 2636 3841 5932 g -1565 -989 966
