0.02 a 1122 3406 560 g 512 -630 -488
0.02 a 1357 3726 479 g 803 -472 -436
0.02 a 980 4164 927 g 1162 -501 -408
0.02 a 536 4650 1693 g 1284 -628 -506
0.02 a -169 5374 3393 g 1297 -384 -646
0.02 a -703 6455 6488 g 1312 18 -784
0.02 a -424 6781 12522 g 1379 577 -1031
0.02 a 422 7352 20139 g 1112 1672 -1105
0.02 a 2237 9695 24477 g -193 1755 -1117
0.02 a 3535 14311 23422 g -2493 472 -1096
0.02 a 1993 18706 19798 g -5104 -221 -127
0.02 a 918 22461 17744 g -7591 984 954
0.02 a 1657 25983 15978 g -9304 2092 926
0.02 a 1533 27776 12779 g -9998 1335 671
0.02 a 1446 27769 10218 g -10438 1194 644
0.02 a 1633 26924 7410 g -11157 2076 354
0.02 a 1334 25288 2238 g -11607 2539 -223
0.02 a 1554 21745 -5192 g -11332 1904 -801
0.02 a 3840 16503 -8648 g -10012 2049 -1545
0.02 a 5470 13897 -10026 g -8211 3270 -1918
0.02 a 3658 11915 -13301 g -6296 2409 -1506
0.02 a 1370 10148 -13452 g -4252 1828 -625
0.02 a -226 9731 -13024 g -2578 2226 -166
0.02 a -581 9254 -12441 g -1232 1965 -462
0.02 a 13 8917 -11093 g -27 1853 -746
0.02 a 75 9592 -10798 g 870 1996 -497
0.02 a -477 10843 -10721 g 1750 2040 75
0.02 a -1178 12196 -9874 g 3215 1868 445
0.02 a -2357 13351 -9163 g 5031 1622 472
0.02 a -3536 15803 -9137 g 6757 1232 235
0.02 a -4774 20539 -7771 g 8613 1390 71
0.02 a -5354 28755 -4486 g 10695 1645 46
0.02 a -4514 32732 2392 g 12992 1365 -121
0.02 a -4924 32732 12778 g 15387 -69 -635
0.02 a -7526 32732 27239 g 16523 -1000 -1272
0.02 a -2736 32732 32764 g 14593 862 -2313
0.02 a 4699 21753 32619 g 10035 1125 -2940
0.02 a 6074 13416 25245 g 5844 -1191 -1853
0.02 a 2005 8257 22258 g 3783 -1756 -116
0.02 a -295 5076 17277 g 1935 -1505 935
0.02 a -566 3740 12850 g 384 -1627 756
0.02 a -162 3438 9746 g -505 -1801 395
0.02 a -296 3668 7193 g -968 -2198 204
0.02 a -784 3679 5421 g -1347 -2127 366
0.02 a -749 3638 4033 g -1663 -1678 490
