0.02 a -1594 6189 3821 g 3707 -653 -797
0.02 a -1350 6875 6317 g 3646 -530 -1302
0.02 a -475 7295 9178 g 3363 -790 -1695
0.02 a 1432 7584 12417 g 2874 -1134 -1970
0.02 a 2567 7504 16573 g 1886 -1132 -1727
0.02 a 1223 8221 20263 g 311 -763 -575
0.02 a 829 10426 21347 g -1547 -915 274
0.02 a 3674 14090 21423 g -3465 -993 0
0.02 a 7008 19361 21801 g -5489 353 -395
0.02 a 7982 24031 20112 g -7842 1911 122
0.02 a 7345 27130 16237 g -9962 2361 1142
0.02 a 5690 27888 10185 g -11008 1306 1659
0.02 a 4297 25854 5404 g -11132 849 1648
0.02 a 3418 24532 -977 g -11394 1973 1212
0.02 a 4671 20951 -7093 g -11465 2583 327
0.02 a 4612 17103 -10638 g -9971 2919 -238
0.02 a 2628 14745 -12249 g -7664 2782 251
0.02 a -136 12549 -13142 g -5532 2598 741
0.02 a -1913 11139 -12188 g -3567 2560 728
0.02 a -2083 10389 -11524 g -1974 2551 116
0.02 a -1740 10204 -10968 g -948 2559 -509
0.02 a -1709 10623 -10101 g 184 2678 -596
0.02 a -1922 11039 -9604 g 1539 2671 -410
0.02 a -2721 11457 -9736 g 2946 2860 -12
0.02 a -4266 12548 -9926 g 4667 3067 316
0.02 a -6301 16511 -9163 g 6853 3031 462
0.02 a -7382 23920 -5744 g 9637 2596 -23
0.02 a -6570 32455 1957 g 12658 2215 -983
0.02 a -5795 32732 15254 g 15040 1510 -1979
0.02 a -7619 32732 30834 g 16494 1269 -1941
0.02 a -4243 32123 32764 g 14550 1306 -1949
0.02 a 3517 19846 32764 g 10229 247 -2708
0.02 a 7135 10161 25327 g 5905 -1755 -2139
0.02 a 4503 5881 18981 g 2858 -2589 -539
0.02 a 818 2643 14237 g 1112 -1764 891
0.02 a -866 1476 10219 g -95 -1391 1326
0.02 a -1014 1329 7758 g -726 -1179 1026
0.02 a -788 1620 5987 g -961 -1242 617
0.02 a -496 2094 4659 g -1153 -1249 440
