0.02 a -8 6789 8136 g 2688 -1936 -1175
0.02 a 1469 7043 10940 g 1644 -1189 -1248
0.02 a 1514 7068 15848 g 758 263 -215
0.02 a 2107 8078 19713 g -118 74 278
0.02 a 4241 10666 21820 g -1608 -60 81
0.02 a 6901 14769 21025 g -4070 856 90
0.02 a 7756 18002 18791 g -6704 1877 812
0.02 a 7228 19773 16139 g -8685 2800 1749
0.02 a 6079 20689 12009 g -9770 2721 2041
0.02 a 4194 20072 7119 g -10108 2051 1900
0.02 a 2758 18401 2619 g -10502 2712 1528
0.02 a 2971 17293 -2515 g -10897 4411 685
0.02 a 4895 15620 -8117 g -10317 4862 -563
0.02 a 5344 13021 -11020 g -8202 3852 -967
0.02 a 2881 11641 -11650 g -5477 3120 -263
0.02 a -1267 10210 -11213 g -3249 2765 617
0.02 a -3608 9691 -10391 g -1578 2866 629
0.02 a -2816 10381 -9619 g -459 2995 -468
0.02 a -1797 10938 -9670 g 334 2885 -1278
0.02 a -1444 11582 -9630 g 1442 2728 -1362
0.02 a -1507 12277 -10555 g 2991 2531 -1167
0.02 a -3437 13813 -12374 g 4796 2373 -978
0.02 a -5826 18391 -13058 g 7169 2038 -1115
0.02 a -7341 27587 -10181 g 10048 1795 -1844
0.02 a -6815 32732 -409 g 12988 2203 -2753
0.02 a -4812 32732 15495 g 15364 2639 -3497
0.02 a -5493 32732 32468 g 16410 2561 -3348
0.02 a -5943 32188 32764 g 14351 2601 -2111
0.02 a 805 19470 32764 g 9419 2371 -1743
0.02 a 4355 11357 24030 g 5682 -558 -1565
0.02 a 2356 7001 17881 g 3587 -2694 -489
0.02 a 57 3929 14042 g 2050 -2162 363
0.02 a -759 2621 11055 g 950 -1605 456
0.02 a -899 2028 8794 g 362 -1638 188
0.02 a -753 2002 6776 g -35 -1821 -81
0.02 a -601 2213 5359 g -352 -1870 -157
0.02 a -272 2429 4364 g -543 -1832 -123
