0.02 a -2724 4558 5263 g 2422 -507 -66
0.02 a -2103 4917 7784 g 2479 -577 -948
0.02 a -1641 5242 11224 g 2402 -245 -1217
0.02 a -2388 5588 16285 g 2067 -198 -947
0.02 a -3115 5841 21868 g 1475 -714 -770
0.02 a -2548 7547 25114 g 217 -1216 -1082
0.02 a -536 11631 26138 g -2270 -672 -1574
0.02 a 2053 16879 24279 g -5154 487 -1874
0.02 a 3155 20988 21830 g -7524 1802 -1706
0.02 a 3222 23809 18649 g -9080 2888 -1513
0.02 a 3203 25236 14257 g -9744 2368 -1753
0.02 a 3749 24977 10094 g -9839 1308 -2126
0.02 a 5232 24653 5683 g -10182 1793 -2347
0.02 a 7530 23886 -1650 g -10416 2450 -2532
0.02 a 10876 19678 -8105 g -9402 1991 -2490
0.02 a 10506 14618 -11469 g -7375 1734 -1530
0.02 a 6883 10920 -12337 g -5502 2445 109
0.02 a 2116 8700 -12441 g -3684 2701 1144
0.02 a -958 7427 -11692 g -1992 2500 1167
0.02 a -1445 7075 -11497 g -776 1967 373
0.02 a -954 7827 -11171 g 96 1426 -470
0.02 a -1245 9393 -11390 g 929 1017 -722
0.02 a -1956 10565 -11590 g 1886 887 -426
0.02 a -3613 11911 -12499 g 3151 978 -72
0.02 a -5528 13543 -12957 g 4813 1110 -45
0.02 a -7373 17765 -11433 g 6977 1213 -526
0.02 a -8664 25704 -7199 g 9422 1458 -1179
0.02 a -6000 32732 2009 g 11705 2004 -1927
0.02 a -2356 32732 15140 g 13674 1681 -2554
0.02 a -3084 32732 27638 g 14723 433 -2125
0.02 a -369 32339 32764 g 13322 -265 -2064
0.02 a 5454 19718 32341 g 9525 74 -2865
0.02 a 5164 11861 25242 g 5697 -389 -1862
0.02 a 2281 7132 19955 g 3401 -1688 -301
0.02 a 591 3932 15718 g 2135 -2149 311
0.02 a -374 2329 11892 g 1016 -2218 309
0.02 a -174 1777 9148 g 274 -2155 69
0.02 a -46 1932 6938 g -181 -2062 -139
0.02 a 80 2215 5473 g -572 -1639 -117
0.02 a 292 2482 4361 g -707 -1336 -85
0.02 a 268 2622 3601 g -702 -1163 8
0.02 a 296 2821 3110 g -616 -1095 60
0.02 a 341 2969 2738 g -493 -1171 47
0.02 a 535 2884 2566 g -399 -1254 46
