0.02 a 524 5418 10053 g 2830 521 -1413
0.02 a 441 5460 14933 g 2197 1287 -1307
0.02 a 374 6770 21540 g 2052 660 -1542
0.02 a 2715 8951 28056 g 1868 -887 -2061
0.02 a 4393 12570 30824 g -629 -797 -1885
0.02 a 2747 17497 26278 g -4998 269 -542
0.02 a 2209 20984 22242 g -8001 897 414
0.02 a 3071 23583 19029 g -9289 1660 405
0.02 a 4348 25884 14945 g -10099 2244 1
0.02 a 6859 26681 11281 g -10413 2356 -640
0.02 a 8131 26819 4382 g -10835 1989 -717
0.02 a 8412 24495 -3867 g -11335 2250 -359
0.02 a 7865 18611 -11752 g -10555 2362 -447
0.02 a 5086 12694 -13595 g -8298 3286 -49
0.02 a 830 10940 -12638 g -5404 3444 313
0.02 a -3075 10090 -12817 g -3241 2644 117
0.02 a -5042 9886 -13154 g -2236 2781 -333
0.02 a -3487 10625 -13660 g -1387 3029 -1127
0.02 a -2841 11093 -13711 g -382 3086 -1621
0.02 a -4194 11811 -12884 g 951 3175 -1190
0.02 a -5530 12730 -11352 g 2750 2776 -899
0.02 a -6721 14862 -9896 g 4453 2535 -1078
0.02 a -7116 17931 -9446 g 5966 2681 -1687
0.02 a -7389 23723 -8349 g 7809 2880 -2420
0.02 a -7019 32697 -3064 g 10200 3217 -2916
0.02 a -4613 32732 7369 g 12898 2846 -3307
0.02 a -4388 32732 21928 g 15252 1068 -3832
0.02 a -3115 32732 32764 g 15135 1060 -3946
0.02 a 8161 32089 32764 g 11442 1447 -5139
0.02 a 11744 19778 32079 g 7468 918 -4230
0.02 a 6515 10564 25204 g 4684 -929 -1004
0.02 a 2071 5418 18845 g 2549 -1334 942
0.02 a 975 2561 13907 g 1060 -1038 1043
0.02 a 655 1682 10418 g 228 -1117 626
0.02 a 415 1493 7840 g -166 -1451 405
0.02 a -266 1721 5741 g -467 -1495 423
0.02 a -439 2009 4540 g -707 -1021 449
0.02 a -302 2300 3827 g -812 -424 351
0.02 a -158 2615 3391 g -747 -206 253
