0.02 a -609 5699 5196 g 3087 -1317 -1084
0.02 a 65 5859 6734 g 2638 -728 -1339
0.02 a 445 5763 8725 g 2218 -426 -1074
0.02 a 582 6161 12554 g 1695 -529 -759
0.02 a 810 6283 16216 g 933 -416 -506
0.02 a 1632 8418 17633 g -648 -976 -421
0.02 a 3912 10909 19556 g -2371 -832 -422
0.02 a 6351 14077 20966 g -4119 501 -269
0.02 a 7179 17648 20728 g -6509 2564 337
0.02 a 6764 20802 17954 g -8609 3417 1053
0.02 a 6090 22515 13925 g -9614 2235 1305
0.02 a 5406 22043 9563 g -10098 1667 1291
0.02 a 5110 21031 6109 g -10784 2839 1045
0.02 a 5264 19968 3106 g -11158 4339 399
0.02 a 6020 18235 -1676 g -10753 4551 -278
0.02 a 6612 16004 -6717 g -9601 3657 -647
0.02 a 5019 13751 -8954 g -7540 2949 -258
0.02 a 1446 11959 -10921 g -5316 2673 636
0.02 a -428 10727 -11194 g -3627 2762 715
0.02 a -574 10495 -10674 g -2124 2830 105
0.02 a -545 10610 -10665 g -797 2424 -409
0.02 a -493 10817 -10819 g 454 1963 -564
0.02 a -516 11045 -10580 g 1921 1732 -526
0.02 a -835 11386 -10600 g 3573 1846 -347
0.02 a -2113 12846 -10955 g 5268 2104 -134
0.02 a -3673 16853 -10072 g 7379 2109 2
0.02 a -5619 23746 -6478 g 9964 1721 -174
0.02 a -6054 31515 645 g 12633 1113 -981
0.02 a -5095 32732 14238 g 14658 954 -2159
0.02 a -7192 32732 31422 g 15597 1412 -2428
0.02 a -4007 29337 32764 g 13804 2134 -2071
0.02 a 2071 16863 32764 g 9784 1048 -1834
0.02 a 4574 8600 25317 g 5836 -1849 -1091
0.02 a 2224 4551 18910 g 2847 -2211 19
0.02 a -163 2189 14270 g 1078 -1184 848
0.02 a -1566 1272 10590 g 92 -1061 927
0.02 a -1418 1204 7961 g -521 -1106 623
0.02 a -988 1565 6144 g -860 -1027 205
0.02 a -441 2029 4796 g -1123 -769 115
0.02 a 161 2359 4209 g -1233 -538 180
0.02 a 656 2665 3839 g -1214 -490 300
0.02 a 1118 2990 3671 g -1128 -668 420
0.02 a 1746 3324 3754 g -1017 -762 507
