0.02 a -2186 4548 1509 g 2288 -870 523
0.02 a -1917 5537 2795 g 2255 -864 -52
0.02 a -1907 6358 5632 g 2270 -724 -704
0.02 a -2513 6586 9544 g 2534 -817 -1096
0.02 a -3125 6559 14526 g 2569 -1330 -1352
0.02 a -3170 6175 17761 g 1877 -2212 -1450
0.02 a -3535 6412 19813 g 253 -2576 -1095
0.02 a -4317 7774 21498 g -2023 -1030 -365
0.02 a -1199 12158 23489 g -4202 776 -645
0.02 a 6858 18825 24496 g -5538 1105 -2516
0.02 a 12152 24313 21849 g -7079 766 -3156
0.02 a 10806 26820 16221 g -9547 1714 -1181
0.02 a 8861 25181 9737 g -10664 1768 258
0.02 a 7691 22727 4720 g -10282 1397 260
0.02 a 6766 21723 -342 g -10320 1979 -142
0.02 a 5588 18658 -6692 g -9897 1968 -648
0.02 a 4141 14553 -10559 g -8621 1393 -642
0.02 a 2538 12183 -12799 g -6902 1485 -319
0.02 a 1472 10770 -13811 g -5237 1782 -35
0.02 a 172 9928 -13478 g -3660 2237 214
0.02 a -1393 9667 -13004 g -2134 2238 500
0.02 a -2225 9612 -12713 g -743 1799 475
0.02 a -2423 10024 -12144 g 546 1423 227
0.02 a -2126 10924 -11341 g 1958 1399 -68
0.02 a -2480 12177 -11345 g 3258 1685 5
0.02 a -4009 14120 -11764 g 4746 1962 281
0.02 a -7178 17938 -11053 g 6925 1616 265
0.02 a -10404 24964 -7873 g 9679 1125 -337
0.02 a -9975 32732 -1612 g 12297 915 -1942
0.02 a -6264 32732 8800 g 14340 1362 -3907
0.02 a -5055 32732 25638 g 15827 2110 -4267
0.02 a -5929 32732 32764 g 15338 2875 -2514
0.02 a 1398 25736 32764 g 11814 1339 -2028
0.02 a 7357 14544 27221 g 7540 -1305 -2407
0.02 a 5170 9322 20384 g 3995 -2804 -1142
0.02 a 1841 5098 15827 g 2156 -2784 347
0.02 a -410 3059 11298 g 821 -2675 919
0.02 a -330 2274 8164 g -119 -2204 686
0.02 a -260 1988 6347 g -562 -1664 339
0.02 a -509 2003 5036 g -764 -1479 285
0.02 a -601 2120 4313 g -752 -1600 276
0.02 a -438 2334 3760 g -678 -1672 237
0.02 a -339 2655 3288 g -650 -1497 181
