0.02 a -525 3788 1195 g 2375 -958 -241
0.02 a -137 4015 1953 g 2322 -471 -518
0.02 a -112 4162 2395 g 2165 349 -535
0.02 a -269 4486 3338 g 2104 871 -421
0.02 a -119 4854 5123 g 2358 802 -521
0.02 a 160 5673 7702 g 2501 -39 -1038
0.02 a 863 5800 11739 g 2255 -246 -1347
0.02 a 1698 6018 16552 g 1561 77 -1174
0.02 a 1999 7573 20632 g 542 -251 -880
0.02 a 2654 10056 23286 g -943 -810 -653
0.02 a 3430 13908 24102 g -3185 -362 -329
0.02 a 4535 18740 22686 g -5852 931 38
0.02 a 5469 23161 19630 g -8134 1777 349
0.02 a 5704 25916 15918 g -9561 1803 703
0.02 a 5733 26717 11416 g -10354 1642 866
0.02 a 5763 26135 6558 g -10769 1526 714
0.02 a 5953 24574 -32 g -11026 1947 466
0.02 a 6325 21530 -7856 g -10738 2058 5
0.02 a 5272 16519 -12608 g -9381 2282 -35
0.02 a 2449 13435 -14989 g -7240 2670 475
0.02 a -559 11016 -15233 g -4872 2507 749
0.02 a -2183 9603 -13496 g -2726 2493 464
0.02 a -2195 9187 -12649 g -1250 2195 -251
0.02 a -1870 9208 -12031 g -368 2045 -718
0.02 a -1858 9579 -11312 g 597 1981 -724
0.02 a -2513 10405 -11000 g 1683 2009 -401
0.02 a -3444 11263 -10606 g 2967 2225 -73
0.02 a -4614 12311 -10064 g 4665 2282 -77
0.02 a -6219 15527 -9492 g 6612 2015 -407
0.02 a -7984 22193 -7082 g 8662 2264 -795
0.02 a -6944 31715 -814 g 10767 3047 -1174
0.02 a -5582 32732 8382 g 12985 2478 -1622
0.02 a -7625 32732 21142 g 14925 1396 -1391
0.02 a -8662 32732 30378 g 14687 1687 -1080
0.02 a -2546 28217 32764 g 11950 1575 -1874
0.02 a 3044 16175 28604 g 8690 -270 -2126
0.02 a 3081 10459 21557 g 5143 -2199 -1191
0.02 a 1272 6095 17155 g 2817 -1814 -26
0.02 a -526 3617 12598 g 1344 -1973 604
0.02 a -963 2465 9330 g 401 -2218 593
0.02 a -688 1926 7240 g -68 -2120 298
0.02 a -642 2008 5529 g -453 -1758 196
0.02 a -441 2316 4477 g -763 -1360 193
0.02 a -236 2617 3852 g -902 -1051 214
0.02 a -120 2882 3208 g -1008 -918 263
