0.02 a -2691 5522 1905 g 3368 -911 -155
0.02 a -2482 6223 2981 g 3138 -124 -298
0.02 a -2371 6718 5535 g 3075 405 -451
0.02 a -1755 6814 9184 g 3107 138 -927
0.02 a 57 7685 13751 g 2994 -753 -1586
0.02 a 1669 8621 18235 g 1988 -1293 -1526
0.02 a 1977 10186 22290 g 45 -1071 -631
0.02 a 3541 12807 24190 g -2347 -342 119
0.02 a 7167 17440 24341 g -5143 1081 107
0.02 a 8298 22119 21367 g -7679 1973 365
0.02 a 6666 24929 16782 g -9312 1455 1510
0.02 a 6572 25604 12132 g -10452 1504 1864
0.02 a 6772 25358 7858 g -11315 2463 1431
0.02 a 5881 23669 3942 g -11625 3171 942
0.02 a 4989 21449 -1996 g -11387 3188 448
0.02 a 5580 17594 -8819 g -10513 2522 -171
0.02 a 5567 14529 -11181 g -8845 2982 -208
0.02 a 4430 12573 -11779 g -6552 3679 119
0.02 a 1766 11266 -12273 g -4375 3267 459
0.02 a -761 10366 -11363 g -2713 3022 772
0.02 a -2114 9478 -10679 g -1272 2672 501
0.02 a -2261 8955 -10004 g -110 2209 -125
0.02 a -1555 9272 -9183 g 799 2263 -527
0.02 a -1177 10134 -8824 g 1800 2214 -597
0.02 a -1731 11014 -8936 g 3003 2123 -283
0.02 a -3049 12298 -9749 g 4388 2114 101
0.02 a -4693 15380 -9731 g 6347 2038 82
0.02 a -5641 21272 -7071 g 8990 1796 -374
0.02 a -4837 29262 -1024 g 11501 1685 -974
0.02 a -3783 32732 9505 g 13394 1715 -1418
0.02 a -6476 32732 27004 g 15002 1300 -1474
0.02 a -5563 32232 32764 g 15230 1454 -1038
0.02 a 109 20425 32764 g 11371 806 -1340
0.02 a 3211 10387 28681 g 6192 -636 -1177
0.02 a 1663 5688 21084 g 3011 -1311 -156
0.02 a -1094 2444 15530 g 1425 -1680 717
0.02 a -2148 869 11273 g 407 -1676 771
0.02 a -1851 678 8335 g -274 -1499 353
0.02 a -1307 1058 6139 g -662 -1286 18
0.02 a -1149 1479 4809 g -897 -1133 -3
0.02 a -660 2036 4151 g -951 -921 -17
0.02 a -15 2460 4070 g -922 -754 -69
