0.02 a -1286 4224 1972 g 1691 415 186
0.02 a -630 4347 2270 g 1843 480 -256
0.02 a -471 5049 3774 g 1879 418 -440
0.02 a -1011 5963 7753 g 2035 516 -369
0.02 a -1274 6005 14234 g 2295 436 -420
0.02 a -1081 6853 19450 g 1868 -668 -723
0.02 a 957 9517 22173 g 231 -1677 -1038
0.02 a 2693 12642 24254 g -2170 -647 -1059
0.02 a 2589 16510 24033 g -4805 901 -273
0.02 a 3219 21375 21864 g -7087 1225 232
0.02 a 3390 25052 18026 g -8590 599 299
0.02 a 3411 26993 13835 g -9968 515 509
0.02 a 3487 27583 9318 g -11413 1472 455
0.02 a 3884 26287 4460 g -12007 2017 -15
0.02 a 5052 24834 -2639 g -11779 2127 -631
0.02 a 7140 20970 -9802 g -10867 1594 -1194
0.02 a 5865 16615 -13208 g -8644 1419 -709
0.02 a 2147 13183 -14632 g -6334 1914 507
0.02 a -2765 10102 -14046 g -4108 2187 1158
0.02 a -5784 9123 -13331 g -2393 2499 916
0.02 a -5745 9013 -12888 g -1141 2062 -193
0.02 a -4553 9373 -12376 g 8 1713 -1190
0.02 a -4042 9816 -11658 g 1127 1743 -1484
0.02 a -4577 10628 -11138 g 2329 2157 -1310
0.02 a -5806 12086 -10675 g 3830 2438 -1262
0.02 a -7203 14861 -10218 g 5713 2496 -1610
0.02 a -9022 20184 -8270 g 7940 2821 -2306
0.02 a -9728 29559 -3296 g 10264 3370 -3022
0.02 a -7054 32732 5163 g 12473 3184 -3737
0.02 a -6696 32732 18993 g 14572 1904 -4119
0.02 a -4209 32732 31467 g 14713 1815 -4127
0.02 a 6862 32710 32764 g 11898 1379 -4882
0.02 a 10970 19305 29596 g 8559 -255 -4076
0.02 a 5784 11073 22577 g 5080 -1451 -1505
0.02 a 2605 5811 17494 g 2766 -1013 8
0.02 a 1762 3303 12878 g 1299 -991 15
0.02 a 1352 2316 9680 g 474 -1482 -263
0.02 a 1465 2261 7289 g 49 -1941 -479
0.02 a 1288 2475 5412 g -244 -2093 -475
0.02 a 1167 2434 4429 g -450 -1778 -276
0.02 a 1263 2382 3729 g -545 -1441 -178
