0.02 a -417 5229 4268 g 2322 -1275 -779
0.02 a -89 5361 6784 g 2184 -603 -959
0.02 a -439 5745 11521 g 2053 175 -766
0.02 a -1482 6652 16671 g 1835 -256 -657
0.02 a -1142 7494 20308 g 1131 -1963 -948
0.02 a 1295 9587 23796 g -395 -2136 -1254
0.02 a 2480 12825 25608 g -2813 -106 -971
0.02 a 2270 17456 24003 g -5824 1540 -89
0.02 a 3450 21654 21710 g -8211 2349 -24
0.02 a 4374 25119 18209 g -9423 2088 -692
0.02 a 5229 27529 13996 g -10297 1326 -1066
0.02 a 6868 28594 10086 g -11008 1572 -1321
0.02 a 7004 28217 4462 g -11314 1696 -1347
0.02 a 6172 25832 -4486 g -11065 913 -947
0.02 a 5817 19856 -11675 g -10094 395 -625
0.02 a 4254 14465 -14402 g -8173 1284 -147
0.02 a 2774 11534 -14885 g -6062 2253 318
0.02 a -212 10283 -14983 g -4165 2761 712
0.02 a -3237 9588 -13686 g -2326 2569 937
0.02 a -4484 9153 -12249 g -590 2005 533
0.02 a -4159 9065 -10838 g 677 1633 -211
0.02 a -3443 10125 -9934 g 1506 1997 -598
0.02 a -2945 11144 -9695 g 2427 2133 -619
0.02 a -3384 12436 -9941 g 3851 1959 -451
0.02 a -4725 14765 -10091 g 5613 2046 -256
0.02 a -6742 19535 -8996 g 7707 2356 -260
0.02 a -8007 28399 -4888 g 10273 1983 -863
0.02 a -5906 32732 5061 g 13030 1642 -2004
0.02 a -4514 32732 19759 g 15264 904 -3067
0.02 a -5341 32732 32764 g 15545 1372 -2925
0.02 a 740 30253 32764 g 12398 1367 -3091
0.02 a 8711 17680 30708 g 8216 82 -3438
0.02 a 7403 10916 22340 g 4707 -1995 -1923
0.02 a 2893 6066 17234 g 2602 -2351 264
0.02 a 274 2896 13017 g 1348 -2154 1044
0.02 a -726 1717 9665 g 353 -1803 858
0.02 a -642 1467 7146 g -224 -1603 387
0.02 a -598 1664 5300 g -457 -1787 44
0.02 a -603 1986 4096 g -542 -1839 -6
0.02 a -550 2336 3417 g -530 -1615 -35
0.02 a -308 2671 2991 g -462 -1219 -106
0.02 a -246 3018 2864 g -361 -825 -128
0.02 a -257 3243 2916 g -255 -561 -67
0.02 a -318 3293 3144 g -181 -423 29
