-2.100641709190664841e-18 7.354775942439820691e-01 6.775490449886889532e-01
4.170876959336747292e-02 7.245465484402069389e-01 6.879627007929938198e-01
9.544453138502155543e-02 7.315605433747518482e-01 6.750625991757588373e-01
1.525288609592414801e-01 7.542175509155250035e-01 6.386633169874904592e-01
2.134290407883220886e-01 7.857249639645447203e-01 5.805896361037556908e-01
2.769396153040070696e-01 8.211808717078374897e-01 4.989653549259958631e-01
3.339668642050734881e-01 8.546192191599106813e-01 3.976080027558982488e-01
3.655216058255804090e-01 9.007221450592203249e-01 2.347202016755393084e-01
3.523250861427361103e-01 9.292277062758566020e-01 1.113683238799267478e-01
2.853817941106377987e-01 9.537151989326845269e-01 -9.478687100534148591e-02
1.863752828916327153e-01 9.380574033722558491e-01 -2.920831421112230486e-01
9.862064300715267517e-02 9.191425745092360877e-01 -3.813802518450440937e-01
-3.326528214083481014e-03 8.914143997124892582e-01 -4.531768994501633729e-01
-4.963160399384140831e-02 8.775553906872022303e-01 -4.768996122464670973e-01
-1.148121010647442236e-01 8.579302788195450891e-01 -5.007732202641396180e-01
-1.707973915809699872e-01 8.308181938931200605e-01 -5.296880022478430705e-01
-2.225905528660607480e-01 7.922763847747323895e-01 -5.681122916317350446e-01
-1.519590422619257752e-01 6.808869671182662398e-01 -7.164505478281996131e-01
2.100622295357446045e-02 5.835820463696014260e-01 -8.117824423774471221e-01
2.659954932349342660e-01 4.714278310745800837e-01 -8.408342272214073265e-01
5.241029031378773295e-01 3.083064277134626718e-01 -7.938912353421043733e-01
7.396899019550056131e-01 8.772000623159954824e-02 -6.672061521392934624e-01
8.617509476099660670e-01 -1.492481735362733986e-01 -4.848817247426552290e-01
8.842040789485033914e-01 -3.874964930019531018e-01 -2.608248735876552704e-01
8.236193854923297142e-01 -5.671269889267204212e-01 -4.252795803806885822e-03
7.418563646026559155e-01 -6.502086047089629117e-01 1.639448220010465418e-01
7.583600203500787673e-01 -6.342768395904251344e-01 1.502763131495119808e-01
7.466648600485824572e-01 -6.426368053930859858e-01 1.717833610184630599e-01
7.478541405453121849e-01 -6.316862279241334255e-01 2.041731958906764510e-01
7.487362519158967666e-01 -6.205834953761829587e-01 2.329595465603714055e-01
