-2.775557561562891351e-17 9.780462781451426668e-01 2.083878062805832043e-01
-3.017227422351975025e-02 9.741042500837273632e-01 2.240770935124784535e-01
-6.684033893033564100e-02 9.727387918042695869e-01 2.220621805054790454e-01
-1.040919222009361600e-01 9.678235445436274009e-01 2.290905025519908156e-01
-1.337187705076273436e-01 9.614938641363766081e-01 2.401017276947990942e-01
-1.308929868589381595e-01 9.633447360921133518e-01 2.341664908452157079e-01
-1.401916148582823263e-01 9.646339886746705394e-01 2.232209197566899506e-01
-1.416344663464468023e-01 9.648951418034756866e-01 2.211719766760872063e-01
-1.266015779073190184e-01 9.686967508781026970e-01 2.135383930575112665e-01
-1.115705343818279710e-01 9.734946747321833183e-01 1.996500291155353657e-01
-9.770627711570240015e-02 9.774177842491117429e-01 1.873711782685546778e-01
-4.429357173747788118e-02 9.852268734524888272e-01 1.654269848899221906e-01
-1.732552830572088934e-02 9.874740310346838967e-01 1.568274979110487466e-01
1.859255413993371811e-02 9.895110143068915898e-01 1.432559579769741853e-01
5.540291860968315357e-02 9.938014533878508638e-01 9.638043294011547357e-02
6.474523634293920249e-02 9.942110547893731054e-01 8.574632881645111171e-02
9.696598050889354559e-02 9.933901616063364193e-01 6.142951609516444922e-02
1.522340722852340289e-01 9.881692032555323690e-01 1.861217270444959215e-02
2.353259307934418565e-01 9.696852427405217023e-01 -6.581972582330905541e-02
2.575372954937550363e-01 9.629150107193239494e-01 -8.043148364394628325e-02
2.827632418849537754e-01 9.539748224807452770e-01 -9.988486928229833861e-02
3.397100138737621511e-01 9.291546700147761406e-01 -1.458379431547941474e-01
3.747716177850611841e-01 9.109005785882209327e-01 -1.726452154865936728e-01
4.029942316108495737e-01 8.938021061238876630e-01 -1.967573235660704523e-01
4.154229732772221073e-01 8.857947952813083337e-01 -2.068606630707185978e-01
4.326064905028551011e-01 8.718799034093676070e-01 -2.295148326485124679e-01
4.583016682664831087e-01 8.477694921768738068e-01 -2.669203420466940702e-01
4.858873469213543239e-01 8.190476991631777670e-01 -3.050808951691866278e-01
5.323657089741055115e-01 7.697696637102755535e-01 -3.521951401423181194e-01
5.613265183462954333e-01 7.415928575544248336e-01 -3.673589163549575987e-01
5.782848873203640938e-01 7.253653359261691413e-01 -3.734055684287386212e-01
6.167611178864570443e-01 6.889526288857376057e-01 -3.807229945969626828e-01
6.597074996006151437e-01 6.491126341095480035e-01 -3.787331556783330999e-01
7.336458611308120936e-01 5.959272044368050247e-01 -3.265494104385480156e-01
7.997339682839816888e-01 5.378009118514636144e-01 -2.668253346001641657e-01
8.608121408957680742e-01 4.730696763682529782e-01 -1.876367218517762114e-01
9.070493020697990572e-01 4.141204017785764524e-01 -7.593323676388893939e-02
9.286590584151113159e-01 3.704302026658143343e-01 -1.933437810022908127e-02
9.554152275269008898e-01 2.922147609836316384e-01 4.233528638144343215e-02
9.623794702191293959e-01 2.438164623363852646e-01 1.199136689227622288e-01
9.540871326813274989e-01 2.209379669908038413e-01 2.022477638785977749e-01
9.346683689738005674e-01 2.067202854738816042e-01 2.892434331379922785e-01
8.594479304498020555e-01 1.700720381940515891e-01 4.821045080374932734e-01
8.224325321037722070e-01 1.316425829929270819e-01 5.534211420612047405e-01
7.871216708807448059e-01 9.442436811196644464e-02 6.095272872780677087e-01
7.427153781425678281e-01 6.685152386179805950e-02 6.662617659958418592e-01
6.642213701484568356e-01 -5.141243232212231416e-03 7.475182533263879936e-01
6.293176283640562474e-01 -2.764174486990173332e-02 7.766564598139817921e-01
5.915971596639405528e-01 -4.363771881975266748e-02 8.050518928452786716e-01
5.685214884074890618e-01 -5.588737990531287420e-02 8.207678831352094306e-01
