4.702726923155875483e-18 7.274441946576999385e-01 6.861668482656462231e-01
-1.722001219220197638e-02 7.100744194857562253e-01 7.039160390075416274e-01
-4.034394605838988179e-02 6.931016154818043784e-01 7.197100226014299107e-01
-6.098844731093844285e-02 6.853823349956407185e-01 7.256248784120651329e-01
-8.603099165019629374e-03 7.171027419926320201e-01 6.969143735864584688e-01
4.140851841552690288e-02 7.617452497998475902e-01 6.465520157032990101e-01
6.439012336251365154e-02 8.196670682990410128e-01 5.692098111939178917e-01
8.102250116472681229e-02 8.852195650039131891e-01 4.580629607808239245e-01
2.000289030497009735e-01 9.447187429169615625e-01 2.597978728283377170e-01
3.037083663279816492e-01 9.455656543203170283e-01 1.169051820587052870e-01
3.720094283840255089e-01 9.281970754773721799e-01 7.692481306107085137e-03
4.144299103528017447e-01 9.055947928184362450e-01 -9.025475403047872325e-02
4.826584325100027884e-01 8.505766923265564161e-01 -2.087106322107293299e-01
4.915966077408009394e-01 8.010990310295853511e-01 -3.414280564646038907e-01
4.802940563092288895e-01 7.773247684785391520e-01 -4.063050870759716826e-01
4.854203204748745448e-01 7.572523836443364464e-01 -4.369621722014855880e-01
5.090286608999068374e-01 6.886191516530834056e-01 -5.164237468969020695e-01
5.448175604159049001e-01 6.356239709969493390e-01 -5.469515457118035995e-01
5.781684584314378261e-01 5.998687514685857591e-01 -5.530630295784875194e-01
6.240763195681242603e-01 5.644325356286377104e-01 -5.403190354578777388e-01
7.402112549684034537e-01 4.648193615539948365e-01 -4.858294547911211625e-01
8.246243825836858665e-01 3.721506235445646293e-01 -4.260264558027667681e-01
8.976667589274427428e-01 2.701650798810293352e-01 -3.481453999833650226e-01
9.549688089438980176e-01 1.606022979318259547e-01 -2.494824158999785491e-01
9.991283851738219646e-01 -1.790033016481899081e-02 -3.771005330069728684e-02
9.855034803716834491e-01 -1.648769837969942531e-01 3.998087529437874266e-02
9.557443118210656730e-01 -2.745286137849494157e-01 1.057679092872307880e-01
8.943320987499259189e-01 -3.907677055982226033e-01 2.178777120475006157e-01
7.519986310486960202e-01 -4.934899495106689349e-01 4.369962570009552350e-01
6.572107174467123336e-01 -5.639265629194546436e-01 5.000609007981210441e-01
5.883853671587941925e-01 -6.152182713239682244e-01 5.246990931405917102e-01
5.230524678333993149e-01 -6.631799637448374529e-01 5.353582460192305437e-01
4.323098720957226915e-01 -6.615050167495589717e-01 6.127962853214319328e-01
4.128490838207900526e-01 -6.689519175176332766e-01 6.181091861781506935e-01
3.955817100959976851e-01 -6.806640246033316410e-01 6.166130036321980645e-01
3.962908672533736465e-01 -6.918097978922288505e-01 6.036163948004414914e-01
