-6.674619624363886672e-19 9.936491380370527926e-01 1.125228442504999926e-01
3.136038515066137677e-02 9.918183058434113519e-01 1.237456037082041438e-01
6.241978859377874528e-02 9.897955771655224666e-01 1.280956104457844913e-01
9.010553499706415448e-02 9.887792624500073568e-01 1.191493294639641293e-01
1.134313318365752360e-01 9.881024778968000577e-01 1.038596463116674001e-01
1.557695103073535037e-01 9.834464348940449296e-01 9.256872772594716692e-02
1.602868748872528226e-01 9.828144795664212063e-01 9.156318306755775738e-02
1.867377212778945084e-01 9.780457789303326210e-01 9.249582568147829420e-02
2.151006147662120893e-01 9.712449957697883995e-01 1.020533376198015652e-01
2.410609105498793814e-01 9.652203570501948215e-01 1.011894250441086607e-01
2.490686347736683071e-01 9.676512562296523123e-01 4.019777965456433622e-02
2.533612563923947070e-01 9.672714283426769866e-01 1.393045839822246168e-02
2.655831137634885319e-01 9.640819199579205856e-01 -3.414863677992499569e-03
2.873093448556863772e-01 9.578112327543069071e-01 -7.140221864288628928e-03
3.379526745615013539e-01 9.411441823052207889e-01 -5.968070857938490015e-03
3.622572543376196830e-01 9.318425858655210448e-01 -2.095416061855312484e-02
3.740952137352839268e-01 9.259790984194179453e-01 -5.114176718411536648e-02
3.820469726177036507e-01 9.214147048103783488e-01 -7.095810364469207210e-02
4.252375722843833028e-01 8.964770264375170328e-01 -1.245068198430559075e-01
4.397342491010260424e-01 8.867402417690025684e-01 -1.425676463823670748e-01
4.820044116742465690e-01 8.598815826912989957e-01 -1.681529389421145548e-01
5.256085364507867563e-01 8.314929067382168526e-01 -1.798755471265978956e-01
5.654600588578369003e-01 8.061194611679659561e-01 -1.744314655180093099e-01
6.017091012482180812e-01 7.500323325337652225e-01 -2.745863391158073763e-01
6.227856387404111516e-01 7.119001633234363080e-01 -3.245553968720329974e-01
6.473081947715748630e-01 6.671670986438943407e-01 -3.686192662743671966e-01
7.390573498773770345e-01 5.382210990111658822e-01 -4.051077414360794715e-01
7.804370143084704559e-01 4.724171911599100993e-01 -4.095608186751528157e-01
8.213475813915434021e-01 4.037587143519654753e-01 -4.029479508908186958e-01
8.528921555896975537e-01 3.412161742181038515e-01 -3.951537591691616780e-01
8.754248869827071511e-01 2.746171969453095052e-01 -3.977645816223653319e-01
8.816379872723971722e-01 2.568792875278839150e-01 -3.958882304861355284e-01
8.893343608078360107e-01 2.202950352614669594e-01 -4.006925156846163905e-01
8.986764706534993152e-01 1.779546355438526573e-01 -4.008899459729872161e-01
9.088213618935282456e-01 1.387111104573770792e-01 -3.934500730736669172e-01
9.264833009119557428e-01 6.054286396765265477e-02 -3.714340516886957544e-01
9.292725066446367865e-01 2.091013620419185717e-02 -3.688026228191926825e-01
9.283511365530175974e-01 -1.456118137020238033e-02 -3.714190884403016923e-01
9.263185366230889395e-01 -3.881938632214975565e-02 -3.747359389677357711e-01
9.181293138500745687e-01 -9.098259254242116456e-02 -3.856951268857966020e-01
9.168859861689990787e-01 -1.130816427559542120e-01 -3.827958077598509479e-01
9.068934885905463039e-01 -1.591731751151785335e-01 -3.901385659939571871e-01
9.024811668758405681e-01 -1.775903556499104918e-01 -3.924148430099952956e-01
8.867616012625703092e-01 -2.471145927314752078e-01 -3.906254479490542941e-01
8.822898343396794463e-01 -3.063516640733232044e-01 -3.573699849460871825e-01
8.910249242241456979e-01 -3.244137771232821210e-01 -3.175378491203227904e-01
9.045974113409845918e-01 -3.142169892825846245e-01 -2.880472305740455208e-01
9.271911657022335884e-01 -2.400874073593529112e-01 -2.875318748785908318e-01
9.346675486299070856e-01 -1.900063469576848962e-01 -3.004898694697641925e-01
9.450947584522616518e-01 -1.081256686389064497e-01 -3.083905597249217423e-01
9.504656279818562981e-01 -6.261291193437161506e-02 -3.044580649024659080e-01
9.558190686732684904e-01 -3.030591986987412473e-02 -2.923892254878867614e-01
