2.493664996716660198e-18 9.873600735794794137e-01 1.584931705188745987e-01
8.081918561883275802e-04 9.844021275102804447e-01 1.759312313921468918e-01
-1.233714222292085771e-02 9.781639099566944440e-01 2.074684558673990931e-01
-3.335388704229669266e-02 9.590832603920170785e-01 2.811526593418386955e-01
-3.423050381191279634e-02 9.579384363469625185e-01 2.849249458680636615e-01
-4.332852790826730721e-02 9.453251024263503721e-01 3.232384404613914963e-01
-5.056473056954206846e-02 9.306050829927856594e-01 3.625153617854283139e-01
-5.018505375867024498e-02 9.162913223398390095e-01 3.973558518305077558e-01
-7.575610901555229759e-02 9.090081305454580374e-01 4.098356140565084238e-01
-5.697230096816241485e-02 9.227331490261333480e-01 3.812055778850937382e-01
-3.374446949976839943e-02 9.440170490815978921e-01 3.281663020808974207e-01
-2.648658188299818708e-02 9.634769999030589060e-01 2.664780134231637954e-01
-1.457307301321085317e-02 9.775319870488734519e-01 2.102827616311715997e-01
-3.164527496571935359e-03 9.995542077234289557e-01 2.968790306019737646e-02
1.032640014362606364e-02 9.988722474300583132e-01 -4.634219215896026589e-02
1.814612612187593149e-02 9.937169923493651691e-01 -1.104411935054158411e-01
1.450564208573168479e-02 9.850277583397366588e-01 -1.717844627662056256e-01
2.583055531339574148e-02 9.595096464092439659e-01 -2.804888961435172967e-01
4.427576817735937725e-02 9.477545427166722547e-01 -3.159129359684659799e-01
6.146788165812804711e-02 9.350235224683293156e-01 -3.492172847316980522e-01
6.747062109574686328e-02 9.195345746483956084e-01 -3.871742260470708574e-01
8.852301563065627377e-02 8.929391233141443784e-01 -4.413880353596160155e-01
9.950582900048017543e-02 8.703665156985387341e-01 -4.822454959309754874e-01
1.073609717648120326e-01 8.554243713760367740e-01 -5.066781686609629354e-01
1.246904293018708393e-01 8.387435725488698868e-01 -5.300580311140220546e-01
1.774488194717956657e-01 8.059169717630488838e-01 -5.648094821197172655e-01
1.963579579381301288e-01 7.979129929464006121e-01 -5.698933304063882321e-01
2.452944157483789023e-01 7.684585717321656961e-01 -5.910178281016753576e-01
2.968727025130299402e-01 7.240780710342371584e-01 -6.225572628682023435e-01
3.410729235688521599e-01 6.633498657532014287e-01 -6.660602198100450400e-01
3.703125184809333281e-01 6.629997965344662791e-01 -6.506150232292248203e-01
4.066722410346472194e-01 6.626985590776024448e-01 -6.288468081880728144e-01
4.711517549175880393e-01 6.509725803349778461e-01 -5.951896533795744126e-01
5.274447367212888871e-01 6.339891152602676883e-01 -5.655615363835427845e-01
5.556798871481026802e-01 6.389229344564865132e-01 -5.319749494521180955e-01
5.833288045598309379e-01 6.682703502950247954e-01 -4.616733094812429661e-01
7.197605567727879405e-01 6.890564642914824844e-01 -8.453360238536739013e-02
7.880359941039996041e-01 6.003980709741861821e-01 1.360934545339970714e-01
8.273842411074442404e-01 4.737080602847485999e-01 3.017217114964045876e-01
8.222733791479650556e-01 3.358138878503917346e-01 4.594513278589922867e-01
6.864819990506160208e-01 1.130917306526637994e-01 7.182984932724382210e-01
6.282706660850327918e-01 1.058494770168229987e-02 7.779228297326297170e-01
5.899047465209393826e-01 -7.927935848868473967e-02 8.035715110366274949e-01
5.589721484963592335e-01 -1.653843706352115805e-01 8.125257824555225383e-01
5.250214855758954524e-01 -2.470300323692361522e-01 8.144498773965983540e-01
