-1.696776399939814439e-17 9.877150730156192271e-01 1.562655897430715313e-01
-1.911765708685365245e-02 9.699715828755353098e-01 2.424657575853510494e-01
-3.082803935288270375e-02 9.578768440589860989e-01 2.855198480057984378e-01
-5.894383044521234877e-02 9.174688323938604562e-01 3.934165304588670420e-01
-6.810783149682672621e-02 8.551784673872427911e-01 5.138395782790643462e-01
-6.577106743303939851e-02 8.083051162474994555e-01 5.850786320972892751e-01
-5.814619386753729774e-02 7.823928831165383180e-01 6.200648325677804440e-01
-5.062921005796053309e-02 7.562781638043075683e-01 6.522882967229228779e-01
-5.253300127454035851e-02 7.373495686565374463e-01 6.734655873755595046e-01
-6.255026369481933579e-02 7.292852816794463955e-01 6.813445842137731967e-01
-6.882696567111333541e-02 7.458835751480854537e-01 6.625107856637637571e-01
-6.856263972977287569e-02 7.543920777929091770e-01 6.528336368452400951e-01
-6.275442689756817460e-02 7.913914227513804134e-01 6.080801739082634105e-01
-4.891594895380328017e-02 8.448202138982351395e-01 5.328095683514786352e-01
-2.493397212550696462e-02 9.013435168880544746e-01 4.323865881337181638e-01
2.637233708914598837e-02 9.767947828015205447e-01 2.125475291039315151e-01
3.497168216416109837e-02 9.880516605754011694e-01 1.501029562693597663e-01
5.091252544025139798e-02 9.984000069494606278e-01 -2.460367607925240119e-02
5.523259291050663239e-02 9.783001638356838559e-01 -1.996951429540951839e-01
6.261809890979991300e-02 9.279547888398519406e-01 -3.673947244560111791e-01
1.538177824601985877e-01 8.034158543130425212e-01 -5.752069669583909084e-01
2.055105701923980177e-01 7.680203825548780339e-01 -6.065559310726873488e-01
2.376578093222735666e-01 7.204450650869244077e-01 -6.515195114960374845e-01
2.754647385938049364e-01 6.590924947484401164e-01 -6.997973000503245888e-01
3.485986396098298967e-01 5.365777772450964767e-01 -7.684811496900154637e-01
3.652175314189325395e-01 5.060883360860027880e-01 -7.813390754480169509e-01
4.133197916490430335e-01 4.304835661859722218e-01 -8.024030465264941903e-01
4.607608852957755241e-01 3.585396601882001044e-01 -8.118797439606331157e-01
5.142922646300918110e-01 2.953298801509329219e-01 -8.051606848522147031e-01
6.093341858716807558e-01 1.996540757675477340e-01 -7.673656885458866039e-01
6.302775149589532333e-01 1.764334540421156894e-01 -7.560565391767569698e-01
6.812871608426475101e-01 1.203284598931452509e-01 -7.220587692222207865e-01
7.343431263456430269e-01 6.075622651836457000e-02 -6.760538837460786654e-01
7.932160555578559036e-01 -6.296678768919048222e-03 -6.089077442779960991e-01
8.922909776739277321e-01 -1.392628057874595038e-01 -4.294446205110860060e-01
9.478701247516195805e-01 -2.436235035804192595e-01 -2.054015947030375100e-01
9.369479612306111926e-01 -3.432894695313893352e-01 -6.542826648061650374e-02
8.964494376769942541e-01 -4.429692521909934788e-01 1.251588198861559170e-02
8.169494385718500951e-01 -5.717690139889528567e-01 7.532469355556219159e-02
7.964979835317473889e-01 -5.975843071370634529e-01 9.210840403229209050e-02
7.363806241288592958e-01 -6.556248356894260887e-01 1.670318868803356560e-01
6.701688638014942079e-01 -7.054262460334304041e-01 2.307542099251850276e-01
6.069650753360809059e-01 -7.416976297101323112e-01 2.854435555493193277e-01
5.383854240906672528e-01 -7.846431631168117038e-01 3.073698776730679483e-01
5.262394519528266201e-01 -7.933311698660820976e-01 3.061007907982305487e-01
4.989385959637100409e-01 -8.151598668018039673e-01 2.942357371452810622e-01
4.830233458618269360e-01 -8.306289631281227326e-01 2.770270256945086551e-01
