-7.365798509323395749e-18 7.404866589143221933e-01 6.720710587206565334e-01
2.330935998694183900e-02 7.542905119052215612e-01 6.561268912236090101e-01
6.450725726085972112e-02 7.879489367440628556e-01 6.123522571564359307e-01
7.437891525644652058e-02 8.369659384754507547e-01 5.421769035999060016e-01
6.515545609200351640e-02 8.878870794815884038e-01 4.554243083445352891e-01
5.028769040532939799e-02 9.509966281803047261e-01 3.050845151484891105e-01
4.659238929387564399e-02 9.768707928838652466e-01 2.086926047332204326e-01
3.867506153313484546e-02 9.986215810350886901e-01 3.548489124103536979e-02
1.805919786660283369e-02 9.843209232845571144e-01 -1.754599252155641109e-01
-7.797000828527387434e-03 9.348178001912671453e-01 -3.550420921857570522e-01
-8.000816793098575186e-02 8.500097291697498170e-01 -5.206555035540254561e-01
-1.270123115363591959e-01 8.251845182514027099e-01 -5.503983862225532153e-01
-1.646820716709369858e-01 7.824846542218557577e-01 -6.004977778289201096e-01
-1.841052157601504313e-01 7.391521914687917416e-01 -6.478883448378979226e-01
-1.958286835390970204e-01 7.022860115815485749e-01 -6.844307741767789999e-01
-1.929363976320204177e-01 6.671640536040511771e-01 -7.194912591876218011e-01
-1.881554745735337097e-01 6.548877323187620725e-01 -7.319286682774471808e-01
-1.827499646747333673e-01 6.404080067207560401e-01 -7.459758946100949473e-01
-1.710404677226879389e-01 6.392352145263828778e-01 -7.497489572587704432e-01
-1.481565384131535434e-01 6.483847276054698350e-01 -7.467575812359805720e-01
-1.088300696264044853e-01 6.810645708893600103e-01 -7.240905096908836214e-01
-8.439359230600894379e-02 7.002640678103769778e-01 -7.088779562882109309e-01
-3.156435931385593446e-02 7.280576007359880197e-01 -6.847888880754873231e-01
3.347472255616466830e-02 7.627396566128163968e-01 -6.458387253641193482e-01
1.109759860486783795e-01 8.174300249331363233e-01 -5.652366626983208464e-01
2.629578373363110066e-01 9.006989386551165211e-01 -3.458245186347503886e-01
3.968727035737292796e-01 9.061203868060747624e-01 -1.464168766655266074e-01
5.555034819249794475e-01 8.254928809622289476e-01 9.988686124762802265e-02
6.446959699838663571e-01 6.839703197620944364e-01 3.413967017577935192e-01
6.664583418981940843e-01 5.248166459267119555e-01 5.295288157150149777e-01
6.353731944587639457e-01 3.869121862970644754e-01 6.682812760044166689e-01
6.093883146407615969e-01 3.139288654716903548e-01 7.280759228287594365e-01
5.768751518904909892e-01 2.621115786120788438e-01 7.736359476451485362e-01
