2.875846262517800511e-17 7.601109890488088050e-01 6.497932627591960220e-01
1.907774124165204088e-02 7.962134302046207646e-01 6.047149852210611520e-01
5.671233581877434260e-02 8.575961504392990431e-01 5.111873958908548232e-01
7.907565642832177499e-02 8.909249521975991515e-01 4.472133384774382714e-01
1.087353465150362325e-01 9.331119571583108563e-01 3.427516591155198022e-01
1.410329397273246965e-01 9.583314268340714648e-01 2.484161553805259159e-01
1.736888600787782067e-01 9.731540949457001544e-01 1.510075738992916472e-01
2.206585800621811144e-01 9.744086359748400650e-01 -4.286725070019636180e-02
2.519871100793661389e-01 9.466215695285644660e-01 -2.010226366783761098e-01
2.701718606865574634e-01 9.291185386942483193e-01 -2.524795174817713317e-01
2.879286248421384364e-01 9.166148647869868382e-01 -2.773342687949849061e-01
3.182712126438750344e-01 9.004859827877844669e-01 -2.963586172273632302e-01
3.268844287162172013e-01 8.843213409526591295e-01 -3.333501705392737380e-01
3.398201315553700530e-01 8.574374013266525818e-01 -3.864238359572146342e-01
3.586414144261909076e-01 8.247222841665249327e-01 -4.372750734463726197e-01
3.715924844847079411e-01 7.942848854563195893e-01 -4.806563701961343305e-01
3.966690397521369094e-01 7.549913643514983841e-01 -5.221510439104575241e-01
4.072982862903140044e-01 7.417299023860950413e-01 -5.328647651058262547e-01
4.371264099790347912e-01 7.170684547918940721e-01 -5.428934820397149918e-01
4.724837590772268392e-01 6.892111488168649602e-01 -5.493151097091631962e-01
5.105674508386112143e-01 6.624454608111537413e-01 -5.481668446694496488e-01
5.808180068743418190e-01 6.285196745898253834e-01 -5.173136974254763931e-01
6.447826006177534985e-01 5.976882695382319532e-01 -4.764704926823908893e-01
6.841581245361446628e-01 5.780797011428213672e-01 -4.446926126638618415e-01
7.237967658868087462e-01 5.620120557703721653e-01 -4.003257309498806094e-01
7.786453473626241406e-01 5.351313280791668570e-01 -3.276368183503882148e-01
7.975375187016633394e-01 5.253169078596647834e-01 -2.966075733691813099e-01
8.307780927129705395e-01 5.052847807243430189e-01 -2.334417508427996946e-01
8.593109915178159808e-01 4.855166606201831159e-01 -1.608048261616990826e-01
8.822262024994885765e-01 4.635737544968766000e-01 -8.231829544518512454e-02
9.042456593119613251e-01 4.258054055621892098e-01 3.208651133257864330e-02
9.081303573595083112e-01 4.116382972817729247e-01 7.650598834767452505e-02
9.078029442369009994e-01 3.874798614039503541e-01 1.604779468998448200e-01
9.004342169060286505e-01 3.612130987715373998e-01 2.423702091856392848e-01
8.880089976451817080e-01 3.350190485782789662e-01 3.149638982342332638e-01
8.528682819465458476e-01 2.877808772974148055e-01 4.356579625250497356e-01
8.418465456351953424e-01 2.772331485266145701e-01 4.630725374713010600e-01
8.095116111617879362e-01 2.534167159338980846e-01 5.295950523555942313e-01
7.722519411492495545e-01 2.357416955953816895e-01 5.899599921596636598e-01
7.306262224396925520e-01 2.082708809463452437e-01 6.502373130122095501e-01
6.747655417431809299e-01 1.600281496200692266e-01 7.204737712125321991e-01
6.567312819194907059e-01 1.435943926166191598e-01 7.403274098380031587e-01
6.184685627539558972e-01 1.097488480315523401e-01 7.781078506484836455e-01
5.836149623299701217e-01 7.840803689890307737e-02 8.082362003116710936e-01
5.569252012562188048e-01 4.889378623502461940e-02 8.291222574948304835e-01
5.298480399492774273e-01 1.222432290018655131e-02 8.480044932024481952e-01
