3.957337929572091184e-18 9.257386166720932286e-01 3.781640035778645048e-01
4.643075058576495023e-02 9.244360531508157841e-01 3.784998930448788546e-01
4.838972278459471865e-02 9.237135861171602569e-01 3.800153227850238125e-01
1.648251433781333652e-02 9.272642191891560248e-01 3.740446424327298347e-01
-9.960502411180304633e-03 9.277092526058229316e-01 3.731706459801765741e-01
-2.369641217783771073e-03 9.337763339384831385e-01 3.578493299936520433e-01
2.647632656028884104e-02 9.467426747388234531e-01 3.209007821122476511e-01
7.816130584387930014e-02 9.566546466876318933e-01 2.805400100515824668e-01
1.333525601617173428e-01 9.638162691372790247e-01 2.308144147244965971e-01
1.936289415729452734e-01 9.644209492467391565e-01 1.800001823314619220e-01
2.149069322912552926e-01 9.628842947573783562e-01 1.633059869164268374e-01
2.613874755198465349e-01 9.564686908799638898e-01 1.297853266272036010e-01
3.319262767505851142e-01 9.384930866664413784e-01 9.516130033679638667e-02
3.964109775869102403e-01 9.151190422254826817e-01 7.358991374438328403e-02
4.987462779484456155e-01 8.636951212404485601e-01 7.268347665060237439e-02
5.297752619271818286e-01 8.456208990896267874e-01 6.529522856103095463e-02
5.541967900397533064e-01 8.309010627238807567e-01 4.969247301110567283e-02
5.764657585374872717e-01 8.162487745848677756e-01 3.775138702751284353e-02
6.018299866777629958e-01 7.982609768119357518e-01 2.408485073024262124e-02
6.203546113515591154e-01 7.838974047422209157e-01 -2.578788500957550356e-02
6.237066525324643784e-01 7.805414675109449973e-01 -4.177354524825999116e-02
6.265993912131401222e-01 7.756563468144918039e-01 -7.569963393385262251e-02
6.423409803013706565e-01 7.601041209534333820e-01 -9.818243394356609977e-02
6.703536051810805585e-01 7.309930076980196700e-01 -1.275745535650857632e-01
6.726843113985028211e-01 7.374548380605560061e-01 -6.046634617207798101e-02
6.563069247671163842e-01 7.542340349631457830e-01 -1.980507525720252154e-02
6.613015252531548871e-01 7.501198666542510107e-01 -6.916273994104719242e-04
6.934128193400980189e-01 7.203680000126199134e-01 -1.576726141835705503e-02
7.601123620887638710e-01 6.444121946990291061e-01 -8.343932120421791720e-02
8.043322866298735496e-01 5.816318101461163126e-01 -1.214660862583090695e-01
8.478895573471730840e-01 5.178131068476359289e-01 -1.138107416653353354e-01
8.785437164829316137e-01 4.674296894873682384e-01 -9.833831203605672422e-02
9.031302598372975554e-01 4.196598339189078763e-01 -9.078192309799415494e-02
9.347638893351337686e-01 3.427214787505497573e-01 -9.358664006197783825e-02
9.482055823887713952e-01 3.041097718746055834e-01 -9.177919250650588834e-02
9.632657601963379168e-01 2.573833718841107010e-01 -7.663468608232834600e-02
9.686451255350456702e-01 2.409458758814603807e-01 -6.059460102114691549e-02
9.584460503409281129e-01 2.821351253568173401e-01 -4.220118038358879747e-02
9.575993754780198763e-01 2.854012971541596833e-01 -3.936414189118665752e-02
9.596932972283417351e-01 2.779921725277882949e-01 -4.134159247385602032e-02
9.625809986353311976e-01 2.673418192874695842e-01 -4.434154627744658905e-02
9.651064441932546423e-01 2.589228766535747739e-01 -3.909597577871234964e-02
