4.119968255444916849e-18 6.230113172252590426e-01 7.822128218133780342e-01
-2.407930190057725253e-02 5.862983709148816835e-01 8.097372459523746180e-01
-4.125597671824774576e-02 5.460917369697886325e-01 8.367088855739147624e-01
3.585900594353550255e-03 5.752117587439425916e-01 8.179966833182320540e-01
3.797515231268500102e-02 6.261975414351277358e-01 7.787390621430453352e-01
1.384736200051259469e-01 7.222098001690261393e-01 6.776710567100320270e-01
1.801861256010363621e-01 7.570484438948714701e-01 6.280211889237824474e-01
2.415467155766191643e-01 8.497326621709975214e-01 4.686252095587013500e-01
2.941824676233467661e-01 9.241365853478422654e-01 2.437790954217950168e-01
3.607102108653525985e-01 9.319504945573680033e-01 3.682960048317684282e-02
4.481929240552593452e-01 8.531807447696384550e-01 -2.668439985855436403e-01
4.692020441364814221e-01 7.238281296553323862e-01 -5.058876164701117117e-01
4.744691768758571571e-01 6.402821502729314496e-01 -6.040842393545936551e-01
4.898072440883877721e-01 5.638943161577251173e-01 -6.649150801745664641e-01
4.467145407665217838e-01 5.038905774036611662e-01 -7.392837108117290557e-01
3.248874464814846541e-01 5.075672617834471323e-01 -7.980122943190748330e-01
2.428047927754284629e-01 5.148606198824580149e-01 -8.221705265329890544e-01
1.668629389461813162e-01 5.237240982765576369e-01 -8.353860356090767603e-01
1.264461821619121684e-01 5.142916702625361935e-01 -8.482425601885625888e-01
2.302491173885070075e-01 5.245290166116520769e-01 -8.196674049114229810e-01
3.267126072934463110e-01 5.287365426907257859e-01 -7.833878609341458077e-01
4.207370315993595455e-01 5.420256573457797877e-01 -7.274534603806863675e-01
6.530398611546077703e-01 5.231803255939228015e-01 -5.475593909838528672e-01
8.677625788330912693e-01 3.883210269556665595e-01 -3.101530054683326876e-01
9.648128579990540299e-01 2.310823524104684834e-01 -1.254475804634798131e-01
9.990289148939205388e-01 3.428651269447446914e-02 2.767060268818757884e-02
9.644899566224033327e-01 -1.862033508473171228e-01 1.873164053353193748e-01
8.927541024079673759e-01 -3.603591849384544243e-01 2.704281243958132075e-01
8.390658058108817485e-01 -4.512294758356185653e-01 3.039087587682336444e-01
8.028392828434256501e-01 -5.054619545852250262e-01 3.161602416344247990e-01
7.675317160807368921e-01 -5.385619701443100649e-01 3.476292121275750269e-01
7.459888763890141217e-01 -5.488775199357607271e-01 3.771393169811716461e-01
7.348949760876052339e-01 -5.412711769548795848e-01 4.086011345053722210e-01
7.253995246756980153e-01 -5.213922517829540082e-01 4.493836327470910885e-01
