-1.268516541808040188e-17 7.507516627021491029e-01 6.605845448918389318e-01
-8.372408481454221563e-02 7.515281708369657698e-01 6.543666296965424678e-01
-1.057118914954606054e-01 7.600624540014192521e-01 6.411942467098343812e-01
-1.301161057943196198e-01 7.889740824368544070e-01 6.004912124717936006e-01
-1.514091576025874686e-01 8.553056719894664983e-01 4.955072900137006409e-01
-1.718192388668311199e-01 9.184092726863540834e-01 3.563741811620831923e-01
-2.166749774680545304e-01 9.668788627482122200e-01 1.348970678330032591e-01
-2.214397284223643403e-01 9.672940875911363312e-01 1.237198237448652455e-01
-2.357130736479440825e-01 9.686012045762338873e-01 7.906360354112090816e-02
-2.442634945771327004e-01 9.693153141725139310e-01 2.762547606119916677e-02
-2.450079698784426441e-01 9.690403452617484259e-01 -3.052710191019733510e-02
-2.295804733516002283e-01 9.631703867869935154e-01 -1.399843286666346276e-01
-2.286050777353129670e-01 9.611316577469811717e-01 -1.548084458618817216e-01
-2.076689158425921999e-01 9.501592151059170543e-01 -2.325319060732741194e-01
-1.926265085242768460e-01 9.339558927358909690e-01 -3.010339160919437429e-01
-1.749333462745406020e-01 9.278475665634959846e-01 -3.293891582663133200e-01
-8.158457395610288487e-02 9.171113408107470777e-01 -3.901932160465053090e-01
-6.391371245360703834e-02 9.132475349352865424e-01 -4.023605066293413079e-01
2.840239140779075508e-03 9.044148779193564858e-01 -4.266446549996126270e-01
8.837558875164602812e-02 9.030630789730735852e-01 -4.203175355709921623e-01
1.866849277713921174e-01 9.000502581652298772e-01 -3.937743903807012780e-01
3.793871714004442564e-01 8.616578489658990314e-01 -3.370624949356276212e-01
3.989810107418110263e-01 8.577861552182018956e-01 -3.240633656916773186e-01
5.054001809061676731e-01 8.190758357938282552e-01 -2.714506075857155976e-01
5.945234221183750556e-01 7.777353778174223020e-01 -2.041312877631637213e-01
6.744621966303943061e-01 7.291117341987718437e-01 -1.161758338475030183e-01
8.087083166108196552e-01 5.874599404073362896e-01 2.969304735292657704e-02
8.244731777524086924e-01 5.647053160895717516e-01 3.676799079391886854e-02
8.649634333810343190e-01 4.945993342787824432e-01 8.491029056997800861e-02
8.781891221376892931e-01 4.462119578319781454e-01 1.722752287671900639e-01
8.735016756970512830e-01 4.066285177421735120e-01 2.676715732259327130e-01
8.721934569518942082e-01 3.176849401941234663e-01 3.719608210875982590e-01
8.759851576451511690e-01 2.980237933464474076e-01 3.792516607541666085e-01
8.884787152715666325e-01 2.303829814539712362e-01 3.968995519848383391e-01
8.796754497232461834e-01 1.805006278498514638e-01 4.399893481665365647e-01
8.645359891738686464e-01 1.299049380379990182e-01 4.854917409148213903e-01
8.414496511247100408e-01 2.340336901674389125e-02 5.398284606620605830e-01
7.912395459847950674e-01 2.511385366545092982e-03 6.115011641962065925e-01
7.503490041447541392e-01 -2.071233178750469790e-04 6.610418512309993444e-01
7.234592736470554231e-01 -2.493854003414208362e-03 6.903625569700928555e-01
7.334635455617792843e-01 -3.330139708077457794e-02 6.789125453874100824e-01
7.368524810586410956e-01 -4.053937026420589146e-02 6.748370029987289520e-01
7.460800163114668093e-01 -4.912901066149222284e-02 6.640413764006762865e-01
7.427613209132283290e-01 3.455189130097348349e-02 6.686641810077474934e-01
