1.234974037096769894e-18 7.393812096240011122e-01 6.732870315511425563e-01
5.846518061595772781e-02 7.431322722438121753e-01 6.665855148480890335e-01
1.124808749269925467e-01 7.464852023613146592e-01 6.558261167651416867e-01
1.782531972620872707e-01 7.599641884276904236e-01 6.250441824169591376e-01
2.527343363928372111e-01 7.797190117724056568e-01 5.728556693345501216e-01
3.485494026388010758e-01 7.982431223377833840e-01 4.912445740774767367e-01
4.754363080646038520e-01 7.911428766357950781e-01 3.847769038317377932e-01
5.339521077021662787e-01 7.797090261625406749e-01 3.270305508680749762e-01
6.149842030430493489e-01 7.614686507885913835e-01 2.048412162473838838e-01
6.555250472199601885e-01 7.514565506439975229e-01 7.483291362424684956e-02
6.595512944826079638e-01 7.503487605539658212e-01 -4.437147148160575094e-02
6.647842289111531855e-01 7.352819029243085058e-01 -1.319941370781720358e-01
6.608580674594551896e-01 7.242738345811168266e-01 -1.967079744568566158e-01
6.330724625684867046e-01 7.316976614246899491e-01 -2.526614125724615523e-01
5.925805379573305665e-01 7.420169273427680290e-01 -3.134632124683824350e-01
5.622368985112833339e-01 7.434145314738752619e-01 -3.622492296001348921e-01
5.472673337591186238e-01 7.364157881515125403e-01 -3.977313821681311978e-01
5.353444803265277052e-01 7.324042413480502667e-01 -4.207021685697699409e-01
5.214516820292514065e-01 7.263375060702441655e-01 -4.477967960855935847e-01
5.061726750202319991e-01 7.208370522945412029e-01 -4.734798486759280722e-01
5.325605807731569330e-01 6.643705526426075814e-01 -5.243958395982124543e-01
5.564526438120065421e-01 6.404454728036135247e-01 -5.293298135944963789e-01
5.920517880041056280e-01 6.150993550574156421e-01 -5.206990145267154091e-01
6.588634905785828444e-01 5.663430486866656288e-01 -4.951307423165102750e-01
7.465396018755948715e-01 4.915062104532534892e-01 -4.484420452157782400e-01
8.366772931058207297e-01 3.899452762573671349e-01 -3.845956171431002546e-01
9.355905120227946403e-01 2.298855925707665171e-01 -2.679981495109864387e-01
9.832100382773419911e-01 1.168213788954440280e-01 -1.401812614568531123e-01
9.984331884027846105e-01 -5.584120068902332507e-02 3.595636446827837895e-03
9.740314156383520494e-01 -2.121314031399200717e-01 7.913955491052515612e-02
9.243647431370042300e-01 -3.539774214915443751e-01 1.423018155873547741e-01
8.457638687089239493e-01 -4.977792232346686663e-01 1.920919657414225101e-01
8.152609944076928405e-01 -5.354372227470194368e-01 2.205821649507012649e-01
7.866770248046995873e-01 -5.613437958936549066e-01 2.569677050839825339e-01
7.723171991911779166e-01 -5.770366686842282045e-01 2.656215857706275552e-01
7.637784397793236923e-01 -5.927526015842152773e-01 2.555129120874452542e-01
