-1.877025011115529551e-17 6.102731910024716822e-01 7.921910327336838531e-01
-2.336563589176774217e-02 5.722979721092578131e-01 8.197128022539386105e-01
-4.297673387249865973e-02 5.334481076588915016e-01 8.447402658692195754e-01
-5.751016195541405057e-02 5.094167626437652308e-01 8.585960302781556752e-01
-9.557315465265739385e-02 5.352006750666969959e-01 8.393009052288047389e-01
-1.082745641609203779e-01 5.721968393585906698e-01 8.129375103805962510e-01
-1.222319600174258114e-01 6.558882428433849832e-01 7.448959396117793563e-01
-1.287180210880470022e-01 7.107827401068659290e-01 6.915342127569341635e-01
-1.438867919965242936e-01 8.241075320519219982e-01 5.478534171694463550e-01
-1.581557189659766050e-01 9.337124481393579423e-01 3.211974980412548586e-01
-1.694037002656997859e-01 9.843902526839752865e-01 4.773066893589646142e-02
-2.111480255992861932e-01 9.433880578820357243e-01 -2.558036034364726263e-01
-2.088724977120051396e-01 9.111154233512035461e-01 -3.553040458974614513e-01
-1.512933462827361353e-01 8.649167416071626979e-01 -4.785701134193616202e-01
-1.182278935147426518e-01 8.400060299412104303e-01 -5.295394554303511914e-01
-8.841211534691324758e-02 7.970728415047334536e-01 -5.973760818742698264e-01
-4.078931232915845861e-02 7.135143518008758567e-01 -6.994522869888196714e-01
-7.244770693783552512e-03 6.878060512150163675e-01 -7.258583534062279519e-01
4.529545922166699351e-02 6.616758331461901621e-01 -7.484206124928638459e-01
6.852860630067228453e-02 6.189942838464206343e-01 -7.824000937397339595e-01
8.495368328828112325e-02 5.844250143653010321e-01 -8.069883978595182583e-01
1.512756875585906935e-01 5.781175363756430041e-01 -8.018078201717868669e-01
1.667608453140491109e-01 5.767783975824646303e-01 -7.996983809864494086e-01
2.109956653362517476e-01 5.767308634918795196e-01 -7.892162823366124513e-01
2.632133827482381894e-01 5.793679976646580743e-01 -7.713957728846290163e-01
3.315317350543413033e-01 5.849674636028822095e-01 -7.402025230826146940e-01
4.464409350599120030e-01 5.821427253809373648e-01 -6.795589295924864270e-01
4.947141636248352792e-01 5.783207716784063424e-01 -6.486932875822534195e-01
5.901179284571939077e-01 5.773259999583700841e-01 -5.643186336507576284e-01
6.881906583207273442e-01 5.650503424641268868e-01 -4.550952958241348822e-01
7.823072536659372300e-01 5.382070645372535322e-01 -3.135737816588806126e-01
8.773227098387611500e-01 4.773222112903117154e-01 -4.968268722704137497e-02
9.007230957388614456e-01 4.279329419894302711e-01 7.464115461910052207e-02
9.180691775701204094e-01 3.333869700791441959e-01 2.144810326746177942e-01
9.218156542474533754e-01 2.090041541721576468e-01 3.264554535049467021e-01
9.082812308209563534e-01 7.107883150203858635e-02 4.122778255626575739e-01
8.742691735184368040e-01 -8.492834317153309664e-02 4.779545885976279052e-01
8.640806162203056306e-01 -1.247319089660685748e-01 4.876542213064676279e-01
8.611419554455191916e-01 -1.531982660889080472e-01 4.847317029438236724e-01
8.705911223077487104e-01 -1.583746263503631735e-01 4.658203253265333355e-01
8.817286825662143945e-01 -1.541558215776995255e-01 4.458592973279263960e-01
