4.239230494418322337e-17 7.806496443847170674e-01 6.249689054041126512e-01
-2.010955375769557171e-02 7.896194840682594362e-01 6.132672143751383143e-01
-2.388946299267110870e-02 8.056154323448003751e-01 5.919569821581819324e-01
2.364122148735145132e-02 8.597164374706819379e-01 5.102242054129781934e-01
4.842395997211801362e-02 8.856604582505496204e-01 4.618015513096995206e-01
8.794835630475723864e-02 9.268784135359959819e-01 3.649129939373035869e-01
1.150693936404862672e-01 9.553903826251861631e-01 2.720078150247000059e-01
1.234617952901599786e-01 9.752855982304711180e-01 1.832353322587162436e-01
1.599038234916976831e-01 9.870820856815392119e-01 9.986158386402864753e-03
1.679042442271282409e-01 9.855129311661450231e-01 -2.392545244775887148e-02
2.082242689024504934e-01 9.671839309760048575e-01 -1.455949775982764427e-01
2.234846555342590302e-01 9.506736030547813243e-01 -2.151146419832304924e-01
2.196390748587467578e-01 9.473946980585905564e-01 -2.328131501562259731e-01
2.468846829678254529e-01 9.259553551366579427e-01 -2.857527490849768315e-01
2.496456725944045940e-01 9.186601941985771402e-01 -3.061706807483691728e-01
2.507546982908444577e-01 8.903652944040162387e-01 -3.799627926599086214e-01
2.379669563643985464e-01 8.612955450901488286e-01 -4.489339725243873813e-01
2.353891590263065547e-01 8.234903578763475007e-01 -5.161933497223427647e-01
2.368816450009059715e-01 7.561201114597406736e-01 -6.100569344805237826e-01
2.347953591218706615e-01 7.468403638952175738e-01 -6.221740995828185516e-01
2.167297384628113222e-01 7.073736530087292307e-01 -6.727932338355724351e-01
2.071274749717444408e-01 6.645965392309278741e-01 -7.179203640753641924e-01
2.145963489350355691e-01 6.291155266842128890e-01 -7.471024435166828681e-01
2.527722240667970577e-01 5.914996877756206750e-01 -7.656594034566990281e-01
2.602501924179653758e-01 5.852670628331941849e-01 -7.679402987921769563e-01
2.708330210076788647e-01 5.564371973441393227e-01 -7.855107384012350868e-01
2.809306067661214712e-01 5.233150186705755047e-01 -8.044994626572687935e-01
3.025850128992116361e-01 4.696960524579671947e-01 -8.293539222034139735e-01
3.840208848390944119e-01 4.137615783322228236e-01 -8.254267479936828744e-01
4.070653973748617482e-01 4.041657554667864027e-01 -8.191140362416016174e-01
4.674611862190381495e-01 3.743551032921277888e-01 -8.008359982030216484e-01
5.096637325074349079e-01 3.144146343740168437e-01 -8.008659797107398060e-01
5.522434628704269155e-01 2.577005437385331277e-01 -7.928540770367166202e-01
6.734967733114333166e-01 1.936165281260578130e-01 -7.133826016770378198e-01
6.935654544973676172e-01 1.886282240364753893e-01 -6.952599178902127974e-01
7.763312968835744954e-01 1.613546380406796210e-01 -6.093229014749310668e-01
8.475638811694116148e-01 1.019792735428505098e-01 -5.208029330799857082e-01
8.834548959389514344e-01 5.168623659531743769e-02 -4.656565040758149920e-01
9.462236378777966195e-01 3.490234120306820540e-03 -3.234944286801456625e-01
9.569571382834349826e-01 3.845733992965744402e-03 -2.902038004893007228e-01
9.855640621305323812e-01 -2.956752692080622663e-02 -1.667010521519033395e-01
9.977921919913780302e-01 -5.234777442913444295e-02 -4.087116481527759693e-02
9.966882777850529784e-01 -6.630921333704815901e-02 4.706979023202742529e-02
9.795125127238616392e-01 -1.242610202778708373e-01 1.584753490511674467e-01
9.722217877726242463e-01 -1.401498065054098130e-01 1.874642022272475228e-01
9.391424315366136977e-01 -1.894031274460074299e-01 2.865971887530797679e-01
8.845519385747473429e-01 -2.316559901960321965e-01 4.048498118684906721e-01
8.333068843443914853e-01 -2.719607323787618380e-01 4.812868131875733813e-01
7.824951668275752503e-01 -3.022858016661759128e-01 5.443570592933670849e-01
7.782025831481350631e-01 -3.042271998072383354e-01 5.494056338253338057e-01
7.847443991094120719e-01 -2.830728092188983247e-01 5.514036749490603961e-01
8.178294790776003964e-01 -1.970741528093994110e-01 5.406632236856124818e-01
