2.303929616531696922e-18 8.101849451406887281e-01 5.861743381174061573e-01
5.593357203549475382e-02 7.933590750406757097e-01 6.061788626881955411e-01
1.096728132871813699e-01 7.821979303023066654e-01 6.133011265736131312e-01
1.650085248851357878e-01 7.876750603001367868e-01 5.935825015079261302e-01
2.374157344881592524e-01 8.394653511599166062e-01 4.888063964591768396e-01
3.171495855980387413e-01 8.971448548667122491e-01 3.074853650845488784e-01
3.213835480135828204e-01 9.376992633566642033e-01 1.320329753000002992e-01
2.616815691423396983e-01 9.584637201238116466e-01 -1.134462585439755533e-01
1.805154301313785237e-01 9.420062787374422486e-01 -2.829104987513185732e-01
5.391965220737238162e-02 8.867726581935616581e-01 -4.590500231850129231e-01
-6.162933946870054192e-02 8.361183462956713885e-01 -5.450760823081890472e-01
-1.618437841154461154e-01 7.733213915536875094e-01 -6.130094737511493364e-01
-2.791892966535412524e-01 6.891282648148497891e-01 -6.686969203363921643e-01
-3.829480721787486552e-01 6.156511681636155364e-01 -6.887121409945926587e-01
-4.968835341099687719e-01 5.337160424549612925e-01 -6.842908296598759765e-01
-5.539776606380036883e-01 4.948080577938925861e-01 -6.695324767748616068e-01
-5.747114863916913396e-01 4.782085447583246940e-01 -6.640958478484697558e-01
-5.915290914579256487e-01 4.790400207493074602e-01 -6.485476023234253429e-01
-5.945497909764556610e-01 4.865218813344592830e-01 -6.401617022539156654e-01
-5.672251042759708373e-01 5.242674279675400006e-01 -6.351372647321319453e-01
-4.993942778202213328e-01 5.700996259871085048e-01 -6.523739508363115558e-01
-3.407724379539862625e-01 6.323940950112344472e-01 -6.956664819623108453e-01
1.456145188658767575e-01 6.469534724035480577e-01 -7.484969047634405515e-01
2.388893650250758782e-01 6.598134462114255694e-01 -7.124451469948533955e-01
5.921310602770550879e-01 5.430680415441099251e-01 -5.953636785265079556e-01
8.597365186638397105e-01 3.357675670439633220e-01 -3.848548549741300229e-01
9.654709174424537244e-01 1.294402489018104951e-01 -2.260777068555503422e-01
9.942660421391075198e-01 -9.540886655877735267e-02 -4.829270784501639435e-02
9.859163083489843604e-01 -1.664264971989136144e-01 1.646978936144416483e-02
9.786036039034679002e-01 -2.002155088388152537e-01 4.742084401988834463e-02
9.764513748290740702e-01 -2.083588420185813750e-01 5.594019616596726530e-02
9.748340569761191343e-01 -2.143131727433418843e-01 6.138750156312870743e-02
9.683975621409355306e-01 -2.267708453843344518e-01 1.038322942208603772e-01
