-6.081696561285876435e-18 7.022399036758758539e-01 7.119403891375293281e-01
-4.642884803355210380e-03 6.894464618163907987e-01 7.243217654534224170e-01
-5.049263226108982594e-02 6.756369608196109988e-01 7.355033591097908108e-01
-7.421338903791856179e-02 6.987140618426490590e-01 7.115413077754891846e-01
-9.791263541038706941e-02 7.406512161963275664e-01 6.647171517073207081e-01
-1.038670852997730931e-01 7.695532048498803235e-01 6.300789581446185617e-01
-1.045132168611144496e-01 8.098582402983783846e-01 5.772405201665554708e-01
-1.009318798642652587e-01 8.494627481258816282e-01 5.179051990214912360e-01
-8.641383221496155842e-02 8.904488927407058219e-01 4.468035575269915238e-01
-4.415282520335269550e-02 9.484735922494130778e-01 3.137648368317528247e-01
-3.266739218114676074e-02 9.609480591308280362e-01 2.747938666360248972e-01
-5.815343118432022814e-04 9.827752611296767249e-01 1.848038092933689813e-01
2.351637746804888587e-02 9.928408935377154299e-01 1.171065331653661640e-01
5.186654436291593395e-02 9.949490667674371069e-01 8.594309811994906012e-02
1.003231325690374098e-01 9.922767761921448271e-01 7.295250853301510352e-02
1.148417735813679896e-01 9.921865852513394035e-01 4.875599540540555277e-02
1.458191118032257094e-01 9.893024599483396520e-01 4.174850067022350258e-03
1.820780281740977391e-01 9.819529104195150460e-01 -5.114756470132855032e-02
2.150099271688014901e-01 9.702363997489913405e-01 -1.114094242915841526e-01
2.639012646330931577e-01 9.487660187528560440e-01 -1.737790671654941832e-01
2.829152276699883894e-01 9.390686423241749736e-01 -1.952154167986462352e-01
3.198687458096828862e-01 9.202488788900987648e-01 -2.254461939258607939e-01
3.593084255082609757e-01 8.993222591515959152e-01 -2.492326815512858063e-01
4.005581752345789281e-01 8.762856453087569664e-01 -2.677248887917597076e-01
4.709354304265293001e-01 8.354559446352294305e-01 -2.832546291636487412e-01
4.880660051823600409e-01 8.242713101394411046e-01 -2.869989231100733562e-01
5.286640249532063018e-01 7.981590868544902184e-01 -2.888882496604561201e-01
5.684180977267799806e-01 7.726024597502618718e-01 -2.828185025144461240e-01
6.080000197307179333e-01 7.454962308544158534e-01 -2.730775453773268691e-01
6.688577096997496696e-01 7.020678134209012988e-01 -2.443975235831972737e-01
6.881259995025313936e-01 6.866977291441187514e-01 -2.343690201305468346e-01
7.280794125234207881e-01 6.543377999519491839e-01 -2.043095999056174228e-01
7.640204867740526540e-01 6.226276274111979259e-01 -1.691376166730571562e-01
7.994888370696372482e-01 5.867996019281580544e-01 -1.283893553920806840e-01
8.457100435314455211e-01 5.297927016363898067e-01 -6.398605756612901763e-02
8.606164617255952498e-01 5.078882623900263793e-01 -3.726685837788240585e-02
8.847903353195419873e-01 4.656059970883850707e-01 1.889756599309763696e-02
9.062870334270755057e-01 4.160208894492966603e-01 7.463533066696442786e-02
9.235454136447261986e-01 3.593353648211393137e-01 1.339476185852145340e-01
9.313402494045113222e-01 2.723431687647281385e-01 2.417323690909634892e-01
9.284344343925547971e-01 2.524252660272865989e-01 2.725637285209283611e-01
9.137281938611395704e-01 2.008083921422072482e-01 3.532375650868989081e-01
8.828128179427836564e-01 1.640623849578109750e-01 4.401420933265488555e-01
8.460801614175607055e-01 1.375109351983601902e-01 5.150136922029420194e-01
7.808790401809537762e-01 9.879671236327923489e-02 6.168201798192728402e-01
7.643546617998330239e-01 8.525383442951893487e-02 6.391351458806869834e-01
7.343976520590597135e-01 5.056712281338088255e-02 6.768331070068283051e-01
7.012738364242635525e-01 1.428232214810557128e-02 7.127489190597576796e-01
6.563097766650690668e-01 -7.978821891707118391e-03 7.544493458510435069e-01
5.841136520558403156e-01 -4.472774673023025699e-02 8.104385665517312987e-01
5.566955317304426165e-01 -6.100535677605096324e-02 8.284735550372060997e-01
5.087848998038804194e-01 -9.190567957656808895e-02 8.559738733122200793e-01
4.643211047306673445e-01 -1.238990926899325856e-01 8.769577678157050027e-01
4.239151987850622860e-01 -1.556072632909141773e-01 8.922344332349727569e-01
3.817065397521975378e-01 -1.797831950152243841e-01 9.066300901142217983e-01
3.733084532875656225e-01 -1.838629589153760180e-01 9.093047954580073533e-01
