-1.090978436063538837e-18 6.753897976421954219e-01 7.374609286198382518e-01
3.860746156606140178e-02 7.335877574848134186e-01 6.784972114753515804e-01
8.835950043233410656e-02 8.105602195035370716e-01 5.789514049052185696e-01
1.512715453584173309e-01 8.781178649238974288e-01 4.539007984861582745e-01
2.628379215924315782e-01 9.301923351907749327e-01 2.562390417662848696e-01
2.995664832853794923e-01 9.374275972705768956e-01 1.774525907603041741e-01
3.693902846061108969e-01 9.282274721730288114e-01 -4.409736434170914710e-02
4.271358739555282669e-01 8.611510014347008024e-01 -2.756336298572064636e-01
4.800289958928030676e-01 7.474926630264945304e-01 -4.591588851625400536e-01
5.710746795601444603e-01 5.292860354019938152e-01 -6.274790857819225742e-01
5.984297191785186154e-01 4.585446655245949965e-01 -6.569769104944686022e-01
6.276045910376126802e-01 3.420701450161592327e-01 -6.993572000037855396e-01
6.062358543733658012e-01 2.254879215121819713e-01 -7.626488616160855827e-01
5.601570752598478142e-01 1.268843151479381592e-01 -8.186112762512938179e-01
4.917677783463005881e-01 1.786676921094203230e-02 -8.705430665615037089e-01
4.539257100549533019e-01 -1.946034229268840329e-02 -8.908270005051249774e-01
3.911233133142601459e-01 -6.314591019187888732e-02 -9.181694548437746572e-01
3.253034809623869261e-01 -9.646570635155748974e-02 -9.406763592074848246e-01
2.638592395288366643e-01 -1.232598973779394508e-01 -9.566531761373313625e-01
2.181766590012829410e-01 -1.503195097071909347e-01 -9.642629260053646734e-01
2.094588235925163855e-01 -1.564859678608912230e-01 -9.652145580552954351e-01
1.774512161326785020e-01 -1.668064991798157426e-01 -9.698900235204026554e-01
1.633873153378000709e-01 -1.681923170450981830e-01 -9.721192980667074934e-01
2.275167753060292064e-01 -1.578267241183788638e-01 -9.608989760159011295e-01
3.838345282065521169e-01 -1.589290250238264424e-01 -9.096222402521989547e-01
4.367123278142330811e-01 -1.640833117532367880e-01 -8.845106045374265813e-01
5.384704349814868340e-01 -1.715970526868087487e-01 -8.249872981810378869e-01
6.363438280647931711e-01 -1.808005720353607348e-01 -7.499184526570416010e-01
7.349033476076932692e-01 -1.880366610307297459e-01 -6.515821389383081863e-01
8.568805749013259643e-01 -1.901104785730319269e-01 -4.791802231869612960e-01
9.082778381304218440e-01 -1.943000407188347489e-01 -3.705116232155025724e-01
9.467045385864646390e-01 -2.214299534484122645e-01 -2.339215516698344710e-01
9.637937763882468145e-01 -2.430694885769216773e-01 -1.096301980215121236e-01
9.547589253949663179e-01 -2.804749453232552314e-01 9.883926054238860448e-02
8.588030036095988251e-01 -3.261538585837194248e-01 3.950709575786136574e-01
8.215857724014745678e-01 -3.442327829418370122e-01 4.544233815898894857e-01
7.332558427612776430e-01 -3.803314250527267126e-01 5.636345235822682875e-01
6.583638779216177683e-01 -4.330079723609940312e-01 6.156793809441973853e-01
5.914586959686617407e-01 -4.964150377486558074e-01 6.354122451291374096e-01
5.112758743305895193e-01 -5.406790975058031190e-01 6.680292612212442860e-01
4.859612560821257032e-01 -5.506792936900172242e-01 6.786707398202360686e-01
4.458638156357687676e-01 -5.622568191132244486e-01 6.964716270368750406e-01
