3.033055577528198654e-17 5.657554320403255232e-01 8.245730962848986101e-01
6.360710856592502981e-03 5.842194482492272245e-01 8.115708087682597105e-01
4.914625309505311901e-02 6.237841061180227076e-01 7.800500206789666713e-01
1.416205933828687535e-01 7.241686209022755172e-01 6.749247484204295988e-01
2.413892079814414504e-01 8.259225627659029234e-01 5.094930525378097430e-01
3.648054697328046436e-01 9.127367607136362970e-01 1.839254601598322159e-01
4.098590576226181503e-01 9.105946528709891741e-01 -5.322528579032768242e-02
3.985176225385538284e-01 8.865462349210900816e-01 -2.349882505008659694e-01
3.970414100271312252e-01 8.353651019901968677e-01 -3.801621563235555445e-01
4.009629548225425721e-01 7.680556457875750143e-01 -4.993187697591655594e-01
4.145002297268485236e-01 7.243013015688019030e-01 -5.509783880535873424e-01
4.336089733175283456e-01 6.457717711551588247e-01 -6.284600845221978149e-01
4.552346078434906240e-01 5.642240244835043939e-01 -6.887762350845310078e-01
4.773463630478712028e-01 5.104367851632136688e-01 -7.152585113350369284e-01
4.973144131765086517e-01 4.675263070047138703e-01 -7.308197634885353899e-01
5.245312174551300943e-01 4.233857896238409357e-01 -7.386551800804185275e-01
5.666587132811735650e-01 3.779538523220268842e-01 -7.321535277368154127e-01
6.184898271279092308e-01 3.368761674772791648e-01 -7.099188555920380450e-01
6.925076804916361350e-01 3.112593247576276867e-01 -6.508077636380187325e-01
7.521835287437602657e-01 2.913412590762159415e-01 -5.910500908099665107e-01
8.149949578795545602e-01 2.695707634593161317e-01 -5.129471923296438085e-01
8.906131276886872783e-01 2.340330662150225671e-01 -3.899189412000511057e-01
9.570185848224127545e-01 1.839903669606973713e-01 -2.241940524861764650e-01
9.889116415291802076e-01 1.473669278465005172e-01 -1.835085352637785827e-02
9.880274584545784000e-01 1.210154472078544124e-01 9.569222997124296470e-02
9.797133777560896872e-01 9.687878845231109870e-02 1.754314618127717496e-01
9.620862704537063159e-01 6.334105309264512207e-02 2.652883698875488361e-01
9.228595976923364974e-01 5.008286641719251336e-02 3.818662978564311694e-01
8.837436789303013684e-01 5.280374280347392701e-02 4.649826606408899998e-01
8.488574505766218747e-01 6.922189956863494809e-02 5.240699926733713987e-01
8.148492148566189863e-01 8.238622298401128419e-02 5.737885214170638237e-01
7.848687178696232003e-01 7.424677630837735187e-02 6.151979453131387610e-01
7.545505939591721223e-01 7.235609144398555403e-02 6.522407509400268699e-01
7.244765374621332521e-01 8.587241121118613374e-02 6.839295838459212851e-01
7.022572632975032647e-01 1.059514651897044551e-01 7.039950448476580691e-01
6.889816679360656337e-01 1.264004750493366025e-01 7.136716199733174060e-01
