-1.252253509220757621e-17 9.970734800535667741e-01 7.644916856231721847e-02
4.576717817400750843e-02 9.968893871842002818e-01 6.416319132881642684e-02
1.459383489774886966e-01 9.886284690383110307e-01 3.627324778249207266e-02
2.916688145474684024e-01 9.564624357928207532e-01 1.043606907504378983e-02
4.695969304673561218e-01 8.827283649678193678e-01 -1.641208630483580178e-02
8.051110371960481515e-01 5.549886874303484596e-01 -2.092457278164661094e-01
8.944761719952908363e-01 4.395091362772079457e-01 -8.212245041103882759e-02
9.756133797864388058e-01 1.013795349111328292e-01 -1.946810804441070908e-01
9.603651727789865866e-01 -2.147211819028268520e-01 -1.777457424397009822e-01
8.792857425102832414e-01 -4.534539739684976811e-01 -1.457260323700494131e-01
6.949132010757256284e-01 -6.953233065368391586e-01 -1.833606892367200536e-01
6.820031979353723406e-01 -7.207540864137343961e-01 -1.240370304539277907e-01
6.677346775512892352e-01 -7.287801265381887994e-01 -1.516902355409131264e-01
6.349473132863272529e-01 -7.532409441983703990e-01 -1.716682537151878740e-01
5.997252362713443308e-01 -7.909429648053846185e-01 -1.214037371918536834e-01
6.239761585257028731e-01 -7.805867628544945758e-01 -3.657949217592008917e-02
6.478035412360642065e-01 -7.617231905416763649e-01 1.132929622809832060e-02
