1.212951180468158086e-18 7.946885562523263724e-01 6.070173791264900087e-01
5.908021274962611119e-02 7.946473088345162861e-01 6.041896912588959889e-01
1.191805368392206826e-01 8.069671601781908121e-01 5.784461963161839915e-01
2.164749137479579089e-01 8.572311441750433136e-01 4.672187680029132317e-01
3.059720490929976888e-01 9.010428899153152260e-01 3.074131026922711785e-01
3.728516850078119060e-01 9.216065660436798535e-01 1.078098252109308680e-01
3.152567114712709340e-01 9.337330491892638085e-01 -1.695753482203096185e-01
2.374618270178757429e-01 9.240355836247811094e-01 -2.996166232113000039e-01
5.558512654753181709e-02 8.950690658947197953e-01 -4.424496140636222652e-01
-1.379630013778137543e-01 8.540524027426890097e-01 -5.015582753980492026e-01
-3.377577116163628657e-01 7.676997418069916312e-01 -5.445703211460906079e-01
-4.920940230148672101e-01 6.561227226235480936e-01 -5.721419800802123312e-01
-5.619989972583153692e-01 5.738638065577688074e-01 -5.956823470640000284e-01
-5.797699287042816785e-01 5.254437239073396215e-01 -6.227164063814438766e-01
-5.092134085518434938e-01 5.502579647682670494e-01 -6.617536375117993863e-01
-3.336615097788835360e-01 6.297246017973271437e-01 -7.015104580712063775e-01
3.948057686366026990e-03 7.040219396185370959e-01 -7.101672488761067159e-01
2.612565670396320705e-01 6.956444626172800794e-01 -6.691963746230112919e-01
6.015069461138905504e-01 5.476321402827372120e-01 -5.816256809203746991e-01
8.813029405397858618e-01 2.215591511645551848e-01 -4.173927042141107879e-01
9.729729434978570124e-01 -9.350118115979411115e-02 -2.111425592883610369e-01
9.644198459617507879e-01 -2.599966567451522659e-01 -4.791762928668259064e-02
9.375833178192910511e-01 -3.470493927234841181e-01 2.223153519735572570e-02
9.308335768733151383e-01 -3.607815955346618253e-01 5.818498507943106746e-02
9.220217245292148256e-01 -3.805255394539342473e-01 7.124783027899789234e-02
9.151086527883623978e-01 -3.928017482550815731e-01 9.101065959336553102e-02
