4.872133512606735550e-18 7.465678288123520634e-01 6.653093092557855748e-01
-4.844863711374229089e-03 7.376809407396307527e-01 6.751321033435689900e-01
-1.082606952222305713e-02 7.376093614517743591e-01 6.751408935306802972e-01
-2.268512728657521779e-02 7.255829875542106899e-01 6.877606510784824989e-01
-3.719937774018388515e-02 7.418453010157826100e-01 6.695384646579658483e-01
-2.033721050309947320e-02 7.719333646769404034e-01 6.353780594004567739e-01
-2.982947223766180505e-04 8.112247927544274928e-01 5.847343385168984886e-01
2.622293010688412501e-02 8.621086583991385277e-01 5.060444832718232755e-01
4.192856856520493780e-02 8.877918038551272373e-01 4.583314391853694492e-01
7.037319278873145623e-02 9.227925028038229671e-01 3.788160642129321243e-01
8.936667923045757411e-02 9.505880392456396155e-01 2.973146082627806108e-01
1.179139814727711427e-01 9.692291745386663049e-01 2.160812351786573215e-01
1.726392633521121878e-01 9.815517841535741361e-01 8.216921427259361865e-02
1.884773801736996934e-01 9.801213872306183683e-01 6.195436591546273769e-02
2.307558065507353540e-01 9.714590808362130181e-01 5.494553670662889744e-02
2.716958145492109344e-01 9.610660374692794328e-01 5.033344792022885483e-02
2.997003516402945156e-01 9.537269774638857944e-01 2.417750368181820209e-02
3.406917931579254710e-01 9.396599718170257631e-01 -3.111654607542103934e-02
3.535430505755889352e-01 9.338312628535551108e-01 -5.446543772927027460e-02
3.790713951079610622e-01 9.198739959490952467e-01 -1.006812246029411273e-01
4.036189164144998176e-01 9.039291631525835369e-01 -1.414349260778784700e-01
4.307256175804312082e-01 8.857900466058507005e-01 -1.727756802734721209e-01
4.729410436864362466e-01 8.576596069671695854e-01 -2.018582863637376212e-01
4.886005117351020499e-01 8.465719119811404569e-01 -2.111528777374166443e-01
5.213083428562412802e-01 8.243408480819304218e-01 -2.206802615823243718e-01
5.551803248300080096e-01 8.010790613688406614e-01 -2.237121909017568133e-01
5.886092730125562777e-01 7.785627826105635529e-01 -2.176674464804650433e-01
6.408154261396791229e-01 7.428502466437191254e-01 -1.937242903788451154e-01
6.539879524365204144e-01 7.329467248206968932e-01 -1.873201981701425600e-01
6.851061175766436362e-01 7.098788240378650638e-01 -1.634064345173598110e-01
7.129157441359245118e-01 6.878698428794506325e-01 -1.363312914195453640e-01
7.410214001378562232e-01 6.630208277759738200e-01 -1.062575478401111828e-01
7.786066132335589529e-01 6.251390414568247511e-01 -5.452449610413298564e-02
7.898163888428895163e-01 6.122617734178991133e-01 -3.640869025860132835e-02
8.135091644803801314e-01 5.815447671502654847e-01 2.919436003210262864e-03
8.325660793433220519e-01 5.520562773570575343e-01 4.547076156780938128e-02
8.461179850513184109e-01 5.245093042229463931e-01 9.473302041135220342e-02
8.544255530979242286e-01 4.903876719432625486e-01 1.716883962863346991e-01
8.546541116447646802e-01 4.787114265796494350e-01 2.010017898198294406e-01
8.532495574004366201e-01 4.579085297720983938e-01 2.495695717789215007e-01
8.490289668196706607e-01 4.386382159033883066e-01 2.945272976316711810e-01
8.443199213639526191e-01 4.193647646380250227e-01 3.335521916703031997e-01
8.378546629681764557e-01 3.856856738506461713e-01 3.863238599010631602e-01
8.356527178834319836e-01 3.769913651566435542e-01 3.994521819834804255e-01
8.304614109196299943e-01 3.564569034539451509e-01 4.281031662501485480e-01
8.216646438344393788e-01 3.398757466874807731e-01 4.575496583826186292e-01
8.097634960366785206e-01 3.234243591889148228e-01 4.895710003356981144e-01
7.949176853340187421e-01 2.922056895825297373e-01 5.317158155620389515e-01
7.903965648951599698e-01 2.786679498830150203e-01 5.455432557643149494e-01
7.819481215977245325e-01 2.471048197718104245e-01 5.722729621215136842e-01
7.723790005865301955e-01 2.141328204045034600e-01 5.979781055177234572e-01
7.587560015526427781e-01 1.823134247685307963e-01 6.253408232772070807e-01
7.329941771818752061e-01 1.558521244885376356e-01 6.621402053265421639e-01
7.229233561148824538e-01 1.473467118116426056e-01 6.750339011500766651e-01
7.065372252934900565e-01 1.305780597576372548e-01 6.955246362167963881e-01
6.937001524982047140e-01 1.124678421854566762e-01 7.114289022088677861e-01
6.798156902016166958e-01 9.854719226057596926e-02 7.267317787555849229e-01
