-4.594306705907325039e-18 5.408818303497161528e-01 8.410980674910958355e-01
4.427128750595175216e-02 5.562164514055192299e-01 8.298548984573382858e-01
1.181220961752421500e-01 5.782327621919843841e-01 8.072569635532661492e-01
3.028288286888705660e-01 7.399522021585464016e-01 5.949277048299529413e-01
4.204539499290465554e-01 8.432873671860124931e-01 3.281591077161370440e-01
4.780929349274714024e-01 8.746848940732200317e-01 6.291645560394851233e-02
5.168651318834823760e-01 8.380850774933219505e-01 -1.697545696914985469e-01
5.917004131348612139e-01 6.812966433568318214e-01 -4.216479486765341567e-01
5.963471149360635160e-01 6.234968150560695754e-01 -5.055787878579833805e-01
5.244816959535985035e-01 5.005279670416131754e-01 -6.872299823906484750e-01
4.076775805961455057e-01 4.123898683147131927e-01 -8.140471680926636422e-01
3.298269357636254839e-01 3.470614942835353878e-01 -8.778171869050218623e-01
1.746516613000934082e-01 2.653355576073189170e-01 -9.474356999763933196e-01
1.562292292391538329e-01 2.644267845910540649e-01 -9.516671833722352147e-01
9.227025970942953625e-02 2.688508019602192656e-01 -9.587420206663794797e-01
2.027547116388061371e-02 2.730862110248071795e-01 -9.617560218625960111e-01
-7.821558329044417390e-02 2.644765028904519921e-01 -9.611251175448537465e-01
-1.643970173435919113e-01 2.504435364073023251e-01 -9.538371271124147510e-01
-9.639009662390035649e-02 2.360620902050956094e-01 -9.669052104820075044e-01
-2.952256016262902114e-02 2.322265800286562043e-01 -9.721677252061897700e-01
3.822713421355956875e-02 2.471745600117405406e-01 -9.681692638848575783e-01
2.525452394211981644e-01 2.928413206935782664e-01 -9.199095820524051392e-01
5.492425605012974943e-01 2.602108208694239866e-01 -7.865388808963692524e-01
7.385324908848548420e-01 1.620178320947514017e-01 -6.517427386117723431e-01
8.750942610927138210e-01 2.029642187233313480e-02 -4.780791839873121396e-01
9.684280304606407430e-01 -6.393772286832345719e-02 -2.304233154318029164e-01
9.797672596507475129e-01 -8.958143875113387666e-02 -1.789694126133715979e-01
9.832130364037040549e-01 -1.535898212230050741e-01 -9.800279474643870670e-02
9.749432331592273737e-01 -2.206679173749852285e-01 -2.660583934432412742e-02
9.645109248988096295e-01 -2.611467983244741276e-01 3.863747858353599324e-02
9.569127246011853716e-01 -2.650291708215170017e-01 1.185227848537730166e-01
9.553641939653563231e-01 -2.659045070918780174e-01 1.287402252519354307e-01
9.485274748913674614e-01 -2.704946752907837482e-01 1.647023630321990395e-01
9.417433003071045139e-01 -2.741543551197670459e-01 1.948285230415496561e-01
9.365637183555759471e-01 -2.735096286980180924e-01 2.191814934466106979e-01
