8.700722434196173083e-18 9.500444204480288368e-01 3.121147211772767882e-01
5.340861073375504503e-02 9.594825850964026070e-01 2.766598799902414973e-01
1.153529316358680168e-01 9.738341246156240194e-01 1.958080664761596701e-01
1.709596032927015175e-01 9.774775748007437093e-01 -1.237352205463695953e-01
1.845035034299434551e-01 9.542275033120739547e-01 -2.353897388266592283e-01
1.904088534901938468e-01 8.742738276938402109e-01 -4.465307858615253922e-01
1.747234080824904834e-01 7.861651169682268847e-01 -5.928036264483996787e-01
1.715197318976557639e-01 7.223779526734322998e-01 -6.698888527667085091e-01
1.436068622617482637e-01 6.530862116476254808e-01 -7.435425134227955368e-01
1.363023285521908212e-01 6.339897135815851792e-01 -7.612349954540913455e-01
1.285669108750773504e-01 6.051680384206815644e-01 -7.856476275672853449e-01
1.265796643767103935e-01 5.924334798496515564e-01 -7.956130721145248108e-01
1.276868372800130380e-01 5.778162991555338968e-01 -8.061168625054496717e-01
1.510962785427756583e-01 5.495682814333715527e-01 -8.216718436534711234e-01
1.615891439960470410e-01 5.418382056489237097e-01 -8.248031931568762243e-01
1.969300530703091412e-01 5.381602224771036003e-01 -8.195133489706677432e-01
2.359403352992988645e-01 5.363588385774460399e-01 -8.103402707867282118e-01
2.975436424634204657e-01 5.278511418847982029e-01 -7.955130123640435924e-01
3.968313845758200675e-01 5.082295140665500366e-01 -7.643478352473540571e-01
4.330115313598094096e-01 4.992968230147784570e-01 -7.504689841937386419e-01
5.421343393323093673e-01 4.627324245686847970e-01 -7.014050622639580457e-01
7.015539307227691701e-01 3.893740555371360546e-01 -5.968332490419711034e-01
8.445059278895128418e-01 3.061336465077151292e-01 -4.394222664310063475e-01
9.641623965276368002e-01 1.974301144165113986e-01 -1.772349374236567021e-01
9.850741127296845923e-01 1.700639269787478924e-01 -2.659423190076648166e-02
9.926629375755490203e-01 1.196859113730804197e-01 1.719229428194697651e-02
9.940845980981432017e-01 9.851425863100336799e-02 -4.572474899260441095e-02
9.900720562323152008e-01 7.402342566456059092e-02 -1.194899825123364040e-01
9.987280730415908359e-01 1.600514824220100260e-02 -4.781287847824937376e-02
9.994944271228655142e-01 -1.660539941064902159e-03 3.175110639708175753e-02
9.952038125127994350e-01 2.696933854838947514e-02 9.403204952701588182e-02
9.906470011687876775e-01 6.015603710029713419e-02 1.224735492899400591e-01
9.952181408793627782e-01 5.153690556960909691e-02 8.297469149646780062e-02
9.977940923098209680e-01 2.296207306194957345e-02 6.228717807316611760e-02
9.983919129356434441e-01 1.249962026546195745e-02 5.529328781982408708e-02
9.922159378405811525e-01 8.020954289264192738e-02 9.525734577495477418e-02
