-6.085084693074893636e-18 5.987375397654967069e-01 8.009452905633195341e-01
-2.224262004008392430e-03 5.972873613214623179e-01 8.020242269808204316e-01
-2.560681066652936190e-03 5.938838883164003768e-01 8.045466860976238088e-01
-2.303327282210037782e-02 6.000559517780262864e-01 7.996263646721948337e-01
-2.949777552124312890e-02 6.186185906798610246e-01 7.851375169386319852e-01
-3.260394355957461909e-02 6.445437288021691469e-01 7.638719555829757146e-01
-2.499776204307835314e-02 7.031341792727199280e-01 7.106176453137904581e-01
-2.089801791322374105e-02 7.186655938187489490e-01 6.950417520613014766e-01
2.353964901070073647e-03 7.587741041899671579e-01 6.513496124662677689e-01
2.992016064969181890e-02 8.033276614882151057e-01 5.947852152454468078e-01
6.154142547714885891e-02 8.432909007116501376e-01 5.339223817439892050e-01
8.413039821320897338e-02 8.979220913721387420e-01 4.320393430260388579e-01
8.960842070221032574e-02 9.094920325171155229e-01 4.059489792167750855e-01
1.097585255027193618e-01 9.321113712681580177e-01 3.451397653589959869e-01
1.398363077033832891e-01 9.460753626910355374e-01 2.922109086891009899e-01
1.735412544355585396e-01 9.529195502473187807e-01 2.486518927444154869e-01
2.284546566303090054e-01 9.497225799789915657e-01 2.140922486732661223e-01
2.315013227044953326e-01 9.497557890538251835e-01 2.106444367763253001e-01
2.481690594129555560e-01 9.484077587666052134e-01 1.973191350614365291e-01
2.647054255150672608e-01 9.492380926777607142e-01 1.699355204551838694e-01
2.826208481751285029e-01 9.499649607271086760e-01 1.330113888639394837e-01
3.185599880659257255e-01 9.458834883699750451e-01 6.183817940790990730e-02
3.250551648566061269e-01 9.445287096402475990e-01 4.695376944797060442e-02
3.523714660021356471e-01 9.358580660448869715e-01 2.007527392037543323e-03
3.823102148443788262e-01 9.229229001243295372e-01 -4.530143542694635428e-02
4.167872394113301127e-01 9.045441372856876106e-01 -8.993498076929502816e-02
4.758555350440099585e-01 8.684737329890342972e-01 -1.389780014105490014e-01
4.914505681797678438e-01 8.576186940692024363e-01 -1.515470706375388887e-01
5.204280144206414604e-01 8.361128756411096985e-01 -1.734068654734948478e-01
5.531686724571897029e-01 8.122486487961523283e-01 -1.850852569514251922e-01
5.864834499486547559e-01 7.876588604182367392e-01 -1.887609137002894955e-01
6.487342684582545482e-01 7.394216430286544295e-01 -1.799985631852057955e-01
6.905245783362329304e-01 7.041385297201750992e-01 -1.654229055393414971e-01
7.241195777272348977e-01 6.737107632179852867e-01 -1.475284537856019207e-01
7.563413723533060073e-01 6.422873176399718220e-01 -1.241560714003438065e-01
8.076687908940276550e-01 5.843105998700294235e-01 -7.907115210559156893e-02
8.191373170793618819e-01 5.695355648641685642e-01 -6.814173554348201822e-02
8.504549150969261673e-01 5.246834892397829186e-01 -3.786388129400419800e-02
8.774863541510239395e-01 4.795876692145082387e-01 -3.655928902334182329e-03
8.983526304557389874e-01 4.375650509215178730e-01 3.872179703091943592e-02
9.189946418214653967e-01 3.718598844609021792e-01 1.310308155822925147e-01
9.212084553016958166e-01 3.576231029810514328e-01 1.532341283620184402e-01
9.243302263799135776e-01 3.149064481642293578e-01 2.155169633811849506e-01
9.217929940725222426e-01 2.700073616480965777e-01 2.781972335136510543e-01
9.090257389274785105e-01 2.330357987655946594e-01 3.454946055454893306e-01
8.681478053843241227e-01 1.774272949894098728e-01 4.635072200075448512e-01
8.336403466866809664e-01 1.438834977649772751e-01 5.332366373825281336e-01
8.051612155388199188e-01 1.246431949653219046e-01 5.798098748218132314e-01
7.770439313984256469e-01 1.069905610240971944e-01 6.202868276278545867e-01
7.355843606860082984e-01 6.278042311900627892e-02 6.745178031654575079e-01
7.258836749137518307e-01 5.023585534308322442e-02 6.859805021512310752e-01
6.947350302177712766e-01 2.356762567846344691e-02 7.188795481916232522e-01
6.631276204408234065e-01 1.961262923699707075e-03 7.485037825263376465e-01
6.282934264996684615e-01 -1.980651855630310293e-02 7.777242905040222531e-01
5.656305822371378023e-01 -5.160516024340563307e-02 8.230424970038477950e-01
5.526531625672503889e-01 -5.806351534802804693e-02 8.313862580593002205e-01
5.185078414718631290e-01 -7.635254375174729824e-02 8.516571536685562105e-01
4.906060425703896999e-01 -9.229380603131241700e-02 8.664799849746532834e-01
4.688836876594619230e-01 -1.045395961195838830e-01 8.770516292043577522e-01
