1.965116437629976787e-18 7.157656501653016923e-01 6.983405573525303112e-01
-2.982071179284905699e-02 7.092507848239326673e-01 7.043252440277881776e-01
-8.901508642529397386e-02 7.136296269741274623e-01 6.948446372344433408e-01
-1.068707949749416880e-01 7.105686587490098738e-01 6.954644594693943915e-01
-1.508116956806507536e-01 7.032993136461098693e-01 6.947128240293520829e-01
-1.907336503953693252e-01 6.990277727898527305e-01 6.891885427626569527e-01
-2.127250330775700693e-01 7.118358739909182997e-01 6.693562196631420713e-01
-1.903089036635864928e-01 7.764444755742039295e-01 6.007632624725511850e-01
-1.838918557400730514e-01 7.914631937836196229e-01 5.828977597128890409e-01
-1.614441548600575038e-01 8.364059993377076507e-01 5.237946058651350434e-01
-1.346340747434325857e-01 8.845938608531391800e-01 4.465057303763488861e-01
-9.976704156865358331e-02 9.331815161237634326e-01 3.452807486402809656e-01
-7.295266066461915389e-02 9.824480012242412519e-01 1.716794518643568468e-01
-6.961582791596913899e-02 9.845651627144836882e-01 1.605773236561634232e-01
-4.344877716976072723e-02 9.911194874258634213e-01 1.256756356942191344e-01
-1.246992688406630204e-02 9.995732939707702158e-01 2.641459641808081849e-02
2.346760747720256016e-02 9.920463941777626360e-01 -1.236657721368173701e-01
8.528997264328082306e-02 9.311900890935280728e-01 -3.544159118048959001e-01
9.160930476009408741e-02 9.271340060164006136e-01 -3.633596980532554643e-01
1.131591288736657902e-01 9.038082792019410672e-01 -4.127052289450418576e-01
1.263158195166218245e-01 8.671757659038578092e-01 -4.817162077083376737e-01
1.314066884188637152e-01 8.163366869711676799e-01 -5.624292806600006411e-01
1.338893678353176298e-01 7.055629326868386730e-01 -6.958840314298115892e-01
1.343681712685732277e-01 6.808130251235248176e-01 -7.200269573926341149e-01
1.539891332837935722e-01 6.244621512926650242e-01 -7.657247341136650398e-01
1.768469104732742492e-01 5.680952695360697025e-01 -8.037368568050105022e-01
1.927879847213839204e-01 5.098406251477287654e-01 -8.383885315866627108e-01
2.214804878797436427e-01 4.339941506265013738e-01 -8.732671244874230521e-01
2.255450672346165364e-01 4.255638669344157798e-01 -8.763702515523670300e-01
2.491866338555169536e-01 3.974091494610999531e-01 -8.831602286291890813e-01
2.709267772467275903e-01 3.794817951762268771e-01 -8.846424410463979982e-01
2.949813733179148523e-01 3.645505216243863922e-01 -8.832264186372964510e-01
3.377098844903579367e-01 3.514069213577099005e-01 -8.731925386416247159e-01
3.447283963034122878e-01 3.497665397417381028e-01 -8.711060213654642226e-01
3.783143101445455847e-01 3.555412595212497640e-01 -8.546746138255774117e-01
4.150669854499471900e-01 3.655827594043523643e-01 -8.331078223230128366e-01
4.598685977837688177e-01 3.825082861853416616e-01 -8.013789888510571835e-01
5.318356882540149488e-01 3.987979211525164436e-01 -7.470682825443799580e-01
5.472053579277595947e-01 4.003131209968691095e-01 -7.350616990517860883e-01
5.908966169627967169e-01 4.081331489352028608e-01 -6.958940442352969935e-01
6.344257221806524072e-01 4.205278678322532104e-01 -6.485833141640453547e-01
6.778528590338749327e-01 4.353736954457851360e-01 -5.924231990844742723e-01
7.649458773699280290e-01 4.467361511454949752e-01 -4.639877325473815151e-01
7.855277262889615031e-01 4.455799642298259311e-01 -4.294236680811174267e-01
8.152613837679699715e-01 4.424174765928648445e-01 -3.736517797922774831e-01
8.467220022589995176e-01 4.376463537267502590e-01 -3.025351549162360043e-01
8.710740854512211140e-01 4.294244838903476524e-01 -2.383790055580134737e-01
9.013766015408800625e-01 4.117752431979798122e-01 -1.340200406053443927e-01
9.048428091610966062e-01 4.091318045708290940e-01 -1.177737542836774648e-01
9.143123689211744010e-01 4.010076096982617688e-01 -5.679602980699429565e-02
9.194817541480108103e-01 3.931034728697000991e-01 4.792014887056255529e-03
9.186562795253059299e-01 3.885937820691830469e-01 7.117241478193184201e-02
9.046236340040932911e-01 3.921917312516279286e-01 1.668584032618055102e-01
9.010373549231928125e-01 3.933207229455492615e-01 1.828400774846887233e-01
8.950869442728031089e-01 3.858632878175549119e-01 2.234477238796647725e-01
8.907284719734730460e-01 3.723709511760554536e-01 2.606581361401208996e-01
8.851624291729798255e-01 3.581833103729668011e-01 2.969716992422889446e-01
8.595184243440563421e-01 3.467484636299049128e-01 3.754911199794360721e-01
8.560323323892113923e-01 3.459263454663805137e-01 3.841140578221019508e-01
8.380726344079997281e-01 3.386346211655480443e-01 4.277392345863316736e-01
8.247799205179716653e-01 3.245551614072426649e-01 4.630356680799946889e-01
8.108273580217244536e-01 3.046222096300069127e-01 4.997642493052527612e-01
7.836965828946225177e-01 2.746580569198573962e-01 5.571199311892370831e-01
7.782341988788378240e-01 2.690826934871062281e-01 5.674028866344774658e-01
7.547392269552601896e-01 2.479556350538489606e-01 6.073604385700624997e-01
7.363231330088421123e-01 2.267304743854288429e-01 6.375119887351152759e-01
7.166548665488158276e-01 2.076648876614714534e-01 6.657935841418476386e-01
6.921886873097089499e-01 1.877398869745412757e-01 6.968705446488956401e-01
