-6.683089953836429675e-19 9.997457085967099699e-01 -2.249670811441091545e-02
1.913032315004445545e-03 9.997733437926970002e-01 -2.120370326349839407e-02
7.743410773688229852e-03 9.996823290766827519e-01 -2.398502618779201762e-02
1.548691546162713449e-02 9.977417701533854988e-01 -6.535682546651223890e-02
1.647674800411812884e-02 9.978846937875159862e-01 -6.288604403633994699e-02
2.442152713744463743e-02 9.980641048000342685e-01 -5.719813399696880435e-02
2.883798465161126201e-02 9.979596366262156737e-01 -5.696430861775744064e-02
2.944178533287341096e-02 9.995510524896882298e-01 4.502313986124412137e-03
3.531500535474783181e-02 9.993379930834929148e-01 -8.732846667221041276e-03
4.367931681102545094e-02 9.990330218851867228e-01 -5.013394395745380053e-03
5.584994893291597012e-02 9.983765725340575381e-01 -1.117904289083783073e-02
3.943106862500658089e-02 9.988496171431958670e-01 -2.728275885610700197e-02
3.658346402297471198e-03 9.999174612706733800e-01 -1.230738865186260106e-02
-1.867737372739804863e-02 9.995976406802211667e-01 2.129981892472876046e-02
3.237681735258166049e-03 9.997690744597156343e-01 -2.115323449995206231e-02
1.304913383111013479e-02 9.990024625526988666e-01 -4.270322577344572851e-02
2.854038274497844307e-02 9.967114160309046289e-01 -7.583124490816710306e-02
2.466874094615973539e-02 9.975077544786146166e-01 -6.610409463138525177e-02
9.194398844484058531e-03 9.989659448253481733e-01 -4.452238011574465720e-02
1.091917353373474987e-02 9.970109765977275273e-01 -7.646756641434911128e-02
4.292239108565547995e-02 9.934478972585418788e-01 -1.058985382861536706e-01
9.034787329323751282e-02 9.863266981236697983e-01 -1.377791379143674388e-01
1.357749025927126041e-01 9.807299151814047322e-01 -1.404455045368454835e-01
1.814906990414213439e-01 9.798494785849191091e-01 -8.316282485932369184e-02
2.134301770078935734e-01 9.748043239336404708e-01 -6.482863389325912995e-02
2.480113759313417876e-01 9.667942426228920416e-01 -6.162237705994556836e-02
3.019083185511219902e-01 9.508084935639213864e-01 -6.928437741374439407e-02
3.763911673693711712e-01 9.208033480165601636e-01 -1.019396737963942923e-01
3.893723941283470658e-01 9.147377360765881482e-01 -1.079072590694179351e-01
4.053209969295837323e-01 9.072646730463351794e-01 -1.121852797349445763e-01
4.259424298104481088e-01 8.976340811263062713e-01 -1.132506491770840645e-01
4.574291829713916790e-01 8.797473245796170183e-01 -1.296166300547392791e-01
5.149557463911011990e-01 8.409214928797885680e-01 -1.662641125854732727e-01
5.217952872515273510e-01 8.360271885988543872e-01 -1.696709048349851201e-01
5.464009299574443812e-01 8.185181889370948261e-01 -1.774072812639216623e-01
5.799195487493311596e-01 7.935256199603970551e-01 -1.844130890485397578e-01
6.179206202240253853e-01 7.595372586507798118e-01 -2.031534963818718842e-01
7.262828238674747805e-01 6.305971814201174475e-01 -2.722043838686774020e-01
7.337341656708943338e-01 6.085600535247197573e-01 -3.021293147304727755e-01
7.097682740795736578e-01 6.330347530172921733e-01 -3.090207942512145367e-01
6.959884875765666168e-01 6.463437622353422896e-01 -3.127933551883977370e-01
7.108155050818791842e-01 6.600560123488181663e-01 -2.430324884395892726e-01
7.147016825370101634e-01 6.497129831680635847e-01 -2.589872728267336721e-01
7.276125952209679948e-01 6.242349184656333927e-01 -2.844453066623297555e-01
7.598279479570299033e-01 5.932887952913625806e-01 -2.657589272246338452e-01
7.641357149972366480e-01 5.835706146565348140e-01 -2.748479289902518441e-01
7.730673292661337515e-01 5.640036974449076368e-01 -2.902823201141893628e-01
7.642514558281545689e-01 5.691199187021309669e-01 -3.033513023418263899e-01
7.438603569735642296e-01 5.983243545444616451e-01 -2.977897670917616924e-01
7.127652360033728263e-01 6.365615528290043956e-01 -2.945363983963312227e-01
7.501154209463974931e-01 5.783743114016577369e-01 -3.206063453573887445e-01
7.646638490428920854e-01 5.536986765148796952e-01 -3.297066190392766716e-01
8.079216652505843976e-01 4.719104743696945214e-01 -3.528626594503841973e-01
8.402800829678496175e-01 4.075860927766482567e-01 -3.574481178173824492e-01
8.708799463132076424e-01 3.511176811566820155e-01 -3.438956439366198103e-01
8.911339042754117257e-01 3.226620394175896411e-01 -3.190063333269632651e-01
8.957567313646628282e-01 3.197529668091859123e-01 -3.088331354677965046e-01
9.112903779959075079e-01 3.091581103815312370e-01 -2.719701019752367444e-01
9.317783743194001378e-01 2.705418069060663289e-01 -2.420464880643352912e-01
9.497906501584106875e-01 2.034348286656258442e-01 -2.376769430836381258e-01
9.880382936945084627e-01 1.170992138996618595e-02 -1.537607052538655927e-01
9.923761059384961225e-01 4.898748032649417536e-03 -1.231455600618439339e-01
