2.151463686025922861e-18 2.574541619674383663e-01 9.662905124679865843e-01
1.897975164912375431e-02 2.598580507435046538e-01 9.654602852997755669e-01
3.364660292299816169e-02 2.581745879385489717e-01 9.655121895939495769e-01
4.659209216433707335e-02 2.556667451593169216e-01 9.656415962288446009e-01
6.365718253730841270e-02 2.616509754318352976e-01 9.630610209986597559e-01
9.583026529845954655e-02 2.706717999276459508e-01 9.578900443040188062e-01
1.088313624420535891e-01 2.733036697826906058e-01 9.557514523307407694e-01
1.135943565834394986e-01 2.798006563681090797e-01 9.533141742617539105e-01
1.191460604942944368e-01 2.836927414550480808e-01 9.514844427075039857e-01
1.250854395201013991e-01 2.947068089727755136e-01 9.473655733480855767e-01
1.261601960542698131e-01 3.117399081443421593e-01 9.417546573294476309e-01
1.274676058456453431e-01 3.161307679024664141e-01 9.401134756216273924e-01
1.317854125397463216e-01 3.242433134368777892e-01 9.367491012716283594e-01
1.350136462972240659e-01 3.346113895726067211e-01 9.326341904958327378e-01
1.394304705073569628e-01 3.437446478416735784e-01 9.286542741915856380e-01
1.546618995268375374e-01 3.632022344307785366e-01 9.187838884847949750e-01
1.604599145465956667e-01 3.767787408872099730e-01 9.122995101605326784e-01
1.780219228335641335e-01 4.164555401397936896e-01 8.915564918038080267e-01
2.006623279125149262e-01 4.644967243341065477e-01 8.625412588622155541e-01
2.198114188124386525e-01 5.062558799637519868e-01 8.338992290209830127e-01
2.298509059404760524e-01 5.302081867299156537e-01 8.161175404088047980e-01
2.331875098971726012e-01 5.407355380636374997e-01 8.082256263587441758e-01
2.419572775095825412e-01 5.616889810166808550e-01 7.911777072596229976e-01
2.605204835722662038e-01 5.922231151600783061e-01 7.624964652438499524e-01
2.812815746741315626e-01 6.136522319969550665e-01 7.377747718064072702e-01
3.051215579647568732e-01 6.229237335854379554e-01 7.203241332907972527e-01
3.252345662074272448e-01 6.227235392805021696e-01 7.116444832708475055e-01
3.469320874360070639e-01 6.289589103609654064e-01 6.957361682310628792e-01
3.608927344183008312e-01 6.481245015217482752e-01 6.705900869914998008e-01
3.661767778718365562e-01 6.768190836849802272e-01 6.386160781778231765e-01
3.728708320482111982e-01 7.075926706547327472e-01 6.002332505313060507e-01
3.754836023867453298e-01 7.214635937267247501e-01 5.818095455263625482e-01
3.733136080667470713e-01 7.389436088905079192e-01 5.608915161705151364e-01
3.678683523311019887e-01 7.560542863031681771e-01 5.413453532781151711e-01
3.669271796360623616e-01 7.747399552970627434e-01 5.149198447434613080e-01
3.774278010842843090e-01 7.963929582657768291e-01 4.725531832432903201e-01
3.916272294525767195e-01 8.059427898833431136e-01 4.439418121627568548e-01
4.047034321851996075e-01 8.119437101042963345e-01 4.206691616931172994e-01
4.089694434197981843e-01 8.212627043536885330e-01 3.978335893141339286e-01
4.023499128818697201e-01 8.369366623738730970e-01 3.710142460586033364e-01
3.887756394754058875e-01 8.567218292274914049e-01 3.389413068299447773e-01
3.785929308174666441e-01 8.701121590071525524e-01 3.155506670614923737e-01
3.789122525349883364e-01 8.807054660995825568e-01 2.842241841595797847e-01
3.899074568710753086e-01 8.872817702727520128e-01 2.463802654799734093e-01
3.937337408490069190e-01 8.958158988168459791e-01 2.061252452855138473e-01
3.754625403677875339e-01 9.145057454990593859e-01 1.506888258291806393e-01
3.595763975958944370e-01 9.257728433468866980e-01 1.168308898082181246e-01
3.405436550177630139e-01 9.378303875832921799e-01 6.711321146029886053e-02
3.284742554742767773e-01 9.443639651188679984e-01 1.677393440994459639e-02
3.157243211988670084e-01 9.481129262514573774e-01 -3.741700253111537172e-02
2.913304977239860594e-01 9.493337974529086898e-01 -1.178638286733235813e-01
2.691780773678476568e-01 9.468724105817337700e-01 -1.759994339300153254e-01
2.449176010996189368e-01 9.409447127920094189e-01 -2.337486174084696944e-01
2.153824861976365856e-01 9.281668183397968619e-01 -3.035074001936426402e-01
1.733052759474476290e-01 9.092448535302549706e-01 -3.784693880058520032e-01
1.159487843210419145e-01 8.819266946447157363e-01 -4.569039118759203877e-01
7.560380151624049305e-02 8.501671629167889543e-01 -5.210564847445150471e-01
2.660549452273701029e-02 8.047051329111121198e-01 -5.930782382853969636e-01
-4.818562656751600864e-02 7.617555698365490180e-01 -6.460701178783078147e-01
-1.256211258338203463e-01 7.290799713658512315e-01 -6.728014031624884872e-01
-1.841743710264645562e-01 7.059494697953921927e-01 -6.838970296416055916e-01
-2.097233397819348866e-01 6.892764200472202285e-01 -6.934797311512423956e-01
-2.464488883182883450e-01 6.628583165634454044e-01 -7.070231945342071445e-01
-2.837572501833884875e-01 6.375909363364925531e-01 -7.162119943633424857e-01
-3.121439398486698380e-01 6.150182397142721635e-01 -7.240985607184342587e-01
-3.362300556995297951e-01 5.963584722755226331e-01 -7.289073481516672448e-01
-3.414748226628718797e-01 5.922288471281689226e-01 -7.298355555305593434e-01
-3.510544644963919381e-01 5.912182038977126242e-01 -7.261004051349333466e-01
-3.633744706914127098e-01 5.906524680805936844e-01 -7.204780746143764070e-01
-3.686592217699307117e-01 5.978516640671450721e-01 -7.118031792399740487e-01
-3.601807290661149796e-01 6.168555365930087353e-01 -6.998278998324896083e-01
-3.258834055758439430e-01 6.433236766988613686e-01 -6.927731612648897475e-01
-2.897325571388603693e-01 6.675191972839286114e-01 -6.859104654334968743e-01
-2.652064092769786940e-01 6.971096494026208790e-01 -6.661108745457972047e-01
-2.252729792131633602e-01 7.404667631754801027e-01 -6.332148588503377917e-01
-1.603205147754045989e-01 7.894195445364393660e-01 -5.925488294191714189e-01
-9.672319706755524993e-02 8.240736004471045373e-01 -5.581642448197277062e-01
-6.627231267789873703e-02 8.470295613990382888e-01 -5.273982391783988977e-01
-2.121035110999771722e-03 8.626529597170184971e-01 -5.057918270410526329e-01
9.657123895535071889e-02 8.792698350549377206e-01 -4.664317238021995493e-01
2.382331608169203918e-01 8.754528396723647576e-01 -4.205083668570367972e-01
2.966994981873594672e-01 8.675193367702735969e-01 -3.992237569396817620e-01
3.654687796024035928e-01 8.505233467715680451e-01 -3.782097403986590112e-01
4.429040591648938374e-01 8.297775302236723993e-01 -3.395662596771992225e-01
5.240310890513345532e-01 8.057606689997613980e-01 -2.759368804649525719e-01
6.117888552117874967e-01 7.628368240926894916e-01 -2.092710597450824217e-01
6.697385981321561932e-01 7.226297883471444194e-01 -1.710450208726814469e-01
7.289571782183205118e-01 6.733067196800249787e-01 -1.236102485949616275e-01
7.759823729202531828e-01 6.287971280376812855e-01 -4.965409035132289928e-02
8.108972926762602063e-01 5.844599703756856446e-01 2.919115891438117671e-02
8.358005155958377896e-01 5.424856613651426462e-01 8.453878011277402016e-02
8.441255935386404730e-01 5.251395714699805817e-01 1.080759585169777104e-01
8.498055886157068750e-01 5.054148106082536618e-01 1.496206228276549255e-01
8.568580321277189382e-01 4.753949870138787781e-01 1.994841324524017356e-01
8.637806420967412135e-01 4.352142481348296732e-01 2.539125057167856414e-01
8.678037432540133267e-01 3.838541874292388245e-01 3.155513048417982747e-01
8.679983345417107143e-01 3.550727180561049079e-01 3.471343488119070786e-01
8.658452071197177968e-01 3.258808385181979905e-01 3.796231768405206042e-01
8.620608886212794975e-01 3.073748115571815487e-01 4.029537808851990643e-01
8.455383293952518642e-01 3.028367072178108077e-01 4.397213461784186816e-01
8.333598815269867011e-01 2.837047994287946184e-01 4.743657814834395525e-01
8.325648128466571762e-01 2.609013148541665661e-01 4.886372236301466110e-01
8.313237311646183292e-01 2.393984725611922326e-01 5.015867076965911941e-01
8.187812380717357508e-01 2.343104678498485194e-01 5.241143852611761522e-01
8.018075490288772977e-01 2.341250069039418902e-01 5.498091809551144404e-01
