8.023096076392732812e-18 7.278346624911674612e-01 6.857526551726710329e-01
-3.781075592220410619e-02 6.966936833084315106e-01 7.163715923839545363e-01
-5.507873628800095955e-02 6.806447081559816592e-01 7.305402891478166572e-01
-7.529636137629025505e-02 6.662357411632455761e-01 7.419301821331651947e-01
-8.406431908053620117e-02 6.577397658204355846e-01 7.485396387072661417e-01
-5.530479408996803736e-02 6.702995992653310031e-01 7.400269096292395599e-01
1.110800085111436804e-02 7.074526564070021672e-01 7.066734403242899143e-01
1.293430085232776250e-01 7.618184353764413386e-01 6.347464514802256819e-01
2.752478559992128093e-01 8.303901150481102222e-01 4.844490423132479795e-01
4.434401117302103623e-01 8.815595663436751606e-01 1.619061403920497300e-01
4.814085986779904069e-01 8.746949855763633819e-01 5.616443115049726820e-02
5.490967123587870979e-01 8.252777315957496862e-01 -1.319449362762570854e-01
5.935033885165770240e-01 7.428790814058767733e-01 -3.096520599461622392e-01
6.131319145187796860e-01 6.332059869514051753e-01 -4.723551984337980292e-01
5.847125418788997608e-01 4.733947601477896394e-01 -6.587933245215319422e-01
5.742390124506481230e-01 4.340511829984231573e-01 -6.941535328134359473e-01
5.468861515809295692e-01 3.816742597322470010e-01 -7.451444803974875963e-01
4.631512277795767352e-01 3.619116766134090613e-01 -8.090184661286428103e-01
4.182331962373728729e-01 3.281344178974099912e-01 -8.469998803755518502e-01
3.781852768098347695e-01 3.092446708187593374e-01 -8.725500730470807653e-01
3.559766217650041087e-01 3.022734626800598901e-01 -8.842575408308270823e-01
3.133407770858261387e-01 2.865387683398336049e-01 -9.053800813213981336e-01
2.805497586297661106e-01 2.720691965454586914e-01 -9.204728052603665667e-01
2.934416800975892525e-01 2.661159285209778735e-01 -9.181907715550847726e-01
2.969798189695875279e-01 2.721768566743679729e-01 -9.152719518348912953e-01
3.007353725331382566e-01 2.766028552835603227e-01 -9.127152327842107393e-01
2.782540631590827984e-01 2.881123348003214457e-01 -9.162783195467241182e-01
3.152625371733510096e-01 3.076315979719649318e-01 -8.977596184860605621e-01
3.601877354950422383e-01 3.382636480006173119e-01 -8.693920287420789927e-01
5.427507855171675999e-01 3.429540224703725437e-01 -7.666838483311676500e-01
6.094403987820632418e-01 3.514906560205100505e-01 -7.106593551502937700e-01
7.407571717556282742e-01 3.266609548023554632e-01 -5.870020724837485826e-01
8.535474478236909635e-01 2.611664821768205913e-01 -4.508312576796869031e-01
9.431645317493035918e-01 1.536305193767312505e-01 -2.946834395858593525e-01
9.707164772054495128e-01 1.840967965160040382e-02 -2.395216160954326268e-01
9.736655878795553720e-01 -2.383149073273746477e-02 -2.267319629620298538e-01
9.684838216452941184e-01 -1.138157961930942458e-01 -2.215514652360902059e-01
9.537138280737433860e-01 -2.046210374437906487e-01 -2.203637111149496786e-01
9.451271143352801829e-01 -2.927731343728270375e-01 -1.449780312246552183e-01
9.104520144985409624e-01 -4.081652769054881502e-01 6.691962361082821886e-02
8.979168670599771973e-01 -4.312384192471748201e-01 8.819708393361565257e-02
8.559932224877236928e-01 -4.981897179359690564e-01 1.381398132254492428e-01
8.201378180547420627e-01 -5.520217002413824181e-01 1.504858859129989956e-01
7.816148028766839451e-01 -5.955727823554852751e-01 1.853951478366902550e-01
7.344634526660723806e-01 -5.884638414492570080e-01 3.380439971432944724e-01
7.237316013426885464e-01 -5.893920714665630278e-01 3.589283428628913808e-01
7.007556142219264483e-01 -6.159314654596307337e-01 3.599583295232968161e-01
