6.708500942254058685e-19 6.544513419734088178e-01 7.561033305894641066e-01
5.712541055304634803e-03 7.143586553296159547e-01 6.997312916128900495e-01
2.020648027341005390e-02 8.642104289137229056e-01 4.995221546724475936e-01
2.244153192362477109e-02 8.945427618720003249e-01 4.464184099663634497e-01
3.285800432427950224e-02 9.727225393484786320e-01 2.241643444663997120e-01
4.545401818121599241e-02 9.979212099826559879e-01 -5.006084475056096945e-03
4.763477483753974367e-02 9.732899686580037679e-01 -2.209480576407623076e-01
4.340453310418746630e-02 8.529990712480760573e-01 -5.122252741503598994e-01
4.580398152749875357e-02 8.319200869102546525e-01 -5.529778023956460897e-01
6.239682047698349998e-02 7.683523105079044235e-01 -6.368205902973275156e-01
8.670158526554784528e-02 7.087666188461916317e-01 -6.999052902650225727e-01
1.160940124251262640e-01 6.273170994593111338e-01 -7.698290981863745719e-01
1.209642796854898117e-01 5.198660145788508435e-01 -8.451271747462483219e-01
1.187736639223369306e-01 5.081821971033966268e-01 -8.530203146178508833e-01
1.261482807503691572e-01 4.736356081235634785e-01 -8.716319959219879232e-01
1.358340451973971408e-01 4.298113795430280604e-01 -8.925922180112433324e-01
1.627771985082122896e-01 3.993775826623572334e-01 -9.021755935282790295e-01
2.954471257804892059e-01 3.830086705512332768e-01 -8.745210926792498229e-01
3.199616958221294105e-01 3.802547147187672061e-01 -8.677734758105172252e-01
4.282791411666525550e-01 3.675114377176858516e-01 -8.253452928304412239e-01
5.471701387154782603e-01 3.451389491914528818e-01 -7.621647804949398530e-01
6.633876003100843688e-01 3.300339367350243469e-01 -6.708876686214177987e-01
8.183517130440051135e-01 3.486708588303395473e-01 -4.509663626541443038e-01
8.447167198867583382e-01 3.546963973471246034e-01 -4.008041208220092799e-01
9.212163772684136553e-01 3.360669633167569503e-01 -1.916352948899350539e-01
9.574158432908396188e-01 2.843000577709102750e-01 -4.650190260656655167e-02
9.689018463022955885e-01 2.398049217596604221e-01 6.012641619273760563e-02
9.481792321372856103e-01 9.752413761531669723e-02 2.960205338054418545e-01
9.443764936849478042e-01 7.831687063353962031e-02 3.193982697527027459e-01
9.165571922464086363e-01 1.139585057204294850e-02 3.996398646222504847e-01
8.810392597911076429e-01 -6.298305258847651522e-02 4.687454361580564721e-01
8.549738894763836417e-01 -1.172848484714802825e-01 5.052200829065831567e-01
8.373991286579959281e-01 -2.008335891228094916e-01 5.083096037320121718e-01
8.361932753370298066e-01 -2.101274795442047705e-01 5.065838999866889569e-01
8.363517876128366835e-01 -2.244233588358462705e-01 5.001494681199977199e-01
