-1.592421940838084637e-19 7.455386050335052195e-01 6.664624433564846351e-01
-2.794402376079440503e-02 7.031215931103612649e-01 7.105203423111853267e-01
-6.603281430369720151e-02 6.474892956428092150e-01 7.592083241529379301e-01
-1.107223313270716825e-01 6.077490909031580957e-01 7.863724358418743288e-01
-1.436280786910210661e-01 5.758991156586386051e-01 8.048050593747059223e-01
-1.694219466342969105e-01 5.619560935662045731e-01 8.096305039352559296e-01
-1.865735044496769357e-01 5.577706261097417073e-01 8.087535199840019118e-01
-1.851187237923332396e-01 5.819197205517934179e-01 7.918967716403575441e-01
-1.343398978205638805e-01 6.655229183961444139e-01 7.341880119853767539e-01
-6.260289258852383409e-02 7.891362009326388094e-01 6.110195857885009074e-01
7.210206962280047566e-03 9.009334973062698149e-01 4.338972762613920731e-01
5.010339141418410080e-02 9.740532548157569970e-01 2.207032101072091135e-01
7.404877850696593711e-02 9.966568358531485705e-01 3.452433849933085608e-02
8.568644615134904385e-02 9.888699191875044425e-01 -1.216310645848762972e-01
1.090682546894851251e-01 9.661222799086220947e-01 -2.339056563727263116e-01
1.358374027729150613e-01 9.498784400791810967e-01 -2.815655324798305159e-01
1.767067192742757253e-01 9.292881436559827790e-01 -3.243428454949176531e-01
2.056193169484388794e-01 8.906773194146843098e-01 -4.054807136941659396e-01
2.046514084134115063e-01 8.526670859853208162e-01 -4.807043181746018523e-01
1.958700864137764286e-01 8.138733066063197352e-01 -5.470330429160157326e-01
1.915746735533154776e-01 7.723091705732798573e-01 -6.056712718144665608e-01
2.002641708687732947e-01 7.316451735058318029e-01 -6.516054035625120644e-01
2.162071880021173009e-01 7.012361840024097237e-01 -6.793543008636626634e-01
2.326484393554127394e-01 6.746487793781307252e-01 -7.005167579359463659e-01
2.503682505063153374e-01 6.448513608569644839e-01 -7.221374256603297903e-01
2.776472482420334620e-01 6.111857447555604228e-01 -7.411909274614860710e-01
3.196940313314030613e-01 5.760471336490378125e-01 -7.523067367409409512e-01
3.785080179497878894e-01 5.436295971524854886e-01 -7.491318585186117485e-01
4.578517055647108869e-01 5.073812378977842208e-01 -7.300247222805522629e-01
5.600841986198875633e-01 4.719454966667385176e-01 -6.808620555092668170e-01
6.746778128424086862e-01 4.351142576971873122e-01 -5.962259903818430962e-01
7.987365132422948877e-01 3.909831112024703681e-01 -4.573315965117411563e-01
9.018761468882028343e-01 3.202534642098012752e-01 -2.899260842623695433e-01
9.637587140519523476e-01 2.214344315197845636e-01 -1.487814962501616267e-01
9.802520963175468394e-01 1.808683198518977464e-01 -7.995297704905524050e-02
9.883992063713052945e-01 1.292347656696073432e-01 7.978335783166468076e-02
9.556558580241394374e-01 9.158305603621229307e-02 2.798828770596984428e-01
8.999381884287347422e-01 7.010174652762343750e-02 4.303452127552764295e-01
8.410379318819739547e-01 7.500263611231551553e-02 5.357516231537672313e-01
7.996670159349876794e-01 7.805581216121586230e-02 5.953485985651474355e-01
7.646154415637922419e-01 6.310084815998832919e-02 6.413902941919974454e-01
7.276673687309278549e-01 5.344154159302939161e-02 6.838451594596313132e-01
6.921354269545298976e-01 6.021779895914290692e-02 7.192512547385556676e-01
6.536322154780881410e-01 5.781570275239676648e-02 7.546007364192356404e-01
6.280200785712688472e-01 8.110104534307753521e-02 7.739595605427959102e-01
