-9.812029660993815128e-18 9.998270775993481907e-01 1.859609903037463471e-02
-4.666511627525637279e-03 9.991627906916623614e-01 4.064408156767559260e-02
-3.288385124192684528e-02 9.975164750390567159e-01 6.228590814264521602e-02
-7.427430959018374579e-02 9.941145288812748282e-01 7.886463340473363892e-02
-1.207282206050762641e-01 9.869788169029785063e-01 1.062897536657650271e-01
-1.980262599987423489e-01 9.748785128395962563e-01 1.019680614436098143e-01
-2.385446158046855003e-01 9.690914518104630782e-01 6.291442043350906066e-02
-2.607941684196628529e-01 9.651189388518489620e-01 2.306156082700712429e-02
-2.750127417254991102e-01 9.608065070809014285e-01 -3.491200136946578936e-02
-2.545519328424314942e-01 9.566451310290806642e-01 -1.415394177059368652e-01
-2.460630330256824705e-01 9.535393229418150929e-01 -1.738267625593574450e-01
-2.237305418795983714e-01 9.445055868141363220e-01 -2.405282542803340862e-01
-1.909451956900391489e-01 9.337874712448290815e-01 -3.026233480567557255e-01
-1.464543507428688052e-01 9.182972705310658013e-01 -3.678059897332822126e-01
-7.758906445452176670e-02 8.943381838192496769e-01 -4.406122445415675548e-01
-6.003781901063647702e-02 8.998823610570302334e-01 -4.319805511210787485e-01
-2.627036681586507674e-02 9.110489611236571861e-01 -4.114603969556061003e-01
9.004634572674745374e-03 9.157296090901138053e-01 -4.016941617597646341e-01
4.471977529171155402e-02 9.117330253415497632e-01 -4.083418080473804612e-01
1.034420779700064991e-01 8.955870700113275351e-01 -4.326933516172543071e-01
1.460771465242546863e-01 8.653790975166777422e-01 -4.793542373282541069e-01
1.790216678254289151e-01 8.429102980041294213e-01 -5.073987307508680544e-01
2.144029501173423669e-01 8.211012539709736657e-01 -5.289840316193632486e-01
2.741001924929192257e-01 7.938716063428532532e-01 -5.428047136106710635e-01
2.921122544350950312e-01 7.862073671328198010e-01 -5.445625828818261294e-01
3.305581165222051809e-01 7.752754631783614903e-01 -5.382186245336271213e-01
3.722609891253797487e-01 7.643863013716896138e-01 -5.264364522434807903e-01
4.150510008740856405e-01 7.525166420375959397e-01 -5.113231562621436410e-01
4.899748207083807761e-01 7.334019514595062628e-01 -4.712178399288148856e-01
5.390748871132908793e-01 7.212870884191520116e-01 -4.349059693354587752e-01
5.740097617091436399e-01 7.138657781910369149e-01 -4.011339479404819608e-01
6.068941892520505199e-01 7.067832948706022078e-01 -3.635062821244661180e-01
6.608605962981913828e-01 6.919115258541094216e-01 -2.907261815706270180e-01
6.742735393379627462e-01 6.865323506235848638e-01 -2.720818363946997942e-01
7.063228588724549395e-01 6.711899628222781633e-01 -2.249712266954844164e-01
7.342466723611030810e-01 6.576363431734831844e-01 -1.685119113417668513e-01
7.580294537461055304e-01 6.439876922787176605e-01 -1.033014977960764469e-01
7.805064270542412252e-01 6.250876850424319509e-01 8.666218051488705498e-03
7.824958733356118801e-01 6.218740864582795735e-01 3.119020366106015074e-02
7.812230373173491005e-01 6.174576597486343132e-01 9.185099010024799782e-02
7.837178397827544440e-01 6.037852900765936504e-01 1.457040531123858784e-01
7.821420164334691449e-01 5.894120605335317897e-01 2.021071226528237119e-01
7.840945978852857934e-01 5.572582898500056947e-01 2.732377352426993422e-01
7.794415087917013762e-01 5.389693775976496237e-01 3.193476857353418352e-01
7.764585087706039612e-01 5.249568248258473790e-01 3.486151405583166607e-01
7.755712191379835474e-01 5.082491246452717215e-01 3.743956614894691781e-01
7.731819960035831718e-01 4.782080273836146755e-01 4.165413348057875886e-01
7.713674929876148667e-01 4.723276094081544363e-01 4.264959790581618337e-01
7.597258113214583330e-01 4.637538308960080791e-01 4.557949933261979392e-01
7.451470389592287358e-01 4.578898343481135891e-01 4.848636818023708828e-01
7.338773957413222693e-01 4.514779417203594325e-01 5.075348620143080858e-01
7.151703421844310959e-01 4.451207413700832283e-01 5.388867295285265646e-01
