7.352245982167326943e-18 7.591887346186599883e-01 6.508705441392459434e-01
-3.227763457643684913e-02 7.337936187076986583e-01 6.786052456693881796e-01
-8.231615530167187000e-02 6.940774040535119260e-01 7.151787243470606459e-01
-1.043640497632987718e-01 6.793709042008492238e-01 7.263355420481119040e-01
-1.552149792790183669e-01 6.873989569711115299e-01 7.095005173799676657e-01
-1.775628508068742284e-01 7.084532713634704715e-01 6.830559247292512515e-01
-1.824345989937592727e-01 7.636662752397141984e-01 6.192991499683231371e-01
-1.816793855079311681e-01 7.970395725973705714e-01 5.759518387810402817e-01
-1.778705882630595703e-01 8.657570625032271483e-01 4.677892287737465127e-01
-1.661113821060283546e-01 9.308765710097204327e-01 3.253856454731984815e-01
-1.361712999925690226e-01 9.769756739062528395e-01 1.642434463038226211e-01
-9.322387890276236100e-02 9.905341507689524594e-01 -1.007541788848153597e-01
-7.875138703096411230e-02 9.667628048290836107e-01 -2.432445235554190899e-01
-8.162146654421863212e-02 9.150102489928959582e-01 -3.950875604687265064e-01
-8.739408158431916096e-02 8.739527217710350016e-01 -4.780888145659060173e-01
-7.869631398428028612e-02 8.450496147582825524e-01 -5.288648586947009012e-01
-5.874107063598189848e-02 7.798843050039409031e-01 -6.231612611748733599e-01
-4.979553483469813246e-02 7.481358228871604066e-01 -6.616745387450524429e-01
-1.994622548166600368e-02 6.974133021870957405e-01 -7.163915368159543551e-01
1.523814844097976483e-02 6.572693580208149866e-01 -7.535016853590947861e-01
5.282792640546046109e-02 6.248282147661223807e-01 -7.789729855546209114e-01
1.274364265529523421e-01 5.828584965377138216e-01 -8.025184921241440561e-01
1.675563292315689901e-01 5.603972146009759125e-01 -8.110979215864811964e-01
2.521194347671567026e-01 5.203518079269616736e-01 -8.158858906733416072e-01
3.397950528830475103e-01 4.866681731426526492e-01 -8.047940179239653213e-01
4.317187775561767138e-01 4.669052264837739163e-01 -7.717631803782402100e-01
5.457713229434085767e-01 4.356729832792814450e-01 -7.157672210244980793e-01
5.962820085226695488e-01 4.172585910937556819e-01 -6.858155980076747760e-01
6.622514160016887974e-01 3.947314484132089518e-01 -6.368752983413379365e-01
7.338307855406082103e-01 3.802115829227452060e-01 -5.629667222884799926e-01
8.125868817313004477e-01 3.528410342876178163e-01 -4.639027529138473049e-01
9.132509037749861891e-01 2.851794979388215800e-01 -2.909388951473018126e-01
9.438798121598284130e-01 2.572457016503820193e-01 -2.071606844445393891e-01
9.799813785975537428e-01 1.951789408106628654e-01 -3.926421610150424707e-02
9.791693670535150940e-01 1.134276081026266703e-01 1.684088131427092239e-01
9.428474449660579904e-01 3.194259614115846357e-02 3.316901657763450251e-01
8.848018804866257803e-01 -6.377436491441854094e-02 4.615825632182106730e-01
8.546848971719547272e-01 -1.070730458274022079e-01 5.079853240039600148e-01
8.177430133875706053e-01 -1.659286055265324356e-01 5.511479492149414794e-01
7.998819826141553291e-01 -1.975493187645345761e-01 5.667125201942482260e-01
7.945491376888955681e-01 -2.231332872815260659e-01 5.647151528910596685e-01
7.936120257151322299e-01 -2.555014091652095809e-01 5.521765863878295155e-01
7.940613877230313644e-01 -2.657941013495788707e-01 5.466443160000328261e-01
7.882518015523183319e-01 -2.679962574765472616e-01 5.539287890406930925e-01
7.637675688197596013e-01 -2.305356892765345334e-01 6.029198925138787857e-01
