6.579751934271405034e-18 2.637583178248130156e-01 9.645887982856866660e-01
3.820384064990614472e-03 3.065956393326261797e-01 9.518321903612075863e-01
3.858982491052530273e-02 4.925587779692774948e-01 8.694231855999626779e-01
6.343311522656285006e-02 5.670661008114179502e-01 8.212260816627711124e-01
8.737764429789943166e-02 6.388655675449260718e-01 7.643401951241668435e-01
1.030484360479526074e-01 7.090371420014222048e-01 6.976011404022545159e-01
1.273344294034483570e-01 8.785705382553614662e-01 4.603257025174490313e-01
1.329353073526602647e-01 9.447739101905913151e-01 2.995504342881749604e-01
1.331381559039925278e-01 9.881687642744161337e-01 7.613622498428440633e-02
6.935634486835331146e-03 9.346667062423792416e-01 -3.554575153464717419e-01
-4.368627357363128491e-04 9.148735642651166788e-01 -4.037402265811415591e-01
-1.302423830932507645e-02 8.708962922569182252e-01 -4.912942268637140453e-01
-1.803789549676171680e-02 8.381039439303973326e-01 -5.452122646221021496e-01
-8.072741826427795586e-03 7.524569978182565899e-01 -6.585919049561270722e-01
-2.505818140852405368e-02 7.033853432126012661e-01 -7.103669097714143676e-01
-3.535305937000549070e-02 6.647806792717226854e-01 -7.462015878167290728e-01
-3.637606472898122223e-02 6.280191115332903751e-01 -7.773472695415929445e-01
6.512810578530174241e-03 5.931591693594013837e-01 -8.050588693401453666e-01
7.885562951615233962e-02 5.323087169922353645e-01 -8.428696337558325702e-01
2.692132897855418761e-01 3.482921028915346162e-01 -8.978957710481985099e-01
3.729692931289146363e-01 2.079260507311848916e-01 -9.042459089264658356e-01
4.702292665970653762e-01 8.841655817966136144e-02 -8.781041789419117283e-01
5.756684945117743757e-01 -1.093028372503791236e-02 -8.176101230563608269e-01
6.571638794579379717e-01 -1.362289511495932970e-01 -7.413348153192822476e-01
7.723333636135002456e-01 -2.682866997016097876e-01 -5.757807067041019744e-01
7.779044677016814235e-01 -4.957962399088564065e-01 -3.860708841935678870e-01
7.427584590534703768e-01 -5.674144743527053114e-01 -3.554584164140121016e-01
7.138383560508838599e-01 -6.219769149555745003e-01 -3.218377210535112720e-01
6.936124360267470479e-01 -6.806479005389655113e-01 -2.358394031559198079e-01
6.740627153573345298e-01 -7.343307127164445669e-01 -7.998662467222796002e-02
6.591894657900719823e-01 -7.504722410401432064e-01 -4.754643645516308526e-02
6.228586109526955683e-01 -7.813975247678291991e-01 -3.827608977923982470e-02
5.967400582162138978e-01 -8.021033224911993109e-01 2.305564938770522654e-02
5.724629319744749534e-01 -8.140625497448759074e-01 9.792015429960876371e-02
5.498258098968268337e-01 -8.160762473986121757e-01 1.780762117833203095e-01
4.699555076645737794e-01 -7.779629760422512863e-01 4.170316879125812726e-01
