-8.605854744103691445e-19 2.971021430571683108e-01 9.548457030278965085e-01
4.107454333781242195e-02 3.721876566101775530e-01 9.272482031023917548e-01
9.895649657491446816e-02 4.784476835657313076e-01 8.725224500700281549e-01
1.702237871105075073e-01 5.985495639308995308e-01 7.827913398983705751e-01
2.374587541278576075e-01 6.753571639996720499e-01 6.982163283126266995e-01
2.947789803452436908e-01 7.269309435569830669e-01 6.202231502015811415e-01
3.436815357400808124e-01 7.959813832668816147e-01 4.982937281201531565e-01
3.716752087552205319e-01 8.398943868619224151e-01 3.955185938923708733e-01
4.102306374495642838e-01 8.709520856784470633e-01 2.704686461497653460e-01
4.532151308185215499e-01 8.755975227206169720e-01 1.671078196933620807e-01
4.734333436792026450e-01 8.791467471529569311e-01 5.442302879392538900e-02
4.675197852272113819e-01 8.800092309297089521e-01 -8.371979395342805941e-02
4.545064686703605972e-01 8.712303808258670124e-01 -1.854224729174249187e-01
4.420053087577697770e-01 8.562642173105239340e-01 -2.672880416022098693e-01
4.279951617477651404e-01 8.420584686301737509e-01 -3.282646446523159733e-01
4.001942520666283976e-01 8.226196478808802670e-01 -4.039077562181346837e-01
3.517907988834421684e-01 7.818576547993354442e-01 -5.147250153748432755e-01
3.306043941710651302e-01 7.527327371952186041e-01 -5.692926847495729525e-01
3.124664029072252158e-01 7.183818304432798563e-01 -6.215241690740450631e-01
2.881164329177903216e-01 6.937772915335392865e-01 -6.600469610831600775e-01
2.683520453133415584e-01 6.745700876441508287e-01 -6.877080606128656015e-01
2.471513569341720618e-01 6.626585497976990036e-01 -7.069652418228264956e-01
2.342869982261100714e-01 6.594427169024820179e-01 -7.143142904817680883e-01
2.385137439958749939e-01 6.624130565850132601e-01 -7.101550087063881467e-01
2.511587419756715067e-01 6.654573161515555668e-01 -7.029124032975706537e-01
2.657792866581438762e-01 6.703841821074945084e-01 -6.927816533104452779e-01
2.780680967569993944e-01 6.733337451174724597e-01 -6.850545972782158266e-01
2.834390699519632739e-01 6.750810847176188512e-01 -6.811224726003752838e-01
3.113519633847290913e-01 6.816102145520461786e-01 -6.621687627144519084e-01
3.717468197728535650e-01 6.765169206754995113e-01 -6.357115368062070671e-01
4.240178549671658192e-01 6.695413706043896740e-01 -6.098550743563905252e-01
4.569639187863471230e-01 6.693762777646410367e-01 -5.857639248821822076e-01
4.724037292537011656e-01 6.627794556036895601e-01 -5.809975127458572031e-01
4.792145240811245266e-01 6.616517581645537938e-01 -5.766891630917438949e-01
4.711578377160051678e-01 6.863096834127504486e-01 -5.540661606817989249e-01
4.560698087391958921e-01 7.416608044332382299e-01 -4.918735413945695689e-01
4.672751867599889697e-01 7.985843592873423935e-01 -3.793638371537828013e-01
5.044009903159424324e-01 8.054252997752783250e-01 -3.112390198066421476e-01
5.577663968133218519e-01 7.999827387891944586e-01 -2.211883003805201198e-01
6.000306447637469009e-01 7.949282506508971169e-01 -8.973461796601478468e-02
6.416659716778677636e-01 7.630141197805047071e-01 7.793737105060272174e-02
6.834375674245509735e-01 6.814433933487885620e-01 2.618167166055299089e-01
7.060765806081853446e-01 5.844122151744916005e-01 3.998977682752139495e-01
6.811652688150855450e-01 4.622586679969062362e-01 5.677418431133978149e-01
6.274719698437090099e-01 3.350593232827118739e-01 7.028614208660102225e-01
5.862377266266579623e-01 1.879508544732604869e-01 7.880354079496548758e-01
5.484226719327490729e-01 6.681553519510825649e-03 8.361745809056325696e-01
5.177553618905946786e-01 -5.704179656635387924e-02 8.536249871448362558e-01
4.790740028715236298e-01 -8.034360002367803288e-02 8.740898155841256845e-01
4.415662011453402314e-01 -6.706481128116496826e-02 8.947187273629042537e-01
3.959915519856779254e-01 -5.022212117807289128e-02 9.168797245551618680e-01
3.560444711442107835e-01 -5.122262131415115938e-02 9.330640801324131539e-01
3.038821999394102913e-01 -5.540614497753479362e-02 9.510971389183718872e-01
2.738971906188801819e-01 -1.658620849755231344e-02 9.616159455098278741e-01
2.663666667198876237e-01 1.659825775434231598e-02 9.637288501959753173e-01
