1.299687354266998440e-17 9.999816937676233586e-01 6.050795785273236499e-03
-1.039523740688714712e-02 9.999118651869444152e-01 -8.258383475013347449e-03
-1.754485711197444411e-02 9.995179896180544921e-01 -2.561184137861005627e-02
-1.971590034946669664e-02 9.984199005910898705e-01 -5.262114952267579748e-02
-1.710317606043776362e-02 9.972687548806502544e-01 -7.185062217853951938e-02
-1.274525881606785455e-02 9.957973629812520988e-01 -9.069272439008356501e-02
-8.755533948433395428e-03 9.932517105807019409e-01 -1.156476547699401419e-01
-9.039775526823796070e-05 9.888057222876455166e-01 -1.492086974658424214e-01
1.281158382037052507e-03 9.851888552854707326e-01 -1.714680088369361921e-01
-5.005876802102649957e-04 9.855238241996984172e-01 -1.695362537830067406e-01
1.403645961537434289e-02 9.876206291133775572e-01 -1.562321053790229342e-01
3.718487833871808590e-02 9.888259881986918298e-01 -1.443622176534257728e-01
5.264842915981192417e-02 9.914751418499021529e-01 -1.191855108673903346e-01
4.478792772244607340e-02 9.982678331197312183e-01 -3.814937599444027938e-02
3.601070947798808153e-02 9.993503557932128523e-01 1.447473271191098126e-03
3.257503011624465067e-02 9.983273553016605018e-01 4.776357471251102549e-02
4.213901845674097868e-02 9.946523023312345835e-01 9.429263274867567823e-02
5.645219663436592400e-02 9.896542060896950099e-01 1.319003482335435740e-01
7.508436080333234786e-02 9.843215849967734687e-01 1.596037470493553156e-01
8.624180099534257959e-02 9.827072749816063713e-01 1.638559228691620073e-01
1.061124470411279747e-01 9.806583256907931423e-01 1.644670083520520520e-01
1.324003791547845865e-01 9.778375020974640064e-01 1.621849533448184721e-01
1.635192650152443861e-01 9.725314249586746174e-01 1.656625408374618469e-01
1.972587825717596055e-01 9.649323971498074970e-01 1.731890343787197140e-01
2.092833249687595376e-01 9.623790420306927995e-01 1.732832056204707538e-01
2.312296066838880060e-01 9.601262198391697922e-01 1.571321449295482731e-01
2.601725207106547200e-01 9.583502328160732331e-01 1.177925750140554340e-01
2.844988613539847777e-01 9.566571755154071877e-01 6.218879660492998562e-02
2.960037985325761900e-01 9.546492824296315405e-01 -3.203902012976487385e-02
2.853376950495104536e-01 9.543396230371350430e-01 -8.842105905931825494e-02
2.526340744529332327e-01 9.509326641553622617e-01 -1.786143685924922453e-01
2.063110220978063014e-01 9.393908161672064328e-01 -2.738259605327223456e-01
1.499266202650790247e-01 9.167382496351389465e-01 -3.702877127205176366e-01
5.131987711233777089e-02 8.625401137049302225e-01 -5.033794021044766254e-01
1.429443702225906678e-04 8.209070715905695259e-01 -5.710617824539674370e-01
-6.839374314125591658e-02 7.749920992775064521e-01 -6.282591359913290985e-01
-1.329265215093360930e-01 7.586719857411631240e-01 -6.377674795181927925e-01
-1.993873532639490187e-01 7.207873201059089574e-01 -6.638601679065698757e-01
-2.781572944465427466e-01 6.302520362597650028e-01 -7.248523231228544139e-01
-3.112061470754874382e-01 5.841905548200655440e-01 -7.495813029161373375e-01
-3.589970548030457231e-01 5.328659599224634391e-01 -7.662734390533516571e-01
-4.065897496224417651e-01 4.821491812917568787e-01 -7.760263800165874137e-01
-4.499104032468400627e-01 4.377774052714144548e-01 -7.784160664349712988e-01
-6.191104824626181280e-01 3.452410473599563656e-01 -7.053444759283966636e-01
-7.142593050506828023e-01 3.029049441449562230e-01 -6.309375880077652265e-01
-7.892959236114011068e-01 2.554682106788505602e-01 -5.583439247479743406e-01
-8.765051528250408230e-01 1.459477333433401025e-01 -4.587351918079680124e-01
-8.975613295756740273e-01 1.102360952223171153e-01 -4.268860069860390682e-01
-9.438828977678703769e-01 1.584859875663983259e-02 -3.298998290675203005e-01
-9.761138832468412296e-01 -7.143624819996771680e-02 -2.051793103017081898e-01
-9.874437209006072802e-01 -1.527514614041760310e-01 -4.027268420222795964e-02
-8.867400771177331720e-01 -2.601501416876557116e-01 3.821177036112421987e-01
-8.198014554542191190e-01 -2.764061883356596083e-01 5.015228735410736105e-01
-7.520154715116860178e-01 -2.635787922284708595e-01 6.041514304331632168e-01
-6.827540240502110169e-01 -2.515946044716908525e-01 6.859643559573465055e-01
-5.236240892672676672e-01 -2.599928767104720539e-01 8.113085215864788147e-01
-4.980885188314824741e-01 -2.602378514583159608e-01 8.271542105778216802e-01
-3.895692425613732079e-01 -2.660922782528356012e-01 8.817203097946498813e-01
-2.967446398629978721e-01 -2.736137389175394286e-01 9.149197454357097525e-01
-2.224947698268143481e-01 -2.795595321307162706e-01 9.339927972926599375e-01
-7.097959712194414073e-02 -2.653583913568380304e-01 9.615335776398646894e-01
-2.093107182184522283e-02 -2.518915642571572522e-01 9.675290848798661081e-01
1.522010844863272948e-02 -2.437990684315078371e-01 9.697063279832410787e-01
8.380596593855108023e-02 -2.420345184699905228e-01 9.666415322869723603e-01
1.370558329390367813e-01 -2.597413395658405566e-01 9.559027854222046372e-01
2.167171745543764461e-01 -2.690542536178749944e-01 9.384260625447780058e-01
2.461467828104515199e-01 -2.562050200028513913e-01 9.347570534836325828e-01
2.797751551496240885e-01 -2.625155221959273866e-01 9.234779169894660189e-01
3.205117130644644097e-01 -2.698802035308556224e-01 9.079850866234677742e-01
3.705787164026144720e-01 -2.391257052443849229e-01 8.974911208701543686e-01
3.811312969205949974e-01 -2.342844362528123947e-01 8.943431877290322074e-01
4.266078557162151785e-01 -2.122824251651167504e-01 8.791711490985298916e-01
4.376801005232406339e-01 -2.050146312669068049e-01 8.754456753976573857e-01
4.213473830732049619e-01 -2.022145911147607000e-01 8.840676681779806589e-01
4.331456962095128760e-01 -1.299304981476785692e-01 8.919096767645661172e-01
4.987425897639033434e-01 -6.723811776612789726e-02 8.641382208158966405e-01
5.724021933603519185e-01 -3.060427550739512267e-02 8.194016764425894328e-01
6.465578714898241319e-01 1.008953067270758515e-02 7.627982172143250583e-01
7.532738772040284969e-01 9.598705464006006272e-02 6.506650069456143548e-01
7.659649868400482120e-01 1.079021636007596319e-01 6.337623860922954044e-01
8.044925521274614022e-01 1.634348004790562303e-01 5.710348496929192885e-01
8.190101895861834347e-01 2.539954958910530247e-01 5.144983939926948135e-01
8.282033571821582063e-01 3.477516202086136099e-01 4.394860746309110500e-01
7.415099595843110958e-01 5.372055596358462637e-01 4.019616480879866227e-01
6.498711708216358129e-01 6.503667875785639207e-01 3.933071356454841405e-01
5.852846027737885759e-01 7.262732744733176871e-01 3.605122252320074883e-01
5.495715376645130545e-01 7.766549012645168615e-01 3.078608278603600645e-01
4.931626490998840540e-01 8.363418403677762569e-01 2.394220699581092737e-01
4.870834944623281260e-01 8.430504730308433503e-01 2.280692205117519911e-01
4.542834302772200128e-01 8.737051022012961576e-01 1.739711452022569271e-01
4.148464386952504523e-01 9.031708851752651146e-01 1.103847112312014989e-01
3.676253470182705430e-01 9.269135233553488229e-01 7.538517394467794674e-02
2.967254638611446782e-01 9.528192708764693375e-01 6.394869930515936773e-02
2.669122974300275342e-01 9.626763398804137895e-01 4.485632748090807864e-02
2.129745277373431833e-01 9.765748772691930091e-01 3.071415995459026577e-02
1.607921068424970901e-01 9.868707845694405512e-01 1.523000132788251623e-02
7.110362236655896895e-02 9.974261056752100618e-01 -9.243300489449348539e-03
5.786621604541416358e-02 9.982592225413726705e-01 -1.140287909607106201e-02
7.463033149777665957e-03 9.995991883024163416e-01 -2.730871438489542932e-02
-1.645604289328923830e-02 9.986814848746723428e-01 -4.862602616720463483e-02
-3.013423719272751919e-02 9.964553010254076915e-01 -7.854145916123862758e-02
-2.816395800653489351e-02 9.889620206079362541e-01 -1.454679114597934031e-01
-1.368660919916851737e-02 9.853020241879943963e-01 -1.702721288398948984e-01
-6.297903220782254986e-04 9.842448525114426694e-01 -1.768097103353725996e-01
1.264406051626505365e-02 9.828730627200882308e-01 -1.838495861102066586e-01
