-6.342582709040200939e-18 9.999918364051041397e-01 4.040683499995076366e-03
2.796693202124542199e-02 9.995241035305498789e-01 1.301603529380460783e-02
6.395593357447439120e-02 9.976329566670667504e-01 2.526108335648739878e-02
1.021952223408921639e-01 9.939851391754340737e-01 3.936597044514900112e-02
1.463451302987029967e-01 9.884660715321407221e-01 3.896059891316226709e-02
1.914790242193734615e-01 9.814716641573637546e-01 7.011115472686867134e-03
2.291288875026864791e-01 9.715001289058814438e-01 -6.072439746623080337e-02
2.284300567167322493e-01 9.622457912831362536e-01 -1.479957646227798018e-01
1.830620622234619688e-01 9.505133803136888160e-01 -2.510230969834007508e-01
7.113852144300562841e-02 9.197382095747625996e-01 -3.860322999635044106e-01
-2.162721498099992243e-02 8.948301039612387431e-01 -4.458826623865118632e-01
-1.322635705214907920e-01 8.654392754653204012e-01 -4.832403215740259106e-01
-2.631951104584098755e-01 8.384270022094963970e-01 -4.772509777850457158e-01
-4.225219356752826783e-01 7.917507943671054926e-01 -4.411415798723463677e-01
-6.213416113441095900e-01 7.053197023496881046e-01 -3.412604862706093978e-01
-7.547589387136038885e-01 6.238638322524068247e-01 -2.028123843340312593e-01
-8.697356565119483962e-01 4.934987721018946338e-01 -4.341627074321008362e-03
-9.087420979595182136e-01 3.873625573931658850e-01 1.553642446831293433e-01
-8.930918113404296976e-01 3.189190281441529051e-01 3.172974472072842000e-01
-8.252142759092470081e-01 2.684540517845221963e-01 4.969444847425613654e-01
-7.550573438857719477e-01 2.303679051743763584e-01 6.138558753565305226e-01
-6.605173346416117752e-01 1.904445119045353740e-01 7.262559731412776554e-01
-5.311511152857936180e-01 1.521027328389174538e-01 8.335125982212808760e-01
-3.545764107119179220e-01 1.395770439703027666e-01 9.245506031381761636e-01
-1.339296191179083773e-01 1.603605306848606971e-01 9.779301392847046248e-01
-2.316719201889981192e-02 2.124933181035788266e-01 9.768878497428918894e-01
1.171780519741236898e-01 3.170097899169509459e-01 9.411557242201528117e-01
2.313162743825525058e-01 4.195413823531742303e-01 8.777686538598672428e-01
3.285627891616209051e-01 5.137159651657280390e-01 7.925543518978245272e-01
4.056538918310564901e-01 6.043897157173939716e-01 6.856806775587053204e-01
4.266425094907216886e-01 6.626382816650807639e-01 6.155377135216072437e-01
3.728643054864596573e-01 7.578520676920871280e-01 5.353806619489803742e-01
3.036872092571363813e-01 8.363871997766201272e-01 4.563228363597817694e-01
2.510546530282297684e-01 8.966275774391935238e-01 3.647335309076999987e-01
1.891337076629542591e-01 9.532572871546203253e-01 2.356458892327165655e-01
1.333503984782087315e-01 9.806214727318701696e-01 1.435242085603706808e-01
8.276888615631125545e-02 9.929919640695732408e-01 8.435799178320049774e-02
5.603598142475969129e-02 9.973299303746889777e-01 4.682925116400704635e-02
4.014354143313068890e-02 9.986671627726499967e-01 3.244062392790256211e-02
3.288093005852998907e-02 9.987284499993734910e-01 3.821423295494343758e-02
