5.475220971051797392e-18 8.167958515374995621e-01 -5.769268037724808451e-01
3.971399801393312411e-03 8.221945413661175817e-01 -5.691927302165556979e-01
2.717403004174590540e-03 8.241948498403780521e-01 -5.662998015340544589e-01
3.072878853013510545e-04 8.209370563231265239e-01 -5.710186118942841560e-01
-1.098170545035177109e-02 8.067132085172117328e-01 -5.908410965304184970e-01
-1.932146644814447534e-02 7.996531143830784005e-01 -6.001512955844854336e-01
-4.917794217549799340e-02 7.880925871168065200e-01 -6.135891167018221459e-01
-9.662119039422990829e-02 7.759742463846742710e-01 -6.233203947526014810e-01
-1.483075739184766262e-01 7.583413365514386495e-01 -6.347623813647065294e-01
-1.705885304142658321e-01 7.590662831679109157e-01 -6.282658124144222533e-01
-1.657594860367246070e-01 7.716470246920600351e-01 -6.140721961404312923e-01
-1.245513659242524218e-01 8.011186951723563432e-01 -5.854022493053339105e-01
-6.153922554197611278e-02 8.298604239168940744e-01 -5.545670388115097049e-01
1.463904689042381732e-02 8.540002801558914669e-01 -5.200665532408318414e-01
9.346971829662738263e-02 8.655271310597985046e-01 -4.920632044371370251e-01
1.405563945526982494e-01 8.700515191332409692e-01 -4.724978878305018393e-01
1.874884481394624158e-01 8.622195424642452588e-01 -4.705587555311276926e-01
2.319813763802539286e-01 8.491721958106071000e-01 -4.744377966339898833e-01
2.673804326148767063e-01 8.352587228162503541e-01 -4.804691147348054137e-01
3.234377142340725264e-01 8.350848388001098632e-01 -4.449959067421104253e-01
3.479344312873999256e-01 8.366447254584775672e-01 -4.230451924880159198e-01
3.924308242232349420e-01 8.417880845641274590e-01 -3.706627427801857388e-01
4.282943363729186381e-01 8.463302069545397543e-01 -3.166846100257584284e-01
4.428450496396038050e-01 8.389059439168908838e-01 -3.164254719054824250e-01
4.067534132410156045e-01 8.185320409556440246e-01 -4.056562075770213660e-01
3.697574927274600021e-01 8.082245570548868274e-01 -4.583148065962242002e-01
2.899129309785068442e-01 7.926378943611860350e-01 -5.363540443346321851e-01
1.708833387533586767e-01 7.726274023214060316e-01 -6.114292941285863758e-01
3.525129319224779012e-02 7.473456379414431527e-01 -6.634996938794860410e-01
-9.149364866308841437e-02 7.376702602258711217e-01 -6.689331053495638502e-01
-1.337661582481327327e-01 7.457004398778084298e-01 -6.527154578172469357e-01
-1.916799517407068443e-01 7.625383403879072430e-01 -6.178948741809857648e-01
-2.697334145788017890e-01 7.650224686661780682e-01 -5.847944147267196691e-01
-3.663380909223769022e-01 7.517840000827370472e-01 -5.482857105186558222e-01
-4.851396755285939943e-01 7.165608561672953680e-01 -5.011786454317492812e-01
-5.476096714897631390e-01 6.822457473286376306e-01 -4.844217046570710172e-01
-6.047084162187731371e-01 6.646807141548441988e-01 -4.387793062403800293e-01
-6.687104004291010151e-01 6.492662342713023671e-01 -3.623254854314196249e-01
-7.382091026640997811e-01 6.183996466738723718e-01 -2.694980477433828181e-01
-8.101845762425132769e-01 5.767323959639649722e-01 -1.047888155501505436e-01
-8.350463678784453281e-01 5.497106064149721583e-01 -2.271151003124532997e-02
-8.523265164991850051e-01 5.144170809252094356e-01 9.441703302239076723e-02
-8.536861230207336559e-01 4.874923116292434466e-01 1.832245874990734713e-01
-8.491180634844046615e-01 4.663558508713818163e-01 2.480135774963220519e-01
-8.358446537050774339e-01 4.396992136110519644e-01 3.286766137443635216e-01
-8.244054993537743847e-01 4.291379314066703365e-01 3.690477048611170985e-01
-7.989135863524585712e-01 4.206975827343040764e-01 4.298262735373049592e-01
-7.662812077304365088e-01 4.214923770512856716e-01 4.849301875186162181e-01
-7.306556238018406813e-01 4.220828725397239300e-01 5.366455143904196312e-01
-6.565732103254848795e-01 4.295947841300945536e-01 6.199676934575734100e-01
-6.126095148422301406e-01 4.296292107887756395e-01 6.634216785437307973e-01
-5.434246758568542779e-01 4.249255837645439793e-01 7.239667602398843771e-01
-4.768396194797291376e-01 4.014016769014276953e-01 7.819850836653782222e-01
-3.958506120445790533e-01 3.626964187333652223e-01 8.436549062157604473e-01
-2.685995229007083762e-01 2.971557118936514197e-01 9.162711275525869947e-01
-2.131976298159237171e-01 2.658085900387729406e-01 9.401556063240127381e-01
-1.430873435448988817e-01 2.479589707991317615e-01 9.581452713015388145e-01
-6.407281730258511387e-02 2.349721252545405314e-01 9.698880215964493789e-01
1.519228819267109259e-02 1.975813098176369131e-01 9.801687713808361346e-01
8.312765745896076586e-02 1.216212673005931388e-01 9.890895105629133877e-01
1.097925658846191366e-01 8.797113070111535482e-02 9.900538736046835542e-01
1.560677237494468017e-01 4.691670816308316644e-02 9.866314854588853489e-01
2.037899101750081376e-01 4.432003234628878290e-03 9.790046117655373248e-01
2.464645968474359905e-01 -3.393379171913228631e-02 9.685575358647484645e-01
2.933185223796571095e-01 -6.392955663925854737e-02 9.538748640240619636e-01
3.169097109575430005e-01 -7.818800597696473620e-02 9.452274175150404689e-01
3.521410250176458256e-01 -9.207678586012471578e-02 9.314067661366813855e-01
4.054929616723827457e-01 -9.744125273494241846e-02 9.088897954645571708e-01
4.558873467372900889e-01 -1.031050135107578758e-01 8.840452948089141394e-01
4.985146331250771001e-01 -1.177553738198885147e-01 8.588462216815697658e-01
4.964014811319549803e-01 -1.177593962275711170e-01 8.600687729072131749e-01
4.809368344820745267e-01 -1.055018209129373469e-01 8.703844708072496772e-01
4.828509693909140421e-01 -6.382405759424532310e-02 8.733735919012328708e-01
5.476688784634440310e-01 -1.747819317974937461e-02 8.365125894604126255e-01
6.437037177002259414e-01 1.545034917975701564e-03 7.652732431530648860e-01
6.908803035393866754e-01 2.128851927496926491e-02 7.226556615210346646e-01
7.678233280379981318e-01 5.732425590000340965e-02 6.380918951108561776e-01
8.482103266903958660e-01 8.907303052927939557e-02 5.221161144114419006e-01
9.075724356188559216e-01 1.072490473012263357e-01 4.059678755244522375e-01
9.528596134916085258e-01 1.735093938617877363e-01 2.489036906482860467e-01
9.620369831347489464e-01 2.087481448588891231e-01 1.758097127549073657e-01
9.599618363060014037e-01 2.510612328017101658e-01 1.242639538244909858e-01
9.576947677638143475e-01 2.803813854926792692e-01 6.486147136027094195e-02
9.423938878620479187e-01 3.330916865607474464e-01 3.071951276258087782e-02
8.859227490831510510e-01 4.638296509185783623e-01 1.713938651680985137e-03
8.473256200637379054e-01 5.295637962810173516e-01 -4.001848637866511904e-02
8.000272613479026962e-01 5.899643425658518403e-01 -1.090800421755363792e-01
7.391975823792904521e-01 6.471527998934235582e-01 -1.864944712175530817e-01
6.654053731998426091e-01 7.037646189407295028e-01 -2.488996794774717691e-01
5.544500625221967516e-01 7.760171971802983792e-01 -3.006367207271365416e-01
4.972413003726394720e-01 8.034500811035845125e-01 -3.274432109211763420e-01
3.889241701648424310e-01 8.484165821966325183e-01 -3.590644690238414261e-01
2.565619271886293573e-01 8.844848489490150234e-01 -3.896954317116053113e-01
1.639990358578690133e-01 9.047875461278788167e-01 -3.930188451074335676e-01
4.058292420872866568e-02 9.144013081192602366e-01 -4.027695047697304465e-01
-1.311389324246589952e-02 9.116801194104067196e-01 -4.106913508656493406e-01
-1.043928839773052009e-01 8.981650516763535208e-01 -4.270850801914229944e-01
-1.585185564072520148e-01 8.886216104565226592e-01 -4.303759992195396178e-01
-2.055376446458796469e-01 8.768153934921668613e-01 -4.346826915907748279e-01
-2.631875555757397511e-01 8.607026122078991204e-01 -4.358019319926951796e-01
-2.904395097768340261e-01 8.519972304560308185e-01 -4.355979917950096314e-01
-3.189330482052583626e-01 8.425199475932391158e-01 -4.340988927306632661e-01
-3.417399822179311708e-01 8.354463561650262715e-01 -4.303988505145756038e-01
-3.545089620482571591e-01 8.366332371382513289e-01 -4.175742117792209385e-01
-3.588577918561779434e-01 8.411228759257671772e-01 -4.046398309836473084e-01
-3.589322570240686683e-01 8.436313119681090322e-01 -3.993167218319001455e-01
-3.565921098613537565e-01 8.487027703841026893e-01 -3.905709599125068987e-01
-3.514945828291738406e-01 8.544322166898115078e-01 -3.826187989687381830e-01
-3.396353115931270428e-01 8.617821050734808530e-01 -3.768016168943006949e-01
-3.156152094325206936e-01 8.688578720783414200e-01 -3.814092784691561211e-01
-3.030725296270689872e-01 8.717394243963569878e-01 -3.849901527812854551e-01
-2.853121986015991207e-01 8.754745686221475642e-01 -3.900528541428534002e-01
