9.568084172184576630e-18 8.142135500303040452e-01 -5.805654958288939405e-01
2.460777412758818894e-02 8.106341550179499977e-01 -5.850356605975566282e-01
5.920709382602561827e-02 8.052713112781959559e-01 -5.899429084860421391e-01
1.067691503182289642e-01 7.954327935889667911e-01 -5.965626701559322287e-01
1.646072427267822602e-01 7.785923709544813054e-01 -6.055562529884118694e-01
2.045867748100369254e-01 7.612594280725110130e-01 -6.153278270511911563e-01
2.500580288947069629e-01 7.406855371674214705e-01 -6.235831277514668480e-01
2.791331674090237747e-01 7.282684636931020528e-01 -6.258671741210708461e-01
2.521499947079539616e-01 7.065957483711923226e-01 -6.611677764021273163e-01
1.680449112097197328e-01 6.674631901291989688e-01 -7.254335239283268288e-01
9.404547964076141742e-02 6.438370192288225269e-01 -7.593611396626006593e-01
2.634415083658149179e-02 6.435799460867093202e-01 -7.649253811397080938e-01
-4.549070940810885644e-02 6.656590261935189101e-01 -7.448682139846237726e-01
-1.672611957021066798e-01 6.728091712900252652e-01 -7.206604689035822631e-01
-3.200501210811441677e-01 6.621177236857669346e-01 -6.776193916773065595e-01
-4.505047830216288851e-01 6.558601167876030313e-01 -6.057168874003651116e-01
-5.852926530283160123e-01 6.464992380441905162e-01 -4.893579932108561015e-01
-7.180764167950349774e-01 6.172828308713572687e-01 -3.214469884043805181e-01
-8.198912263733271200e-01 5.518528582985163800e-01 -1.524362151976987045e-01
-9.012780841420116040e-01 4.303941579310535670e-01 -4.958511736523549956e-02
-9.411696696175191335e-01 3.370898783641617102e-01 2.387607372421669122e-02
-9.629223490724235779e-01 2.100525060678641587e-01 1.692881990909449463e-01
-9.562932546046843951e-01 7.256201605890638673e-02 2.832630668178386379e-01
-9.156911372794046544e-01 -3.930475322790934201e-02 3.999560944424318532e-01
-8.386044590880447069e-01 -1.274168437534096421e-01 5.296295961571324540e-01
-7.846152771705359186e-01 -1.781483038619886827e-01 5.938367188560332854e-01
-7.367193353068343109e-01 -2.045377336092215614e-01 6.445222544761810557e-01
-6.839120471517862176e-01 -2.145071551833683254e-01 6.973169954445331831e-01
-6.151999618312531393e-01 -2.230797271891276634e-01 7.561510710698285953e-01
-5.073448504731963293e-01 -2.153228635325294404e-01 8.344083335744446606e-01
-4.311023955567799826e-01 -2.035594766351963292e-01 8.790416736521713403e-01
-3.164462714862770198e-01 -1.827303291362614157e-01 9.308444467665835109e-01
-2.092089852596830668e-01 -1.614785899466139041e-01 9.644460925709985588e-01
-8.876484661121356035e-02 -1.398121259749130485e-01 9.861913462591642698e-01
6.047331260714310097e-02 -1.088688639201925434e-01 9.922149711282555185e-01
1.417295649684224002e-01 -8.179398242528239382e-02 9.865203874491768055e-01
2.477669996967206689e-01 -4.533933697847598865e-02 9.677581611041250476e-01
3.519946247001041750e-01 -1.916145087915919337e-02 9.358058682132945894e-01
4.483275840000484624e-01 8.759795075064967171e-03 8.938264056375390121e-01
5.434462244953417454e-01 5.467187125238786444e-02 8.376617381589783751e-01
5.977411113674885312e-01 9.110061413305448053e-02 7.964962284190301167e-01
6.359522178477140519e-01 1.283335130503628629e-01 7.609831049653635882e-01
6.705915055267608338e-01 1.816370618100109913e-01 7.192461404083989596e-01
6.957673176366212520e-01 2.550113271517521207e-01 6.714737989922190398e-01
7.218457776690208050e-01 3.751190392452489197e-01 5.815706145062075061e-01
7.211529634570332803e-01 4.536884593649487263e-01 5.235505564281236479e-01
6.995556537629269434e-01 5.638669603689843157e-01 4.389486738703808344e-01
6.467362541142286370e-01 6.814397646085045279e-01 3.425960665632367119e-01
5.124350529024750411e-01 8.320005075032449460e-01 2.125687466942873527e-01
3.256029706148760861e-01 9.453659859082357286e-01 -1.630515913806515615e-02
2.577982097470111200e-01 9.617323389653257282e-01 -9.279542682438307599e-02
1.585869495257264672e-01 9.823415299341454743e-01 -9.927385359079561600e-02
1.609754406998671963e-02 9.877952710966158012e-01 -1.549237601986142021e-01
-1.054707608108137462e-01 9.814252846089305260e-01 -1.602508325852566029e-01
-2.297463588491157893e-01 9.549698847020461345e-01 -1.877475163823311144e-01
-2.800410121797184959e-01 9.344577582122098880e-01 -2.199220989677243832e-01
-3.299188375228522818e-01 9.067371577920362302e-01 -2.626428893512818274e-01
-3.755074795798993281e-01 8.765004509151469447e-01 -3.012326216150823521e-01
-4.304344572491136667e-01 8.396327964821901357e-01 -3.312747275059746976e-01
-4.954700329402755843e-01 7.884355917973834282e-01 -3.645253956108844839e-01
-5.218884503681633369e-01 7.690856770846352664e-01 -3.689710919239947984e-01
-5.613164222902613520e-01 7.445497009517720866e-01 -3.613441806365333964e-01
-6.067082774384809918e-01 7.140746651919722687e-01 -3.492884747863914674e-01
-6.353661892700434022e-01 6.918731933832702463e-01 -3.429596037583713675e-01
-6.433410736246701900e-01 6.886293260105217362e-01 -3.345174350400157981e-01
-6.533164949160525925e-01 6.811008624994108196e-01 -3.305740046845212499e-01
-6.693659096939806874e-01 6.705929039207753073e-01 -3.197724755989035939e-01
