4.573977915173221831e-18 9.999660285535620918e-01 8.147850684832170023e-03
4.455203206962337487e-02 9.989690485956519428e-01 -8.492428794477672668e-03
7.799881480888287699e-02 9.946796322080458941e-01 -6.716960503748736766e-02
7.594338999455352290e-02 9.694601309216953622e-01 -2.317743900762521958e-01
6.994711255896345070e-02 9.615767946589063309e-01 -2.654753211356045139e-01
3.469450544477820780e-02 9.271581562034415525e-01 -3.728197393477575283e-01
-4.480803999339402072e-02 8.745188728460953076e-01 -4.824423340098094592e-01
-1.615088042336778329e-01 8.001285427083540958e-01 -5.769218900937239658e-01
-4.526384382828138042e-01 6.386705027924896028e-01 -5.873190837739995507e-01
-6.293584495730061290e-01 5.049522856076912314e-01 -5.893791717361237525e-01
-7.805700204781245155e-01 3.537440802422923136e-01 -5.129257917863012661e-01
-8.927409001910678876e-01 1.723257398401885632e-01 -4.135996072375657806e-01
-9.556761405024329914e-01 -1.759533048783507581e-01 -1.667493399446919600e-01
-9.600980177082617528e-01 -2.400193820247666365e-01 -1.422774516177249537e-01
-9.123112905905634840e-01 -4.067679078139624371e-01 6.948891119472935243e-04
-8.278395738517655422e-01 -5.369465043872795329e-01 1.572320975303960200e-01
-7.029160457580883037e-01 -6.598091397657067647e-01 2.628695968241809844e-01
-4.476995281202448274e-01 -7.264291861774689885e-01 5.083937512209527609e-01
-4.127199280051696006e-01 -7.244987415034610523e-01 5.519910054105440222e-01
-2.969672974700464652e-01 -6.488864403158391969e-01 6.997501921712014905e-01
-1.864285168976517193e-01 -5.302412391661759372e-01 8.263114138468128367e-01
-4.853616693473642579e-02 -3.829782004965043285e-01 9.214598424498151585e-01
1.642569475180111205e-01 -6.526898561487547157e-02 9.734323854036058821e-01
2.758495572253250594e-01 1.242737441503446311e-01 9.524839530433942825e-01
3.491988419655024378e-01 2.676333602109181586e-01 8.976457346546227178e-01
3.645238808559267962e-01 3.691955258968147580e-01 8.547500028976741104e-01
2.610304754985720010e-01 5.092646676933720862e-01 8.193786420023309036e-01
2.464565418770244820e-01 5.306760361028546313e-01 8.109513618884800490e-01
2.251536660565811865e-01 6.180314651641882762e-01 7.531524213755386166e-01
1.734515528735076362e-01 7.238104974355278332e-01 6.675851428476088367e-01
6.039138416178835289e-02 8.207870470324851730e-01 5.674215978423842177e-01
-9.356555444356429163e-02 9.327146010714419955e-01 3.401701265573177646e-01
-1.082120455796678482e-01 9.455762630892261544e-01 3.068634788728801244e-01
-1.157425192488593241e-01 9.644274494490790994e-01 2.376089554575691321e-01
-1.640641632456661669e-01 9.723169474828098346e-01 1.662689949422173630e-01
-2.141232650112141200e-01 9.693241782843252663e-01 1.206240539853986743e-01
