-1.914294460794718766e-19 9.989373427453025478e-01 4.608888444032826354e-02
1.089003324554459369e-02 9.998855634577609175e-01 1.050081733327630669e-02
1.405922885405015005e-02 9.992365021199134389e-01 -3.645203581680514504e-02
1.042451814429620326e-03 9.960019309843948232e-01 -8.932562213369135695e-02
-2.974677228937596882e-02 9.895859929554657874e-01 -1.408356917997300173e-01
-8.435080258539105758e-02 9.806559418823400653e-01 -1.766320065958058294e-01
-1.034237406478179244e-01 9.777593155940267344e-01 -1.824561608702573168e-01
-1.368276540722437873e-01 9.730153800847419765e-01 -1.857936037640459948e-01
-1.832864675736140259e-01 9.623110953120486144e-01 -2.009065121983654723e-01
-2.400249794786108171e-01 9.449827717147347705e-01 -2.222511426036541116e-01
-3.281892387679249401e-01 9.129546992874876254e-01 -2.424985373271815459e-01
-3.712016253554971668e-01 8.943593261942081041e-01 -2.496612684876834132e-01
-4.452999886624660064e-01 8.596834004740095958e-01 -2.503045565838765696e-01
-5.338648446166908146e-01 8.093440574936702214e-01 -2.448479615640672125e-01
-6.226122507326340427e-01 7.487793023094576617e-01 -2.273401453122732563e-01
-7.367454143128343569e-01 6.573700268265691982e-01 -1.583377476126455186e-01
-7.770919118115580115e-01 6.163112126642110722e-01 -1.276269945639528780e-01
-8.352399754661241627e-01 5.473462320452616714e-01 -5.278527871672764049e-02
-8.731961002546706485e-01 4.864637943724782754e-01 2.969086163731859962e-02
-8.989599201600572131e-01 4.219260558179152576e-01 1.176837515027488734e-01
-9.098893102246806697e-01 3.361222043334862186e-01 2.431528467710242503e-01
-9.143447299692490926e-01 2.684660831750418364e-01 3.031495950221811952e-01
-9.106033477529446030e-01 2.234101190351540644e-01 3.476916187857105323e-01
-8.986985519414172341e-01 1.796642988960494292e-01 4.000770581282946381e-01
-8.779529130173038265e-01 1.355461442452807752e-01 4.591578435621762044e-01
-8.572248748074359215e-01 9.756930329910989963e-02 5.056142255367249705e-01
-8.212735813965869047e-01 4.121147558198364619e-02 5.690442151365563417e-01
-7.674655468136444281e-01 -1.261694831913131622e-02 6.409660264547148989e-01
-6.985851825063092990e-01 -4.621580333262560042e-02 7.140328019810761040e-01
-5.400354915563218006e-01 -4.635926516156384930e-02 8.403644961522359624e-01
-4.836017478293709870e-01 -5.516644941954992193e-02 8.735479450807596136e-01
-4.534406689807133350e-01 -5.499192626300941633e-02 8.895883586020038036e-01
-4.284603514640456523e-01 -5.454613965728538627e-02 9.019126597801997436e-01
-4.734003210933425687e-01 8.113176845295318185e-02 8.771030567364457298e-01
-5.140042381422347262e-01 1.023567024187548857e-01 8.516588217366033442e-01
-5.417744519851021012e-01 1.170068348807033615e-01 8.323399808776711373e-01
-5.098549161399437146e-01 7.844403332391518269e-02 8.566764255679081286e-01
-4.926213285697084721e-01 6.589074829658171650e-02 8.677457207771938075e-01
-4.526434059742604488e-01 4.462452935167778023e-02 8.905743081900363567e-01
-4.134609010947937757e-01 5.595285045609806052e-02 9.088010573231740663e-01
-3.791698001755142711e-01 8.753628422721546065e-02 9.211773236345717208e-01
-3.095686311056757845e-01 1.176794989421826587e-01 9.435670607667876464e-01
-2.589928625798766926e-01 1.135723518575403601e-01 9.591788248424940599e-01
-1.906223846039667436e-01 1.008301818858626103e-01 9.764713927754161693e-01
-1.422565188571168482e-01 8.551798394599076369e-02 9.861286717586441597e-01
-1.140446237223499276e-01 8.992712389331222744e-02 9.893972590361791442e-01
-8.827255758545443642e-02 1.272489678246339073e-01 9.879350463289009454e-01
-6.755481435665582068e-02 1.385401786138612257e-01 9.880500827219627080e-01
-3.953955250786575504e-02 1.462754845774041079e-01 9.884533911111457183e-01
-8.767110790410767920e-03 1.391204218331597853e-01 9.902366616104214536e-01
3.559418309663201635e-02 1.393222126421448104e-01 9.896071822668732754e-01
7.751272944343916282e-02 1.534281632148490337e-01 9.851150062336609947e-01
9.273312869150390769e-02 1.619827502902577987e-01 9.824266667041816614e-01
1.077307060651528925e-01 1.649616863129853561e-01 9.803987642890418241e-01
1.145988374273459731e-01 1.580018001275488027e-01 9.807663012240759315e-01
1.349884376867681868e-01 1.633721742522266374e-01 9.772858611332642109e-01
1.796121207834654732e-01 1.908077721901750012e-01 9.650553767217133760e-01
1.933231481757096137e-01 2.003800222318478652e-01 9.604551041406345080e-01
2.123403459652200842e-01 2.228723044212879145e-01 9.514407566408512595e-01
2.477813274557423562e-01 2.520438442324762773e-01 9.354562065371021529e-01
2.900436269656805344e-01 2.874067664269289168e-01 9.128373595929397677e-01
3.228210857433882475e-01 3.425886636564719478e-01 8.822808816547780264e-01
3.374663460728202224e-01 3.730020316639661160e-01 8.642834891647607209e-01
3.552789893430389201e-01 4.209161175184490400e-01 8.346295356291820733e-01
3.824719018119009384e-01 4.635662094010309375e-01 7.992631693165568318e-01
4.227337191832927221e-01 5.163667896493818743e-01 7.447560279800706784e-01
4.246609528118159282e-01 6.192024006771332800e-01 6.604933475460866843e-01
4.191429853392577010e-01 6.773566017212625523e-01 6.045719080022804448e-01
4.047507394367089173e-01 7.546390897827389699e-01 5.164268419605206883e-01
3.787055693803459411e-01 8.110743067254186922e-01 4.458032757732824924e-01
3.434689796703043196e-01 8.641293078663272453e-01 3.678445314133431676e-01
2.783518701883435087e-01 9.261710033569271472e-01 2.544160154225250103e-01
2.362331691444645720e-01 9.509665081872000769e-01 1.996411533281816642e-01
1.961469092430547789e-01 9.688471375097404970e-01 1.512005758374583286e-01
1.605969469069527811e-01 9.825235039059161402e-01 9.410730533070447990e-02
1.091948504006510223e-01 9.935784651971341086e-01 2.963643268827655802e-02
4.733871518124198319e-02 9.968823565835943645e-01 -6.312379248214300409e-02
1.870914698021850300e-02 9.940146896670963850e-01 -1.076325440807688189e-01
-3.608708188055692080e-03 9.889111301851880587e-01 -1.484646551239295065e-01
-2.032888357851494326e-02 9.829369744754403726e-01 -1.828158655629169016e-01
-3.904250150096104377e-02 9.773982269922768529e-01 -2.077700386217922746e-01
-1.051558960980040897e-01 9.632926893646430733e-01 -2.470008747605142441e-01
-1.526027566270981572e-01 9.509096469947727615e-01 -2.692271195888103485e-01
-2.319134053876517332e-01 9.276694732636422414e-01 -2.926525598320626198e-01
-2.994875869169382754e-01 9.058467881017497891e-01 -2.995810103601579399e-01
-3.473153710571638686e-01 8.912610005612263686e-01 -2.915919441720330463e-01
-3.979326164436662316e-01 8.735364566835193134e-01 -2.803278288274284602e-01
-4.228761466983849138e-01 8.641794773825692833e-01 -2.727078939530636625e-01
-4.439963991189608272e-01 8.553024557601514033e-01 -2.670672326213954784e-01
-4.629049500447745547e-01 8.470751785255211663e-01 -2.611180751116268794e-01
-4.818831844376662565e-01 8.389653392745668459e-01 -2.528354327465298645e-01
