2.222614453595284090e-18 8.499808409704722179e-01 -5.268136007955078748e-01
2.995455188431620300e-03 8.490353191777478825e-01 -5.283276010554002200e-01
-8.909760677423576511e-03 8.501481982955214622e-01 -5.264680969437275371e-01
-5.707492666277451387e-02 8.507605411061822664e-01 -5.224451688389456505e-01
-1.725736356067283928e-01 8.318037461611131889e-01 -5.275612458907638080e-01
-1.931490853415586129e-01 8.284839628279330181e-01 -5.256498398826386920e-01
-2.626840904469217031e-01 8.139583340994015481e-01 -5.181398449995913147e-01
-3.492361196230057696e-01 7.844515496374175889e-01 -5.125133159461519039e-01
-4.425304408873880768e-01 7.445553997692876402e-01 -4.998040271570550752e-01
-5.524484313222537413e-01 6.808304523801523844e-01 -4.809060467923215176e-01
-5.893521345296678371e-01 6.591447359616663393e-01 -4.671105635493053576e-01
-6.794423582124242689e-01 6.231147789203769216e-01 -3.874094141315482798e-01
-7.788651744149184264e-01 5.765932915329826658e-01 -2.467979259288453353e-01
-8.524936897193533536e-01 5.226637885209425294e-01 -8.779131939932072193e-03
-8.375720968915830733e-01 5.088746945866552407e-01 1.987951903793835629e-01
-8.180042162784620929e-01 4.966147468662025499e-01 2.902462667213425163e-01
-7.423904171829558418e-01 4.261744372397704983e-01 5.169446948352227622e-01
-6.582483181208413914e-01 3.235198896776009803e-01 6.797382089261103655e-01
-5.895993669236865298e-01 2.244668488458282374e-01 7.758783540558480407e-01
-4.809659592755826107e-01 1.077161955063314497e-01 8.700971021924854831e-01
-4.639853282620183816e-01 9.659089293449263369e-02 8.805610794031861754e-01
-3.703690200289764256e-01 1.479267461661594729e-01 9.170302431062282711e-01
-2.512641976945940159e-01 1.977983646658963701e-01 9.474925381724064177e-01
-1.268596553347535461e-01 2.109774652921840021e-01 9.692239870057038909e-01
6.103666598434302065e-02 2.337368979177547046e-01 9.703821865416228931e-01
9.619143608813995883e-02 2.400859858870225683e-01 9.659740819524909039e-01
1.859844297704814908e-01 2.953567861536937622e-01 9.371094710629647162e-01
2.850899019600189876e-01 3.593066193371032280e-01 8.886070566346908617e-01
3.491669196208172510e-01 4.116595855736205345e-01 8.417950153379768485e-01
3.872050880047494537e-01 4.954727984207257241e-01 7.775467354753472504e-01
3.966693268880834844e-01 5.389525292231125420e-01 7.430905842157904395e-01
4.153367076631171440e-01 6.289307976617988238e-01 6.572225429944229536e-01
4.631935764328387051e-01 7.432904595360118050e-01 4.826706988352416072e-01
5.001671523922021079e-01 7.989448654996675891e-01 3.339459859911385053e-01
5.382540663628677668e-01 8.215616813610683300e-01 1.879334024675021753e-01
5.278485361009576105e-01 8.360699459193774441e-01 1.495425306273950872e-01
4.680088342792424472e-01 8.819574068428840397e-01 5.584678640316281806e-02
4.219669860252477367e-01 9.060087740206922424e-01 -3.304488012220334336e-02
3.824729799697340615e-01 9.155953259876762340e-01 -1.240951998370301151e-01
3.757071954919282697e-01 8.931659580969344425e-01 -2.471814607780593864e-01
3.644857074639367145e-01 8.870062889420795571e-01 -2.834960536439854462e-01
3.156242214790696554e-01 8.798419357282848408e-01 -3.553301548555033440e-01
2.702973983130679825e-01 8.751993803306896691e-01 -4.012048867274220498e-01
2.235152568047764077e-01 8.576695664311591027e-01 -4.630808188570137984e-01
1.879901096834286356e-01 8.298359774858355964e-01 -5.253874466822938682e-01
9.216093706912159567e-02 7.683438198734671154e-01 -6.333672995512089621e-01
