5.705613932704967084e-18 9.767719443206186458e-01 -2.142815176073720462e-01
3.764810543390662706e-02 9.781278572314283659e-01 -2.045690960655882906e-01
1.210960595935364897e-01 9.722474444513224956e-01 -2.001765498473571936e-01
1.639077322919492152e-01 9.662767641776052185e-01 -1.986038023436785260e-01
2.367163074953298751e-01 9.514856025153893837e-01 -1.965719663932343209e-01
2.988840051784826812e-01 9.325089246452787917e-01 -2.027201443008916915e-01
3.246017158973267813e-01 9.154187390775789801e-01 -2.379963406906217549e-01
2.833952089404447316e-01 8.859705138586237982e-01 -3.670741125749508726e-01
2.570428173310864151e-01 8.660519796767391920e-01 -4.288157629524579906e-01
1.767587772618811337e-01 8.178586395089938454e-01 -5.475980098953813213e-01
7.693900052393490285e-02 7.606867984267547955e-01 -6.445432374151726096e-01
-4.551069688565603788e-02 7.068457649692501121e-01 -7.059021469113248015e-01
-2.430439750100650831e-01 6.868143219344119421e-01 -6.849932214241837292e-01
-3.598124927207865253e-01 6.657884757827832178e-01 -6.536517999645468091e-01
-5.403728727810407362e-01 6.035504081756870587e-01 -5.862798505435152796e-01
-7.113484560104650356e-01 5.222147725692305453e-01 -4.703988790824166211e-01
-8.530993021768807916e-01 4.243966090110475320e-01 -3.034948086627559660e-01
-9.601322250522417168e-01 2.791015360422081648e-01 1.576207458143956408e-02
-9.683138748003558005e-01 2.274908331417451746e-01 1.030347548431852778e-01
-9.557177964408943849e-01 1.311886995092160502e-01 2.634255467627270031e-01
-9.109027912378403480e-01 5.108845733142081125e-02 4.094460580376944603e-01
-8.354843069958522994e-01 -1.321726506492790394e-02 5.493553282419894046e-01
-6.674997835433619242e-01 -9.583600101748597500e-02 7.384168875902969997e-01
-5.849453680962040103e-01 -1.290815599080916976e-01 8.007352041933027964e-01
-4.344345902996357700e-01 -1.954833443044130259e-01 8.792342400354695719e-01
-2.764481591823916284e-01 -2.342440697478834211e-01 9.320440606927419269e-01
-1.094880409498746598e-01 -2.450232147083289957e-01 9.633151058417773749e-01
1.119402247733049388e-01 -2.120618976843035020e-01 9.708239478032225644e-01
2.108870576042690126e-01 -1.837640467892876772e-01 9.600819881877996620e-01
3.617065687486206160e-01 -1.246144156220152649e-01 9.239261905278379761e-01
4.859768578938817307e-01 -4.588637457233235573e-02 8.727662540567191485e-01
5.836931698322319617e-01 4.329116756457435794e-02 8.108194363124856530e-01
6.635740474153746238e-01 1.901955840245414253e-01 7.235296285670282934e-01
6.780254854476737147e-01 2.467882942953832370e-01 6.923705502707503401e-01
6.833868728393674985e-01 4.026029935109093350e-01 6.090100259001363092e-01
6.523499620770055740e-01 5.600897499270358626e-01 5.106260853156641133e-01
5.997492476448421650e-01 6.941794524016706713e-01 3.980147331604221850e-01
5.125005138607092725e-01 8.241654588470316289e-01 2.410280476126601124e-01
4.711886453415521925e-01 8.604889767284787938e-01 1.937523714176642153e-01
3.869963359977885431e-01 9.082848022526538445e-01 1.589105217446103724e-01
3.037992744712418869e-01 9.265448363235474494e-01 2.218573125072007546e-01
2.016588145059337311e-01 9.455244369889216349e-01 2.555724194604025445e-01
1.453251073785198355e-01 9.642211932856534773e-01 2.217162681992733420e-01
1.101762233607273683e-01 9.725243877757083766e-01 2.050792895137148741e-01
7.414455762350616319e-02 9.790232399801399588e-01 1.897790298046748148e-01
