5.258380536554696505e-18 8.272479923086133446e-01 -5.618369507440466037e-01
-7.900659395882246236e-03 8.334456931659677270e-01 -5.525448905964199797e-01
-2.170366839676272919e-03 8.401040092032362461e-01 -5.424210018319997051e-01
1.593604840356366986e-02 8.454713649495055883e-01 -5.337829272388719959e-01
4.302931915037092048e-02 8.365721315617531406e-01 -5.461643950201078290e-01
7.322816431163946260e-02 8.218581480955153840e-01 -5.649662116981488680e-01
1.137867668526434950e-01 8.007857002874906316e-01 -5.880432245203537356e-01
1.485800276385161600e-01 7.789813048441757148e-01 -6.091897094421435677e-01
1.753107963136938396e-01 7.568348493341735539e-01 -6.296563630498599462e-01
1.841569002729944171e-01 7.360491499774131086e-01 -6.513968720368326082e-01
1.832172799937864249e-01 7.120946025053763728e-01 -6.777556384084079122e-01
1.862021721028440935e-01 6.850749772784364700e-01 -7.042734033109102620e-01
1.988957203656614992e-01 6.562375860349172196e-01 -7.278686166440266891e-01
2.167796720123325027e-01 6.333814248114194578e-01 -7.428556686908177609e-01
2.366135535999062955e-01 6.139616340969673569e-01 -7.530372753787197837e-01
2.536337509051873051e-01 5.926073321710573216e-01 -7.645171484400250517e-01
2.536324484352410757e-01 5.583090290726570037e-01 -7.899124060025212168e-01
2.413816418610233994e-01 5.247238413491709386e-01 -8.163331386708778670e-01
2.230044804677382975e-01 4.951441672333697364e-01 -8.397030757036006987e-01
2.035291533869414415e-01 4.727730979496962971e-01 -8.573572660079585850e-01
1.805821224685935922e-01 4.547153450017598630e-01 -8.721376336706655463e-01
1.512505956781709515e-01 4.478528981056615899e-01 -8.812213336984972001e-01
1.170337315563894226e-01 4.457283428512394674e-01 -8.874848449731829181e-01
3.610235372831056833e-02 4.526607271244913466e-01 -8.909516744326837490e-01
-6.689546362107645638e-02 4.695224461259022153e-01 -8.803826835705426124e-01
-1.893382768637984492e-01 4.990602283501449632e-01 -8.456298867668696762e-01
-3.216863170752956580e-01 5.186895803108302339e-01 -7.921357413243684809e-01
-5.043621193174190331e-01 5.178172959518225760e-01 -6.910022435642187988e-01
-6.420375260865971434e-01 5.020827352818881817e-01 -5.793968778207729819e-01
-8.178036497393796900e-01 4.354002446625881428e-01 -3.763294001545831602e-01
-9.257575654773172458e-01 3.142574319428802498e-01 -2.102740983339991265e-01
-9.855006846501418449e-01 1.606887101645402549e-01 -5.447512257680389713e-02
-9.962901474076149011e-01 -4.841798389658627001e-03 8.592147093053423279e-02
-9.664684922675972345e-01 -1.529121432517248080e-01 2.062923408664534275e-01
-9.236563371596688832e-01 -2.580881218189058912e-01 2.832834132115282788e-01
-8.939710211454069411e-01 -3.088697479206368168e-01 3.246772122765639312e-01
-8.706574708587583311e-01 -3.405928690529217984e-01 3.548972611730463189e-01
-8.556839026168944207e-01 -3.599689507979215164e-01 3.717894743853902839e-01
-8.312244944109492550e-01 -3.635360037632397456e-01 4.206036303446694102e-01
-7.924804901028615900e-01 -3.687122853163610769e-01 4.858249926291509646e-01
-7.611954215661520529e-01 -3.617578358799143357e-01 5.382497546364596319e-01
-7.390221504009083509e-01 -3.524727589358921942e-01 5.741160295836875704e-01
-7.045129255504786192e-01 -3.413257502348707173e-01 6.222204351826676749e-01
-6.443576725615718370e-01 -3.351559496751710387e-01 6.873672084180102448e-01
-5.737950272404134244e-01 -3.354460065450327044e-01 7.471514193302206674e-01
-5.124307950454121130e-01 -3.402515768974885280e-01 7.884437486009381324e-01
-4.591330825472502153e-01 -3.485488153466506089e-01 8.171355675964093734e-01
-4.029235114679784457e-01 -3.544719508193185931e-01 8.438022754109283374e-01
-3.506862808920417351e-01 -3.516630514164101884e-01 8.679586572312111281e-01
-3.138185603796943557e-01 -3.340935277216318111e-01 8.887628625768131396e-01
-2.838452911111863375e-01 -3.137558363880409429e-01 9.060845025969965771e-01
-2.450035823911772825e-01 -2.991402495006682538e-01 9.222192557869127727e-01
-2.079015662190170088e-01 -2.860896778449205646e-01 9.353767342596612799e-01
-1.578129112171772208e-01 -2.551806116916645051e-01 9.539276390113808901e-01
-7.811991035120247062e-02 -2.027249393197287086e-01 9.761146851597573004e-01
2.114774504386525075e-02 -1.509734557771216790e-01 9.883115847394854381e-01
9.197772559797555425e-02 -1.089351087800285306e-01 9.897844412137963843e-01
1.487005780436439217e-01 -6.787966702469121205e-02 9.865497903776083710e-01
2.025419002467493401e-01 -3.148139660371551685e-02 9.787674393400687123e-01
2.632359315366601393e-01 2.069651330119080118e-02 9.645094601325588934e-01
3.550886927044786812e-01 8.823270797385279751e-02 9.306594487550348127e-01
4.585205603776804084e-01 1.560927155847044168e-01 8.748679670969389255e-01
5.417348764629569269e-01 2.181560889833798755e-01 8.117458003976001368e-01
5.988009243007573756e-01 2.724256035956581501e-01 7.531412507372701182e-01
6.712277841654070709e-01 3.441391894355954051e-01 6.565222616629302621e-01
7.573819597366492351e-01 3.984958152680788124e-01 5.172752190848712850e-01
7.917448901332463373e-01 4.373755678095931909e-01 4.264301134196899490e-01
7.911483338996829762e-01 4.958923935267980365e-01 3.580154295697591249e-01
7.678442860108548595e-01 5.724302400499575727e-01 2.876434819647898933e-01
7.325207603535549561e-01 6.491390282715446824e-01 2.050167252341241753e-01
6.776179896168693650e-01 7.194432797113327061e-01 1.524310579435610991e-01
5.945793264489935837e-01 7.938436874838050716e-01 1.276229775611569250e-01
4.851023613518997135e-01 8.702311456574537418e-01 8.586880771576059501e-02
3.522846303450803962e-01 9.358345298005351642e-01 -1.045332749133862094e-02
2.091648460522566866e-01 9.731603703631329649e-01 -9.596333013513594357e-02
6.113369343850585252e-02 9.908394688122896810e-01 -1.204151924399348705e-01
-9.477978466518344192e-02 9.820244576173102757e-01 -1.632322182053798643e-01
-2.963964807917633948e-01 9.352684864162036371e-01 -1.934476272560638477e-01
-3.926168470839352942e-01 8.961444163794196616e-01 -2.068264885788540508e-01
-4.783165944233464528e-01 8.421984610831132478e-01 -2.488272244921919119e-01
-5.035381792243485144e-01 8.122788221974769352e-01 -2.943678261510720429e-01
-5.196873680110278837e-01 7.818504697306487561e-01 -3.444341482950467048e-01
-5.396580622862992005e-01 7.390528589107512314e-01 -4.031997613407551917e-01
-5.666543751195088907e-01 6.857249176676315505e-01 -4.568196104017848147e-01
-5.837111663626319835e-01 6.459976017451124486e-01 -4.919028082895430254e-01
-6.010821946892375145e-01 6.083365515128743573e-01 -5.182922296552336938e-01
-5.976539062354295773e-01 5.885899098080576985e-01 -5.444003365480913903e-01
-5.861827369365836260e-01 5.704253148906013315e-01 -5.753301304898728041e-01
-5.800187582091643756e-01 5.608150891390601966e-01 -5.908169563574212635e-01
-5.746965531388541493e-01 5.544019125063415210e-01 -6.019654402203092891e-01
-5.646738630642711421e-01 5.565276822626337161e-01 -6.094426693688701491e-01
-5.523563048542414755e-01 5.606313675160408128e-01 -6.169238058665447166e-01
-5.475876545748068480e-01 5.683145733622069207e-01 -6.141386702214696180e-01
-5.506386367843936203e-01 5.754614706523467627e-01 -6.046827163685621898e-01
-5.160918810797986422e-01 5.891694695520300895e-01 -6.217141677903877950e-01
-5.093988763409217357e-01 5.896825645928455151e-01 -6.267274190569701586e-01
