-2.303929616531696922e-19 9.711230608552181565e-01 -2.385791287501736191e-01
7.483701939267598966e-04 9.613508219659897547e-01 -2.753253294692820652e-01
-9.857381748435947028e-03 9.486038740327544794e-01 -3.163123807174101909e-01
-3.409862815277119041e-02 9.364941735476302043e-01 -3.490214126231232505e-01
-1.563224117985697048e-01 9.073765810473272131e-01 -3.901679686190825391e-01
-1.825975472994167959e-01 9.004451690106716200e-01 -3.947868201011530132e-01
-2.957602787755064799e-01 8.595888267330138444e-01 -4.166928202577955820e-01
-4.275778522577139418e-01 8.008250165784747132e-01 -4.193524449443048474e-01
-5.766919473066333124e-01 7.198822770505202140e-01 -3.862588576333769175e-01
-7.942747793805726708e-01 5.380309392425421944e-01 -2.822238176655726405e-01
-8.603021921279544459e-01 4.856170115596882830e-01 -1.551007940136790997e-01
-9.410047787157642674e-01 3.372418596959375625e-01 -2.789147724522647934e-02
-9.695312122868915417e-01 2.381469509560463493e-01 5.740433913781293335e-02
-9.721393880203570426e-01 1.620333371774996256e-01 1.693818405335363320e-01
-9.121150917452810480e-01 5.060924261293640175e-02 4.067981858030372266e-01
-8.997772742964688097e-01 4.009636308507703167e-02 4.345033237237281853e-01
-8.091231416820551248e-01 2.299026634527744431e-02 5.871892278030429457e-01
-6.932340848050252413e-01 2.073639356988600090e-03 7.207095140792553201e-01
-5.624836252133905701e-01 -3.987779813818462943e-02 8.258461918435250348e-01
-3.788863796585599797e-01 -7.856766775623991172e-02 9.221020729249960191e-01
-3.489197718543490256e-01 -8.457477904447696648e-02 9.333285057034778065e-01
-2.700604158211627470e-01 -7.930802865517162792e-02 9.595715754425676591e-01
-1.934873893401525824e-01 -6.547402172034716417e-02 9.789156156922290686e-01
-1.124943003274276876e-01 -5.367631485039916356e-02 9.922015347790604789e-01
-3.796484866815325824e-03 -1.174989788353392531e-02 9.999237603949525655e-01
1.867065970331565142e-02 2.508844883645192699e-03 9.998225403358300678e-01
7.502156669777425291e-02 5.906118498124911936e-02 9.954313341254745762e-01
1.311731813502610700e-01 1.303932796487535795e-01 9.827467573677836077e-01
1.906956904412416831e-01 2.339956910880814089e-01 9.533525948983143650e-01
3.051638738740091727e-01 3.763984211332495611e-01 8.747566739674552672e-01
3.161070159998239371e-01 3.851491432358563616e-01 8.670273882066084070e-01
3.276125033754077598e-01 4.315946814395143494e-01 8.404737227214319484e-01
3.111872278942619530e-01 5.513873228047416752e-01 7.740378087959943754e-01
3.088402097833365390e-01 6.788653904310061327e-01 6.661527651342011858e-01
4.102414799953171820e-01 8.008765539387781018e-01 4.362323617550618593e-01
4.137787225621866738e-01 8.116778555188808308e-01 4.122696054950878430e-01
3.454927976394422395e-01 8.605547500146927264e-01 3.742729605600984555e-01
2.781578162570265689e-01 9.253627509581857646e-01 2.575500114428665999e-01
2.730212640548506098e-01 9.575813898133973545e-01 9.218064469797224159e-02
2.684470436489158618e-01 9.577708380497867990e-01 -1.030107107905096353e-01
2.536760882596239552e-01 9.592526148131884645e-01 -1.244301539794756273e-01
2.005767803542721495e-01 9.702262982298716087e-01 -1.357567140360803615e-01
1.634607624868084641e-01 9.746649281879901094e-01 -1.526723841679671068e-01
1.256980671323224830e-01 9.451264088831865529e-01 -3.015560762955539764e-01
1.152968973693329069e-01 9.397187343367313650e-01 -3.219244100617061344e-01
7.139871994640877018e-02 9.292497969439612593e-01 -3.624872931146977395e-01
5.552959053769921521e-02 9.323759775648784442e-01 -3.571995255241149358e-01
-2.057142933701725310e-02 8.947355005039945297e-01 -4.461224052128501261e-01
