3.393552799879628878e-17 8.397556178219759415e-01 -5.429645497971590240e-01
-4.251923823227217632e-03 8.409432168956099130e-01 -5.411066688750608700e-01
5.604202530565852505e-03 8.456253660535816286e-01 -5.337474432732604024e-01
5.845106026657440057e-02 8.472002339234896429e-01 -5.280485178406408853e-01
1.274103155058499692e-01 8.355296550519331067e-01 -5.344687147359489243e-01
1.893247241593547792e-01 8.102670485089796815e-01 -5.546381333108378886e-01
2.370716752767066393e-01 7.625539784462239679e-01 -6.019206349157099067e-01
2.708280354057210904e-01 6.689365139509769742e-01 -6.922254802745936297e-01
2.667330842629255794e-01 6.141678881608131357e-01 -7.427322982822771591e-01
2.428703100627239431e-01 5.459957760034579444e-01 -8.018120883825700096e-01
2.021367316643591927e-01 4.927299876418501645e-01 -8.463792890841038696e-01
1.705305402396873893e-01 4.695807549497782452e-01 -8.662639605953583732e-01
1.239075735044143922e-01 4.643127047658788809e-01 -8.769610170476462851e-01
5.096251783453320527e-02 4.627971212382612221e-01 -8.849981052801993986e-01
-9.501236875702613605e-02 4.672164522800609787e-01 -8.790230011222757156e-01
-2.805828037995453106e-01 4.789201042933745045e-01 -8.318105697306381607e-01
-4.784027718819400810e-01 4.717056573815756049e-01 -7.406919472020011552e-01
-6.899725092813647764e-01 4.537271842179653181e-01 -5.639765764086425159e-01
-7.567809210555659361e-01 4.294111556257462214e-01 -4.928373940261133179e-01
-8.473506270173017940e-01 4.210119160601282773e-01 -3.236446839185918023e-01
-9.285766100031990211e-01 3.555296949536496109e-01 -1.065087572039592201e-01
-9.674467688530121734e-01 2.456830618420129120e-01 6.071723445447418932e-02
-9.575000345899448151e-01 1.976133872404538805e-01 2.101014824878899012e-01
-9.448922506092410911e-01 2.047547536135091995e-01 2.554488708357787741e-01
-9.332674421916719032e-01 2.083993255591697902e-01 2.925433343139055564e-01
-9.169077336475754958e-01 2.214120355048529165e-01 3.320495723696449963e-01
-8.675510391154086509e-01 2.460383559873355330e-01 4.322271647095122793e-01
-7.932504018263488721e-01 2.665854487059464151e-01 5.474358396566533225e-01
-7.535387424886820229e-01 2.832483555195148828e-01 5.932535146664250636e-01
-7.052515611079827051e-01 3.294846612602027602e-01 6.277420597259695256e-01
-6.265513060066929540e-01 4.071068042924554375e-01 6.646032732691674605e-01
-5.150328822023951814e-01 4.445149400043878485e-01 7.329035396033977134e-01
-3.943168653029709425e-01 4.704918723955541227e-01 7.893995235287164514e-01
-2.929475506904675730e-01 5.000216650848000599e-01 8.149601628240978890e-01
-1.704688723418450735e-01 5.378957760441676061e-01 8.255958440280223298e-01
-6.657365161837235090e-02 5.753693592304894855e-01 8.151797650634439174e-01
2.563772738884997904e-02 6.135322353207819379e-01 7.892533833672299437e-01
1.238615610430778419e-01 6.553497998894908250e-01 7.451006331233228641e-01
1.675827526773202014e-01 6.774222214901219896e-01 7.162507625381493437e-01
2.168789664208007339e-01 7.170015216408502923e-01 6.624744009310480353e-01
2.549178838273336578e-01 7.526721317356368512e-01 6.070432724390625312e-01
2.819721127828665463e-01 7.943002378858921020e-01 5.381253197046036441e-01
2.872462072311749992e-01 8.566594591700499306e-01 4.285139291152416652e-01
2.863521197854939637e-01 8.758782170939138911e-01 3.883810143592766329e-01
2.901229633908409822e-01 8.812682156265060351e-01 3.730884590010665192e-01
2.846117458405745260e-01 9.165021269537014792e-01 2.811049722415479013e-01
2.755863726945522729e-01 9.460248693457977698e-01 1.705552630801098202e-01
2.749917727826525216e-01 9.582525442362587187e-01 7.830444665911920343e-02
2.748250357042139602e-01 9.599405905539969419e-01 5.463755445681231504e-02
2.371388163563855900e-01 9.714145753661577176e-01 -1.090433598527643100e-02
1.649537860760864338e-01 9.773035940746253036e-01 -1.329207789173109111e-01
1.115218681176749493e-01 9.581198062907528845e-01 -2.637599471582330324e-01
7.964981145674703000e-02 9.437552406025618845e-01 -3.209080138764145440e-01
4.929898597590658127e-02 9.310010357750825305e-01 -3.616720632941822777e-01
-1.271191148794741620e-02 9.149437911624493935e-01 -4.033810435798971805e-01
-6.875176076234362776e-02 8.877118855062613445e-01 -4.552370851797947759e-01
-1.225414934747831863e-01 8.578837050857649471e-01 -4.990181669291106625e-01
-1.713769671174723563e-01 8.292731853585088020e-01 -5.319172108392138387e-01
-1.994989528521607935e-01 8.143376813724771957e-01 -5.450268878759919611e-01
-2.506658774970298986e-01 7.888401139783938198e-01 -5.611576359965162464e-01
-2.955899905994733845e-01 7.719462823413304475e-01 -5.627837014669154758e-01
-3.378657756476978191e-01 7.556146684851906548e-01 -5.611534464083731688e-01
-3.914893459897930139e-01 7.290385909439832668e-01 -5.614613298268151809e-01
-4.256239599191380951e-01 7.110838402058233809e-01 -5.596463320177225143e-01
-4.628257738958613809e-01 6.909254882631135075e-01 -5.553505853837512607e-01
-5.001659723354981990e-01 6.711405007513915333e-01 -5.471786073750116719e-01
-5.346795819834052610e-01 6.518124896736360308e-01 -5.378273170038011530e-01
-5.749078021378032366e-01 6.271363401426169881e-01 -5.255292854956838955e-01
-5.913811213173827408e-01 6.125518431268336395e-01 -5.244507687393679118e-01
-6.139737359223869095e-01 5.827345780205481773e-01 -5.324064830340824450e-01
-6.207969239747850310e-01 5.722263758120175181e-01 -5.358807274090837680e-01
