2.748452507250753740e-17 9.953322881073561890e-01 -9.650718238025030038e-02
2.406034648174927223e-02 9.949966590204291084e-01 -9.696776920896038598e-02
4.756750885762509734e-02 9.936176031825815214e-01 -1.022809402908584492e-01
7.263044000959024971e-02 9.907255642184197297e-01 -1.148376052872383535e-01
1.019812922587942372e-01 9.857896775417123170e-01 -1.334860580039471667e-01
1.337766041285927687e-01 9.784533616556840840e-01 -1.572667773323820350e-01
1.654273262924960963e-01 9.670156828988503150e-01 -1.936865218423483581e-01
1.855477686790089897e-01 9.489421963620194855e-01 -2.551092579697331053e-01
1.848461765752640873e-01 9.285868562697562334e-01 -3.218048187466395205e-01
1.605068442511715376e-01 8.972774993033579838e-01 -4.112549600824810803e-01
9.101409802901980206e-02 8.652157660236936554e-01 -4.930700885107484055e-01
-2.452025077813212856e-02 8.307627953807681376e-01 -5.560862658912819612e-01
-1.657466716659180828e-01 7.981576840833624065e-01 -5.791997515282218956e-01
-2.708886033593071452e-01 7.791912307715302966e-01 -5.652259640699388576e-01
-4.297359189555566839e-01 7.322406691432763459e-01 -5.283470851741591812e-01
-5.995360118002215355e-01 6.310730805094909579e-01 -4.922431691866799852e-01
-7.504583482558683238e-01 4.870624396402450373e-01 -4.467465136123238700e-01
-8.966204078744228756e-01 2.932687064036694768e-01 -3.317609229963981443e-01
-9.658121020068467510e-01 1.772474152628119304e-01 -1.891833433465237024e-01
-9.976930446403472486e-01 6.720372343372534030e-02 9.604594365063945371e-03
-9.819231361928139057e-01 -2.303520432025231782e-02 1.878731858759859485e-01
-9.434210621348809722e-01 -8.160674889931514298e-02 3.213985657316743016e-01
-8.878977563639459669e-01 -1.300695860044037144e-01 4.412702992956967774e-01
-8.173407424968409662e-01 -1.412236670268230965e-01 5.585785410541741491e-01
-7.252555620342847620e-01 -1.372583840448175219e-01 6.746588069148281575e-01
-6.363912848964486946e-01 -1.205702612306164823e-01 7.618851256026910601e-01
-5.488526154872931384e-01 -1.148929713533870522e-01 8.279857556784098183e-01
-4.341304712883247707e-01 -9.451135836734543549e-02 8.958785280597677536e-01
-3.543140845998256627e-01 -6.453763785965753452e-02 9.328967910512304673e-01
-2.316207419547181567e-01 2.951184503204003131e-03 9.728016870906290858e-01
-1.276692828793778434e-01 9.674743364833300607e-02 9.870868696784123042e-01
-3.557542096908818813e-02 1.879745890964695521e-01 9.815293899200807637e-01
8.112317496297662134e-02 2.639266648340588550e-01 9.611252499406602867e-01
1.596114581476898442e-01 3.097673079257402540e-01 9.373197946103601907e-01
2.211432959383310970e-01 3.927676287906406438e-01 8.926529182362588077e-01
2.350822913620157217e-01 4.939319688694150390e-01 8.371185856357314936e-01
2.754512291478955488e-01 5.513863527705750167e-01 7.874641009844681738e-01
3.340789255527383816e-01 6.181662841101247530e-01 7.115207071414075823e-01
3.615011396450968362e-01 6.868631595674368207e-01 6.305045012244828717e-01
3.776932161758588813e-01 7.701849156510969241e-01 5.139679271688543105e-01
3.845079088880145601e-01 8.278744285798043112e-01 4.083841310656287638e-01
3.542031614087664537e-01 8.982372730562737662e-01 2.602113020997829373e-01
3.175242907707566120e-01 9.476851931202421309e-01 3.272765667104118870e-02
3.393685401791904366e-01 9.384016286796813544e-01 -6.504903710253556737e-02
3.479759813513413347e-01 9.236763062314222728e-01 -1.604206897792395670e-01
2.917824542760643625e-01 9.198212559861775883e-01 -2.622820169448284999e-01
2.713315422990658088e-01 9.144589214172174074e-01 -3.002400293000084819e-01
2.861148959695804517e-01 8.821409546379566091e-01 -3.741197702003344894e-01
2.732313565430992686e-01 8.778516404865511769e-01 -3.933460602277445428e-01
3.172382425576899534e-01 8.688131812758739247e-01 -3.801625356346991502e-01
3.145339522259706366e-01 8.647764403167214065e-01 -3.914461663757242693e-01
