-5.827586677109586333e-19 9.975180619996107945e-01 -7.041105015933729616e-02
2.052227923742077839e-02 9.973473874518309357e-01 -6.983569859254511181e-02
4.403387752346593631e-02 9.967045638958581533e-01 -6.812510505984926967e-02
7.166121096132478663e-02 9.953459740650957288e-01 -6.442874169159477915e-02
1.053968826973943618e-01 9.922767211037341051e-01 -6.540952433166020985e-02
1.339970022822867812e-01 9.880644355920790156e-01 -7.598338303515617120e-02
1.597825212699828523e-01 9.797620322165896400e-01 -1.205649456659189794e-01
1.636457076017984458e-01 9.635814972537777301e-01 -2.114965260558066829e-01
1.347263872805569140e-01 9.348753224585348853e-01 -3.284157913809557239e-01
3.012469416332873295e-02 8.750009004005109281e-01 -4.831831196346380586e-01
-6.086053000596344104e-02 8.346659379598205808e-01 -5.473835656073777756e-01
-2.104934864355391400e-01 7.762603283188734826e-01 -5.942326100497064001e-01
-3.541599205093414748e-01 7.261970980459955260e-01 -5.892440288152198669e-01
-5.062416984809721132e-01 6.775871866643166097e-01 -5.334744109959137504e-01
-6.628903289679219935e-01 5.913558762283990244e-01 -4.592108877312717219e-01
-8.022267643791543001e-01 4.752972362147300234e-01 -3.612820999722958226e-01
-9.115427206521287129e-01 3.409949185535345317e-01 -2.298093426011736939e-01
-9.792266056451305323e-01 1.962168668855594766e-01 -5.112920834836583162e-02
-9.868018934611029191e-01 5.551955815625013446e-02 1.521170658529707731e-01
-9.277701771742112857e-01 -9.507868576090802715e-02 3.608358932535832286e-01
-8.600035384891786538e-01 -1.989337810428058462e-01 4.699141033700783288e-01
-7.528036731095505418e-01 -3.033284152214286711e-01 5.841904674607636405e-01
-6.137176875666158216e-01 -3.720717025167234460e-01 6.963571268782939860e-01
-4.256057034815087237e-01 -3.817647796579211605e-01 8.204361268110693661e-01
-2.186484328470851835e-01 -3.149649970071787264e-01 9.235745305462800259e-01
-8.309880605809515097e-02 -2.252324240691077339e-01 9.707548318600700554e-01
5.176237981167779167e-02 -1.172557236393599739e-01 9.917518597461978391e-01
1.674961887779497505e-01 2.538326281065763149e-03 9.858694556808990095e-01
2.479447893240814271e-01 1.373214448078036720e-01 9.589922847671582540e-01
2.952274521077834502e-01 2.852148203365507118e-01 9.118625213168569665e-01
3.171360623606214180e-01 4.150461285220753971e-01 8.527376086166463809e-01
3.187850969831705905e-01 5.399983085488225809e-01 7.789594910557551266e-01
3.000753527382752917e-01 6.367644539937205028e-01 7.102716471949860333e-01
2.352808208096575926e-01 7.270294206132691395e-01 6.450357795672018169e-01
1.397107157163522129e-01 8.152775887072947203e-01 5.619638504972042092e-01
7.095665263813172308e-02 8.656530249681499978e-01 4.955905505655679444e-01
-1.459742516774685007e-02 8.996545141842320348e-01 4.363584195204739391e-01
-1.173625764543282241e-01 9.236103818688762290e-01 3.649244965085663983e-01
-2.493463400770550564e-01 9.166660484481504723e-01 3.123295668242616063e-01
-3.250272416482303806e-01 9.054645226798092583e-01 2.729309259771934282e-01
-3.500635368539647407e-01 9.072644709228091520e-01 2.330808871753495271e-01
-3.895591361680080245e-01 9.008882644068578749e-01 1.914262638250935900e-01
-4.415027211971517818e-01 8.818661024381773128e-01 1.654917657951849030e-01
