-3.447762908503904100e-17 9.468625207131542432e-01 -3.216095747133946303e-01
-4.502169752917790230e-02 9.119467049589504715e-01 -4.077512786008713475e-01
-1.177542839920811546e-01 8.725876170213703320e-01 -4.739406900931739108e-01
-2.433526600821006580e-01 8.197388863903746214e-01 -5.180411452224962243e-01
-5.145931255362190537e-01 6.864176694303838477e-01 -5.027329806284490665e-01
-7.075521897300408591e-01 5.790378932895120512e-01 -4.012739592710853898e-01
-8.450847757871752242e-01 4.452154447011088534e-01 -2.936299561997129937e-01
-9.469955384099733031e-01 2.742324277334940996e-01 -1.612144342165786892e-01
-9.800254271552754082e-01 1.077768392516622875e-01 1.403388048102092167e-01
-9.525118925338285081e-01 -4.381380165301387158e-02 2.993229852837469007e-01
-9.146121528313341242e-01 -1.504908949442775590e-01 3.749039331685572463e-01
-8.432840440531517157e-01 -2.460989177455186749e-01 4.772957683076968771e-01
-6.749796989399985403e-01 -3.245783297640063569e-01 6.595857707967051065e-01
-4.654699816280543079e-01 -3.146088808899516476e-01 8.247240215448097267e-01
-2.966375507353296026e-01 -2.584869931811041854e-01 9.186989895257389183e-01
-1.424943051986308495e-01 -1.876647914745077916e-01 9.714377217406843235e-01
5.986349714051737714e-02 5.567480841065525904e-03 9.956617603469581912e-01
2.140769769845100590e-01 1.717298267814217072e-01 9.606346882068126369e-01
3.129852194938828047e-01 3.070554364502577904e-01 8.983529377237065017e-01
3.837075225134443102e-01 4.413005634756421158e-01 8.107823313377295893e-01
3.428757033440401059e-01 6.260235192291675466e-01 6.992861271718878724e-01
3.210087561149345126e-01 6.844415347338366207e-01 6.545817057189827759e-01
2.987728291887090104e-01 7.305300685906792602e-01 6.140411230666895648e-01
2.513880979762425638e-01 7.838132444883191274e-01 5.677937535845485328e-01
1.779639821717925452e-01 8.426002972607833374e-01 5.081632254573595908e-01
9.225730971723129781e-02 9.402686064531561305e-01 3.253513290941488223e-01
8.046050910902298459e-02 9.462858585633994180e-01 3.131586904429994322e-01
2.913932389080405028e-02 9.611125865840743909e-01 2.745908226938789110e-01
-4.593416476392036402e-02 9.694655164973214889e-01 2.408247567248546495e-01
-1.095410645335659489e-01 9.763855111027285316e-01 1.861045254798320836e-01
-1.665464401676855499e-01 9.799343354472930256e-01 1.092435734555924493e-01
-1.738966777274005282e-01 9.796597061859613209e-01 1.001339159638393733e-01
-2.037413241405683639e-01 9.762388049505400511e-01 7.379315151591771260e-02
-2.397784643917011682e-01 9.692069502637109535e-01 5.605463425682933459e-02
