-5.242117503967413938e-17 9.878987666657839117e-01 -1.551000542237906676e-01
1.778965225832921521e-02 9.847721058869841615e-01 -1.729376411873433939e-01
4.601996425760659926e-02 9.719236954827596975e-01 -2.307520163484263476e-01
5.887264111482822665e-02 9.477504368058041750e-01 -3.135332863709558993e-01
3.743049705006405714e-02 9.138674824064522140e-01 -4.042835421961644693e-01
-1.554447187330549596e-01 8.370680803358929722e-01 -5.245512065573620930e-01
-2.964802856445434287e-01 7.815559906054400097e-01 -5.488803820258828514e-01
-4.162610013022529643e-01 7.163777613567531288e-01 -5.599372123982584437e-01
-5.516590235341614079e-01 6.182609473351555751e-01 -5.598443736910925228e-01
-7.868269539856383998e-01 4.048369382735819699e-01 -4.658437483652153599e-01
-9.419625314951498574e-01 1.273236076848768827e-01 -3.106369073135971659e-01
-9.896255846880782636e-01 -7.083912560963888383e-02 -1.249920814037480399e-01
-9.798817478243927459e-01 -1.773933376784256610e-01 9.145142988450880028e-02
-9.130997916314897989e-01 -2.869170763042243055e-01 2.897021951031192866e-01
-7.664029599023023387e-01 -3.805555136266304261e-01 5.174978300450754354e-01
-6.119476420333822553e-01 -3.989313852910331137e-01 6.829156853079015876e-01
-4.517808777261134168e-01 -3.290118258205402269e-01 8.292437862240855662e-01
-2.064033570116673710e-01 -1.580317564363602489e-01 9.656208459700695856e-01
2.258115701366660011e-02 1.500170831275761006e-03 9.997438876209251424e-01
1.827394134474989162e-01 1.169463967802487347e-01 9.761812572739660965e-01
3.127001157160528844e-01 2.315352473198951100e-01 9.212003402516100170e-01
3.803631001423241065e-01 3.872427262578613250e-01 8.398612879580170665e-01
3.914454665436409297e-01 5.100579345059782499e-01 7.659055752309982257e-01
3.596679470617515917e-01 6.254905871156547503e-01 6.923875311457442505e-01
3.220168337562063221e-01 7.490128047448131321e-01 5.790379755300476550e-01
3.038111896986662175e-01 8.794116369982217796e-01 3.665159392522903126e-01
2.978311943796725925e-01 9.043968606656683784e-01 3.055534291616790465e-01
1.999463904849613505e-01 9.662874385588420267e-01 1.622036590691693925e-01
8.227138010636286802e-02 9.963798955719609385e-01 -2.141316686999722441e-02
6.670044956825202376e-02 9.784990844762370132e-01 -1.951681113977352666e-01
7.952391631319931375e-02 9.076353483781693932e-01 -4.121577624025177244e-01
7.797156348037176388e-02 8.809410061078718490e-01 -4.667583733004444513e-01
3.608675531250342405e-02 8.600629559494135101e-01 -5.089100685726039019e-01
1.642060276736862640e-02 8.296638720075220075e-01 -5.580217050350657626e-01
-4.110307493905614867e-03 8.053657026710241418e-01 -5.927640258429260900e-01
