5.645982813218264340e-17 9.983404112979636924e-01 -5.758839439863493170e-02
3.306190429587130275e-02 9.961109427584665665e-01 -8.166945696629634988e-02
5.818634474640713844e-02 9.913487165547624214e-01 -1.176523330422196839e-01
7.244248816091154730e-02 9.805225145836646838e-01 -1.825587146744389322e-01
3.323160270623169016e-02 9.332770116935202864e-01 -3.576166663146284619e-01
-4.859146633679513327e-02 8.618551211805335344e-01 -5.048213738483425805e-01
-1.535110936107329793e-01 7.836814060232050183e-01 -6.018951719294060032e-01
-2.655921517303116430e-01 7.142605876342394966e-01 -6.475280857937004697e-01
-4.611209815009945645e-01 6.084363663965445257e-01 -6.458890217875895567e-01
-5.215843357414474690e-01 5.619792330193156271e-01 -6.419728361575548492e-01
-6.496339257452681260e-01 4.543923281575009132e-01 -6.095107666254941936e-01
-7.833867982213218450e-01 3.386884140213065608e-01 -5.211480428633287199e-01
-9.082518821929750352e-01 2.141499677204971863e-01 -3.594694838483910582e-01
-9.876321456665179133e-01 1.064336631842844744e-01 -1.151287113943545437e-01
-9.888055306976467618e-01 4.201295431616547046e-03 1.491508349907616215e-01
-9.484194904294521722e-01 -5.725752133062148724e-02 3.118045003277082339e-01
-8.914855796661611542e-01 -9.455706262698276854e-02 4.430715779133720389e-01
-7.795308753437192317e-01 -4.612971281315669109e-02 6.246628402439434735e-01
-6.701921842520637274e-01 4.025119916742397191e-02 7.410953225685830148e-01
-5.857614103445162312e-01 1.116096798359224596e-01 8.027620130014411215e-01
-4.963977109799606602e-01 1.800568974532498756e-01 8.492165955828731017e-01
-3.712942659226017850e-01 2.629145827947678149e-01 8.905147333126214315e-01
-2.499054917919814323e-01 3.448335256671641869e-01 9.047856567984271514e-01
-1.587448168117357172e-01 4.149770682608205918e-01 8.958761722208390399e-01
-5.985799656131393642e-02 4.951195447062891053e-01 8.667604378935985787e-01
5.609321917281452630e-02 5.846683353305828224e-01 8.093308893305602991e-01
8.906154665224060019e-02 6.080003246221570290e-01 7.889256277794900463e-01
1.217048523985978514e-01 6.595274786682009394e-01 7.417623836406110893e-01
1.429018685438696035e-01 7.182463805905673349e-01 6.809560872297275580e-01
1.477680567068095918e-01 7.947077780923095247e-01 5.887309647510293731e-01
1.934515226900537233e-01 8.670623086146866942e-01 4.591072438425139457e-01
2.013899692533483998e-01 9.053190575111581540e-01 3.739511791547710517e-01
1.748633653344021655e-01 9.491108096971621055e-01 2.619379208513432089e-01
1.472371011449657430e-01 9.782689120950117667e-01 1.459834637034933547e-01
1.280936233451718254e-01 9.916297402655266380e-01 -1.620129251724899966e-02
1.235869758104590072e-01 9.913126700134948788e-01 -4.500499617532413565e-02
1.045281076951105198e-01 9.885396081019355297e-01 -1.089188593189935467e-01
7.176116986474555259e-02 9.856632932586053553e-01 -1.527030020079632178e-01
3.782429580227180538e-02 9.756601475973845083e-01 -2.160013866559946649e-01
2.820618340927729881e-02 9.321979159592159725e-01 -3.608482460796739177e-01
3.955993135480197903e-02 8.877005402489290820e-01 -4.587186094687704663e-01
3.818222137093375129e-02 8.702532247896123119e-01 -4.911226351070182572e-01
1.952776461374792702e-02 8.617023157323634441e-01 -5.070382485283259077e-01
3.221940115557856647e-03 8.037887606958566966e-01 -5.949060827398813256e-01
-9.104528310750086006e-03 7.479811120002506364e-01 -6.636575650552831718e-01
-2.128109030757468004e-02 7.128058912341240783e-01 -7.010384273470657845e-01
-6.104255099832927439e-02 6.283739966441268532e-01 -7.755126867492908582e-01
-8.289132371942824207e-02 5.975205704085659875e-01 -7.975576445565945027e-01
-1.116420091610711846e-01 5.569843860913568090e-01 -8.229850882251231736e-01
-1.347466810531557646e-01 5.179858417144094229e-01 -8.447094173315304877e-01
-1.871019154494357462e-01 3.644299400986262261e-01 -9.122410273578270834e-01
