9.568084172184576630e-18 5.587016020229904623e-01 -8.293687478419620174e-01
-1.124155782545954718e-02 5.289387728454960635e-01 -8.485855301372735582e-01
-3.144730480082637281e-02 4.963802298673210545e-01 -8.675354369808931931e-01
-4.737360155245237681e-02 4.627671852078306114e-01 -8.852131235870663861e-01
-9.149305856644079915e-02 4.159582245638796527e-01 -9.047694599464677356e-01
-1.882714924864744288e-01 3.571072356873605802e-01 -9.148924894962506826e-01
-3.468629899261618799e-01 2.976059359748883248e-01 -8.894474538116311502e-01
-5.213865948528062511e-01 2.386266135603501426e-01 -8.192761182949952481e-01
-6.733471339108298981e-01 1.859520002492098256e-01 -7.155595648563359834e-01
-8.132271185572380601e-01 1.196862299291750475e-01 -5.695058033140951714e-01
-9.307494839375580753e-01 1.014203559363152929e-01 -3.513108446258395579e-01
-9.788585854453775159e-01 1.144390569265522073e-01 -1.695274961463059671e-01
-9.828952939360641183e-01 1.475206178458087214e-01 1.102474873578954684e-01
-9.293407327353762071e-01 1.777064411423444346e-01 3.236452120075261618e-01
-8.448644489887606746e-01 1.897435208451331845e-01 5.002014185627727816e-01
-7.368956622496785069e-01 2.328068985386910206e-01 6.346540246074261482e-01
-6.539894844087899006e-01 2.953164663103695076e-01 6.964811117386325856e-01
-5.743226748211036625e-01 3.580742926463167386e-01 7.361632061792907633e-01
-4.870479459143869927e-01 4.182121855166647806e-01 7.667351995741106263e-01
-3.663424710087526681e-01 5.033311413352437036e-01 7.825924584976284848e-01
-2.155541954961539552e-01 5.837880354946192174e-01 7.827693903170580558e-01
-9.059990316915832176e-02 6.265939664099072770e-01 7.740617926266865068e-01
8.118826506047392352e-03 6.488562248127964782e-01 7.608677179233263033e-01
6.393276063923962471e-02 6.901411789229009441e-01 7.208451673361999656e-01
1.404331489481604744e-01 7.553067538563190686e-01 6.401486063841224095e-01
2.723780805532857729e-01 7.914565641778218419e-01 5.471806724053264182e-01
3.470479531633534065e-01 7.968190621817083930e-01 4.946080269758968972e-01
3.863411376902245453e-01 8.220246865176245032e-01 4.183490648774347287e-01
3.766072336349494121e-01 8.722210484020602728e-01 3.120856201401172036e-01
3.636154642556141958e-01 9.036110970347132065e-01 2.264305179738281826e-01
3.562605851156041559e-01 8.939744759687303644e-01 2.718235306398643081e-01
3.565199827669129351e-01 8.870150020108376054e-01 2.934244163248752590e-01
3.345280749894679051e-01 9.004018125377190040e-01 2.781502166503408979e-01
2.962421070196631923e-01 9.346965589317532963e-01 1.964254483250328087e-01
2.485674274971118314e-01 9.542583542714944134e-01 1.661482088092645359e-01
1.736991620851900398e-01 9.731034066474130162e-01 1.513220442040833225e-01
1.405501785995819375e-01 9.857560253753517854e-01 9.236181966491527340e-02
1.197844360366200206e-01 9.906845519918767717e-01 6.477505174095617158e-02
2.932918717680668697e-02 9.995696191164248345e-01 -6.126328373345091283e-04
5.986692778720850662e-04 9.993192603103941973e-01 -3.688709215678017544e-02
-5.978949543419143781e-02 9.955464969468599268e-01 -7.288613484443071111e-02
