9.405453846311750965e-18 9.746374606977431521e-01 -2.237896785034001745e-01
2.194854801704829161e-02 9.712459108681975595e-01 -2.370646364638735182e-01
4.335304008208917814e-02 9.679612363568151912e-01 -2.473288475415394150e-01
6.330418750597334443e-02 9.641804492239803848e-01 -2.575822998159069122e-01
1.111456870638456718e-01 9.596403096913241892e-01 -2.583352710387125106e-01
1.208862380468281872e-01 9.586891990311374734e-01 -2.574908485983954942e-01
1.511615433245361018e-01 9.549623899249911618e-01 -2.553370745671167397e-01
1.841341221647644355e-01 9.485150804982173112e-01 -2.577086865475670674e-01
2.216266037647020570e-01 9.396445700824928027e-01 -2.606716908646026232e-01
2.774259541709190313e-01 9.256360162333662212e-01 -2.573573496210638800e-01
2.896376953343411387e-01 9.223454187107544833e-01 -2.557126004417739074e-01
3.206219599941431686e-01 9.126056080624707079e-01 -2.536780694156323124e-01
3.459392681699929861e-01 9.034125668642124518e-01 -2.533214494862692234e-01
3.632411606692421135e-01 8.919442424871717456e-01 -2.692421354276608447e-01
3.676815542187898966e-01 8.662721428130095713e-01 -3.382053359623579669e-01
3.679961506161393836e-01 8.584070013052842452e-01 -3.573741082420116011e-01
3.529475852508812128e-01 8.384745314433723617e-01 -4.151968956849133585e-01
3.096129694121940168e-01 8.191083654603422692e-01 -4.829091993373599290e-01
2.526774627866854583e-01 8.113774577005368194e-01 -5.270870145764330328e-01
7.239789665157428389e-02 8.221098239447917067e-01 -5.647069876793552323e-01
2.348724307479984480e-02 8.230605346686535873e-01 -5.674678014510562418e-01
-6.641769109442467733e-02 8.195994400029041893e-01 -5.690742027685066207e-01
-1.465674071963789238e-01 8.107167177661133151e-01 -5.667948470851430498e-01
-2.088825119285449838e-01 7.992166705718010133e-01 -5.635785745488789411e-01
-3.146535755008134094e-01 7.819107347345009007e-01 -5.381530733271965294e-01
-3.387396319402209421e-01 7.781312480478923543e-01 -5.289302624774205874e-01
-4.060008160419974477e-01 7.721561734459879700e-01 -4.888130329507195948e-01
-4.762632612430454659e-01 7.647560488892063413e-01 -4.339602420470198840e-01
-5.563178722545878419e-01 7.448681283711273693e-01 -3.683502359806788418e-01
-6.828212529030606159e-01 6.799016365320158517e-01 -2.673740848043828500e-01
-7.175399117485163902e-01 6.568303037181554282e-01 -2.317551017031704297e-01
-7.924757057367556312e-01 5.932060442918635212e-01 -1.417351220856366278e-01
-8.578827915302954521e-01 5.138397643583771934e-01 -2.410925198943231207e-03
-8.893431640262636773e-01 4.284173357223826639e-01 1.597727231172128837e-01
-9.064878338291938453e-01 3.088538928405289430e-01 2.879046369840314035e-01
-9.088316866217158729e-01 2.886209305887906806e-01 3.012024631678622555e-01
-9.129275192363605074e-01 2.052174225826783327e-01 3.527735167064943167e-01
-8.933569358330880616e-01 1.112754000850029179e-01 4.353517779162482393e-01
-8.608019588833650815e-01 1.586571149960654820e-02 5.086927036838377880e-01
-7.622211924535888805e-01 -1.257813722291927228e-01 6.349786611963982308e-01
-7.365828975811822277e-01 -1.514670602363485663e-01 6.591686921071628902e-01
-6.660999533533129568e-01 -1.844802996764696723e-01 7.226879486846272682e-01
-6.204528751887508076e-01 -1.752734459801736366e-01 7.644065991370349034e-01
-5.778511068950769047e-01 -1.502606602585679352e-01 8.021906458185569244e-01
-4.596119501202854951e-01 -1.622470287526197874e-01 8.731739557313734634e-01
-4.195399641168462979e-01 -1.646913359675369060e-01 8.926718223210942105e-01
-3.163735703121287046e-01 -1.565438124538629516e-01 9.356290925309913575e-01
-2.165690210397678561e-01 -1.243223434310551101e-01 9.683190662429855822e-01
-1.091980549974294334e-01 -8.425631786506609933e-02 9.904426574439326725e-01
5.345430156565842555e-02 -2.920868777182591969e-02 9.981430209157280409e-01
8.159778598232193814e-02 -1.845640577195143892e-02 9.964944367174181084e-01
1.981448986396187606e-01 2.490829958067252575e-02 9.798562015699521233e-01
3.005247110752651274e-01 7.496864104102446413e-02 9.508231175637192889e-01
3.795755753068133509e-01 1.373568185990968193e-01 9.149073652642853993e-01
4.468662108880399608e-01 2.824996068121446435e-01 8.488254011971774204e-01
4.564759306108873149e-01 3.124208165425840789e-01 8.330804031807431675e-01
4.880918833157184555e-01 3.973519689182420378e-01 7.770956995364930453e-01
4.925146893835469775e-01 4.809783591503958844e-01 7.253199974979462894e-01
4.790571894250871265e-01 5.681814710279123881e-01 6.690844679415999252e-01
4.587525947883348554e-01 6.890742326537309115e-01 5.610015674377759609e-01
4.431586930950807135e-01 7.011878916214154822e-01 5.585211843589947822e-01
3.698003921107708147e-01 7.293077408893186009e-01 5.756369420682089233e-01
2.782193862104494486e-01 8.324468591322831124e-01 4.791932802716225015e-01
2.372423988163554764e-01 9.012821482990625022e-01 3.625003908429454413e-01
2.083409267273865773e-01 9.276687994027632556e-01 3.098784549868048854e-01
1.924448880689577368e-01 9.350411872092648791e-01 2.977632335907419159e-01
6.943523942821235029e-02 9.710798642723096341e-01 2.284352090427818616e-01
-5.202698781950774315e-02 9.893750437649522222e-01 1.357579291000250987e-01
-1.202434927613280358e-01 9.841716334958414691e-01 1.301833256246119619e-01
-3.098012424599615455e-01 9.507930056653294271e-01 -3.981274689418862200e-03
-3.645792531494647104e-01 9.295114014163557981e-01 -5.559247080298565513e-02
-4.440394261043462687e-01 8.834993145160467964e-01 -1.491909826852756138e-01
-4.757586825643175255e-01 8.641787285553023112e-01 -1.638560376586900569e-01
-5.356186654933267066e-01 8.256322406844057715e-01 -1.773246974270506759e-01
-6.041656305465749055e-01 7.547435486309818087e-01 -2.556287672899355545e-01
-6.138648240451813898e-01 7.402517182741182866e-01 -2.742213912009666132e-01
-6.305872191066016486e-01 7.186848211878018589e-01 -2.930049263982780205e-01
-6.510023092865387939e-01 7.011199035339690244e-01 -2.909069854302436253e-01
-7.007358797249063631e-01 6.518685106222169567e-01 -2.898907927570897880e-01
-7.216424837961864514e-01 6.379192530564405939e-01 -2.688701399567896000e-01
-7.229513077513330943e-01 6.348877470028074788e-01 -2.725049638563236121e-01
-7.324657904621797444e-01 6.217366607035239578e-01 -2.773759011519300044e-01
-7.609687609792019636e-01 5.897031717143110807e-01 -2.705119481351232480e-01
-8.071104048016832788e-01 5.258398880806944842e-01 -2.684496350605559689e-01
-8.535144300623204172e-01 4.598196673797394496e-01 -2.451101612870792701e-01
-8.607668813529842922e-01 4.454640027724474094e-01 -2.462563668208532230e-01
-8.697517565903611914e-01 4.345909809497881526e-01 -2.338002591638471406e-01
-8.705700181636255586e-01 4.400813803365750676e-01 -2.200823076842826354e-01
-8.663496351512819382e-01 4.524644803745837551e-01 -2.114573329837453053e-01
-8.554394420881957783e-01 4.610900002772221340e-01 -2.358375978596032596e-01
-8.526280626661154605e-01 4.624426533166738906e-01 -2.432533229940777031e-01
