-4.325966668217162692e-17 9.534750304934113130e-01 -3.014719990738585764e-01
4.306062959956400565e-02 9.371723120280348596e-01 -3.461991330816944767e-01
6.077341668939289371e-02 9.317223127331334398e-01 -3.580504486509112350e-01
9.695316496536432460e-02 9.163575497897833433e-01 -3.884442363408985299e-01
1.405942347983222818e-01 8.929225728787811844e-01 -4.276944469887491995e-01
1.987312766838531808e-01 8.553270191850946835e-01 -4.784574901906609723e-01
2.995745985050622395e-01 7.669157935103851909e-01 -5.675343386922653277e-01
3.278246559340518562e-01 7.426879445575755856e-01 -5.839054820521589750e-01
3.970101439812701027e-01 6.757891653663464782e-01 -6.210410208266665677e-01
4.549034878322934516e-01 6.169613093363379708e-01 -6.422005602146465542e-01
4.828103163563282618e-01 5.784484681638248915e-01 -6.574888349613449146e-01
4.531388836804793319e-01 5.483901248724555311e-01 -7.028039719859169310e-01
4.382022707588674737e-01 5.427586709414830013e-01 -7.165136391022903783e-01
3.802236020881282763e-01 5.483649526365097504e-01 -7.447992287422745550e-01
3.399153098779677529e-01 5.752616053358097226e-01 -7.439970883928460621e-01
2.960484625327567398e-01 6.191884759366138580e-01 -7.272970088617745077e-01
1.098410777361196189e-01 7.085131370534201167e-01 -6.970968887209936238e-01
4.439178226209004180e-02 7.259744231343594478e-01 -6.862874810327879160e-01
-6.326108983781146555e-02 7.332268986442914693e-01 -6.770349692719027646e-01
-1.840844426236580844e-01 7.438792128850467700e-01 -6.424613876502308640e-01
-3.117630392347728874e-01 7.427831930341115552e-01 -5.925174558721009177e-01
-5.195560155682367176e-01 7.072517166807212874e-01 -4.794335782348069230e-01
-5.681126677337269282e-01 6.938293432072459854e-01 -4.425481208468401428e-01
-6.765079921293949416e-01 6.449265758176333518e-01 -3.555371265974864858e-01
-7.417922642080847506e-01 6.141488912697710134e-01 -2.693796133955828620e-01
-7.942654370478070547e-01 5.870258138762335376e-01 -1.566624056824155453e-01
-8.516686410511156158e-01 5.233832075858120270e-01 2.702857501483493796e-02
-8.610892341283629126e-01 5.028941381089813145e-01 7.498544341306945249e-02
-8.696226505043956889e-01 4.424109572902053533e-01 2.191551747033901043e-01
-8.523496885587662497e-01 3.733503418350779812e-01 3.662096812830114567e-01
-8.094186164338884604e-01 2.920597072874652755e-01 5.094532665018549622e-01
-7.336933089610863101e-01 1.365309845468991590e-01 6.656225797284722745e-01
-7.189482602555611335e-01 1.121319231750659978e-01 6.859590591868897080e-01
-6.552518060475345241e-01 4.484857856404488030e-02 7.540780302277936276e-01
-5.767370586285367473e-01 -1.139445000889907460e-02 8.168503729040579309e-01
-5.021905230768546335e-01 -5.702049078030053952e-02 8.628750443505528445e-01
-4.162864373402115903e-01 -8.980705842335585942e-02 9.047874304741077012e-01
-4.007210149493476425e-01 -9.392977956526031569e-02 9.113725169703035256e-01
-3.491710910778692556e-01 -1.032153249602744821e-01 9.313571526803429146e-01
-2.961598093426612843e-01 -1.134836999799804236e-01 9.483727205951111294e-01
-2.479532304805204812e-01 -1.212188679869619506e-01 9.611582499974878901e-01
-1.737478791837658576e-01 -8.802473636564274451e-02 9.808482656695185486e-01
-1.504316110796139194e-01 -7.814847781838961394e-02 9.855268366729850182e-01
-7.752170537648643556e-02 -4.950650114586560568e-02 9.957607601928364360e-01
-8.315194381431485066e-03 -2.237174040510574516e-02 9.997151408144449025e-01
9.052344047282966100e-02 -1.020073011650483689e-02 9.958420817730351260e-01
2.646462647517286992e-01 2.715032126058807699e-02 9.639632848861023895e-01
2.879002747127152317e-01 3.497423969233628971e-02 9.570215433198387966e-01
3.801948891815267739e-01 7.210294442551677674e-02 9.220916503501249695e-01
4.864724385454249900e-01 9.595868805330674822e-02 8.684103273929644207e-01
5.602060328886581120e-01 1.216038970664013591e-01 8.193788457932116298e-01
6.284501921652199119e-01 1.881771278196069930e-01 7.547448075562105396e-01
6.334983410161099115e-01 1.972594982497924976e-01 7.481768121774934333e-01
6.158016540101571845e-01 2.160150308447738032e-01 7.577109141140083715e-01
5.539597532683445680e-01 2.395430387313473852e-01 7.973378984810812753e-01
5.189908823764073365e-01 2.831122362657095270e-01 8.065332762427024349e-01
5.543076059378753140e-01 3.699255464823050232e-01 7.455857885308632138e-01
5.669103714935170846e-01 3.884064214543647697e-01 7.264661605787958720e-01
6.127668321802312024e-01 4.180796365487891020e-01 6.706163037706709407e-01
6.358207453724755709e-01 4.336987307402886960e-01 6.384648703791399038e-01
6.335386346900436783e-01 4.793076448860360550e-01 6.073656064586445691e-01
6.579296473113921406e-01 5.994473747780193484e-01 4.558414461854559674e-01
6.593330666246737248e-01 6.140634046035348126e-01 4.338272033679067552e-01
6.489633330828794566e-01 6.823200789858085979e-01 3.365797114009688173e-01
6.133969311152732695e-01 7.538901881036622621e-01 2.353588519248626110e-01
5.295744278688381268e-01 8.405607763063961402e-01 1.140548406801804582e-01
3.404010996993829252e-01 9.325900489936099769e-01 -1.200120487348961262e-01
2.918767529961401319e-01 9.440762107098186195e-01 -1.533886222384841513e-01
1.997042656040654007e-01 9.601184907447228856e-01 -1.956800705989666933e-01
5.300340166559256577e-02 9.461298229057014675e-01 -3.194197827629063902e-01
-9.227094808303491769e-02 8.979420277759901925e-01 -4.303326467901324448e-01
-1.898201243619785095e-01 8.480764671002900545e-01 -4.947066063212554043e-01
-2.179791719673764838e-01 8.379800357583500059e-01 -5.002744649278548783e-01
-2.828608301784129586e-01 8.239799795472279031e-01 -4.909651149074942267e-01
-3.099130182758860763e-01 8.073248453187945595e-01 -5.021757812102399798e-01
-3.346360151498866120e-01 7.864902679253203965e-01 -5.190874645215028949e-01
-3.754419894692758719e-01 7.653260993925583566e-01 -5.227994588098999751e-01
-3.854219285462429645e-01 7.621122417385736147e-01 -5.202257855853558155e-01
-4.583403969223278640e-01 7.328740295468355592e-01 -5.028118309714553202e-01
-5.323158188216440267e-01 7.002163530246338086e-01 -4.757488076591720461e-01
-5.878780132999985586e-01 6.766940655172446473e-01 -4.432658154789173022e-01
-6.499344211914392933e-01 6.429456650053528843e-01 -4.052235432466544385e-01
-6.587509474844601698e-01 6.373781138938798829e-01 -3.997453303259544954e-01
-6.733942309727998232e-01 6.307656997094834850e-01 -3.855837675039721635e-01
-6.789568753521472155e-01 6.306458555767562313e-01 -3.759034001654016910e-01
-6.728875712210475868e-01 6.404722723695431830e-01 -3.701588643029279369e-01
