-4.472333961502705790e-18 9.915206933823489388e-01 -1.299488922407036895e-01
2.789640125495703241e-02 9.870484979515277146e-01 -1.579780158397224854e-01
5.501145141651063442e-02 9.770150458199347021e-01 -2.059498493675578912e-01
5.219693187976238991e-02 9.498128341853648848e-01 -3.084332347836463706e-01
5.035685515648492816e-02 9.378449131115015325e-01 -3.433818662795526944e-01
3.006326163099211357e-02 9.075342132470827217e-01 -4.189007663947456606e-01
-4.376384440010262084e-02 8.603738223402310759e-01 -5.077810667551362345e-01
-1.425788306818427109e-01 8.109005319118812727e-01 -5.675487682890578700e-01
-3.391452415813644983e-01 7.449104143197240457e-01 -5.745337063660711507e-01
-3.770134749153488674e-01 7.360851671795284323e-01 -5.621738755852490055e-01
-5.113271748586684096e-01 6.865924504716540699e-01 -5.168513589092922356e-01
-6.669178740405856676e-01 6.200700174874140824e-01 -4.131993740294668815e-01
-8.210582796747101231e-01 5.150965778735687728e-01 -2.460463713216351211e-01
-9.732369163461551675e-01 2.295812419124565462e-01 1.011721418974656506e-02
-9.860586686808806567e-01 1.483092400508640718e-01 7.544979280836111579e-02
-9.738618321463159422e-01 2.755916992903905197e-02 2.254631323330781034e-01
-9.258411886430565341e-01 -3.514282394601676851e-02 3.762752653804281033e-01
-8.549310861496420832e-01 -9.294848911846483042e-02 5.103463689550341575e-01
-6.684183222534594293e-01 -1.642723116480429568e-01 7.254181925632132710e-01
-6.205045466063565662e-01 -1.712753726174428004e-01 7.652704452516090328e-01
-4.830275037549448536e-01 -1.343971650831793929e-01 8.652293526192181838e-01
-3.347339752397461843e-01 -5.039045459275429129e-02 9.409643818477574362e-01
-1.726126927656941035e-01 4.879105879468760565e-02 9.837806111516272933e-01
1.053056218910192188e-01 2.078316993294787585e-01 9.724796711252975401e-01
1.755710365094587111e-01 2.413850806567766072e-01 9.544150323498240551e-01
3.017901238397592278e-01 3.117217445828879274e-01 9.009729602529608083e-01
4.379090374049027790e-01 4.164919587686612412e-01 7.967246219617887260e-01
5.145416502057705843e-01 5.358002977286411284e-01 6.694512164134308607e-01
4.595753255261476045e-01 7.449891931613010776e-01 4.835096919818763772e-01
4.419199515629788633e-01 7.794828843740442270e-01 4.439743116200472461e-01
3.804922812614112693e-01 8.754345059574982768e-01 2.980604799020458717e-01
3.409271856455476923e-01 9.284800893068438921e-01 1.472867198649004672e-01
2.482330876001392073e-01 9.686734760850977954e-01 -7.213248208321754174e-03
8.467718890335623749e-02 9.714207728740151815e-01 -2.217463769901920623e-01
5.227978908781211187e-02 9.672937009351962878e-01 -2.482130532103921650e-01
2.673168075436534175e-02 9.545172801989455502e-01 -2.969548434453531116e-01
-4.700529728150769360e-02 9.352503443153785678e-01 -3.508522416708246272e-01
-8.371484630930359216e-02 9.143686060371898350e-01 -3.961336602726613920e-01
