4.729831977468013093e-18 9.148836393422782320e-01 -4.037176320942995056e-01
1.343182534497636485e-02 9.138133561626025081e-01 -4.059122271707793494e-01
3.167911132223867610e-02 9.135249223684804853e-01 -4.055473463326999539e-01
5.255733202471492976e-02 9.147940715210676199e-01 -4.004866209505032471e-01
7.908210842223278858e-02 9.252616150334951328e-01 -3.709945604360021520e-01
1.525427151736402642e-01 9.588635132585432430e-01 -2.393981683073977962e-01
1.585395883559169439e-01 9.621891006539897706e-01 -2.214889015427243257e-01
1.779126718353148395e-01 9.789627824434781189e-01 -9.989470351797030689e-02
1.866464701752348632e-01 9.816624366510031674e-01 3.875507243626555298e-02
1.894017615650958886e-01 9.703468189748545303e-01 1.501799707731346079e-01
2.210212772997783570e-01 9.686822015415311737e-01 1.131564730690511611e-01
2.310147412242830878e-01 9.676546054008666742e-01 1.013743260572942118e-01
2.889961163319623161e-01 9.571399306795518314e-01 1.908920752114801056e-02
3.249682813716598395e-01 9.400645108598988386e-01 -1.033166565665421810e-01
2.996088993682951007e-01 9.273577177749676714e-01 -2.241476537966043403e-01
9.211212781051476839e-02 9.149488052981338271e-01 -3.929173444806637328e-01
-3.988351149881857322e-02 8.885447169124416344e-01 -4.570531605377129436e-01
-1.252744790630259120e-01 8.630189550432936230e-01 -4.893920597347988233e-01
-3.216284958330739019e-01 7.929929435082815337e-01 -5.174140529732701443e-01
-4.563003769456122627e-01 7.469512367470747538e-01 -4.835843420969162532e-01
-6.374577397653214961e-01 6.161392518479966718e-01 -4.626230132034923059e-01
-6.550752682431778551e-01 5.996117675540129088e-01 -4.597196114447161253e-01
-7.314662545236083613e-01 5.185362259564638698e-01 -4.428061662443631974e-01
-7.898314844459161099e-01 4.572796439772971455e-01 -4.087316398102273096e-01
-8.367763263043240807e-01 4.129287354005356514e-01 -3.595764720016504379e-01
-8.997055919793892631e-01 3.436283535859491756e-01 -2.691642665229302400e-01
-9.057828249812301946e-01 3.354645377920993932e-01 -2.588841784523633338e-01
-9.365590150458092955e-01 2.957290919743404967e-01 -1.881529045655569443e-01
-9.574338548512526526e-01 2.699625314459316305e-01 -1.021794754340357159e-01
-9.680906901836816569e-01 2.503201890052087486e-01 -1.184139164454689475e-02
-9.633181471805033480e-01 2.039333613685418711e-01 1.744400511168520684e-01
-9.602722582676966878e-01 1.970435744766672048e-01 1.976133086583903853e-01
-9.289294339555299596e-01 1.596036337351491030e-01 3.340909858550436540e-01
-8.782351007572575252e-01 1.004379172663030506e-01 4.675631856477762693e-01
-8.217595465707803193e-01 5.434560515617285065e-02 5.672369899962405038e-01
-6.607207807655802734e-01 1.039869250918258776e-02 7.505597358362768867e-01
-6.428894740150031817e-01 2.144332806682042116e-04 7.659589272402801408e-01
-5.269088756980837562e-01 -5.923509796082131185e-02 8.478550818861400051e-01
-4.333951401451128782e-01 -1.226232430721332922e-01 8.928225987042834877e-01
-3.369371176759645148e-01 -1.869160376302196336e-01 9.227869600340218303e-01
-2.391251752913083339e-01 -1.908819134821013452e-01 9.520416197033158001e-01
-2.317235207418570364e-01 -1.901678227806988253e-01 9.540127929508319671e-01
-2.041062437530711815e-01 -1.991693778165408157e-01 9.584738912464877414e-01
-1.805531606266070899e-01 -2.232426345968201442e-01 9.578952355482373004e-01
-1.223757606337723958e-01 -2.582314335699898433e-01 9.583009443414387540e-01
6.673625394469316630e-02 -2.738031504879097078e-01 9.594676165417592717e-01
8.339443794249867814e-02 -2.739908604047557317e-01 9.581097933613436091e-01
1.726924248227667547e-01 -2.576085214277563096e-01 9.506919459512835902e-01
2.467438176367124925e-01 -2.365118935254529875e-01 9.397763631200063417e-01
3.087608283014405264e-01 -2.086957391863601130e-01 9.279616583415863929e-01
4.317280395456016273e-01 -1.606933801283941810e-01 8.875745250135465003e-01
4.413865468595509767e-01 -1.590670788497741683e-01 8.831056452529342238e-01
4.715491709216378391e-01 -1.647408655863429605e-01 8.663150850637303391e-01
4.892512357406608725e-01 -1.744180615481339680e-01 8.545241764467685908e-01
5.281988316599763866e-01 -1.666001435368289207e-01 8.326165902782287631e-01
6.451335124599087978e-01 -1.206972656212528389e-01 7.544765875576878722e-01
6.577092646994390224e-01 -1.172058233291607271e-01 7.440976536088906856e-01
7.542710572798663193e-01 -1.058736824115235065e-01 6.479706285955686429e-01
8.439180860119694927e-01 -1.022603667626506979e-01 5.266356249737215167e-01
9.020897814750198362e-01 -1.058042557065351497e-01 4.183772049631014900e-01
9.133232777495442489e-01 -8.482985463951803196e-02 3.983020036136738495e-01
9.376699346061736495e-01 -1.079233814099695397e-02 3.473594955850558552e-01
9.535280636248005814e-01 5.469361572927797926e-02 2.962985661092480960e-01
9.004893647652727484e-01 2.373180482409937841e-01 3.644160368640778636e-01
8.123030954836933937e-01 5.219151077289806429e-01 2.603234553240562632e-01
7.799448995588547096e-01 5.886782937850739694e-01 2.124707511127638948e-01
6.846676922800957188e-01 7.053976571272706497e-01 1.834238165212077054e-01
6.240820919888135920e-01 7.716705625854295425e-01 1.226624852917661268e-01
5.959434994112079442e-01 7.994393619283007846e-01 7.581590934094720180e-02
5.422419781416898399e-01 8.386391894867024632e-01 5.155528099113006191e-02
4.541817152204022379e-01 8.907174855234311073e-01 1.847513307853883291e-02
3.680248008213438671e-01 9.297958757975689492e-01 6.113536639461025074e-03
3.561796216851803587e-01 9.343862963333131599e-01 7.637167060870182420e-03
2.809204558917519634e-01 9.597057939344008082e-01 6.963228440311079390e-03
2.229035654770686603e-01 9.748036625062983518e-01 -8.474671788190439592e-03
1.888780286785441964e-01 9.818860604843299145e-01 -1.499514951810689695e-02
8.062777182788866126e-02 9.945885039169913844e-01 -6.551999913179754054e-02
6.545130901353693464e-02 9.953638231013547388e-01 -7.047684591033774593e-02
3.007203154781040028e-02 9.959841598273115881e-01 -8.432808720510516498e-02
5.435351999670630721e-03 9.952472345571755641e-01 -9.722859175640717611e-02
-2.056237624034578867e-02 9.935004456054500332e-01 -1.119555861273672515e-01
-5.559920891102544671e-02 9.881178455678818473e-01 -1.432893968120315664e-01
-7.783005373038595631e-02 9.838401120282234125e-01 -1.612486176704091001e-01
