-2.940898392866930777e-17 8.037431943921730104e-01 -5.949763671510537311e-01
7.963922382154084434e-03 7.786755378820754414e-01 -6.273762687927806336e-01
1.098460964728253594e-02 7.716991664624940350e-01 -6.358928642719534619e-01
1.506514300752177793e-02 7.518405021660692356e-01 -6.591728914092538361e-01
3.089455865416103342e-02 7.657698922149677179e-01 -6.423721650434748298e-01
3.646809660179473056e-02 7.866355548042596180e-01 -6.163396643475386183e-01
4.387970146622949263e-02 8.075622227309821044e-01 -5.881477945355489956e-01
5.982098789992607718e-02 8.384089601121893498e-01 -5.417488947937727506e-01
6.485601209909135079e-02 8.468662408764688898e-01 -5.278364024566335466e-01
7.671259265845116471e-02 8.623394294602896304e-01 -5.004856506691488516e-01
8.705404887626394528e-02 8.787127643162617741e-01 -4.693457897988678740e-01
1.008839897938213631e-01 8.942233451117206355e-01 -4.361043793181683115e-01
1.468842762148271364e-01 9.181617003371498331e-01 -3.679729629128207224e-01
1.534041227403100949e-01 9.207750462557051652e-01 -3.586648704836865598e-01
1.808057514495447771e-01 9.312020018052716841e-01 -3.164997821114888255e-01
2.104978738204486277e-01 9.305766098842660483e-01 -2.995293278685356997e-01
2.369980046149735564e-01 9.219466803562175183e-01 -3.063433766032348515e-01
2.892865774435394166e-01 8.779980168274931218e-01 -3.813564717662364933e-01
2.951171811655780575e-01 8.709630175415705722e-01 -3.928476440756201726e-01
2.926552103772459001e-01 8.523258402063160766e-01 -4.334669421716578208e-01
2.714939276761512699e-01 8.326310623458540450e-01 -4.827178899230804010e-01
2.308441872393989791e-01 8.028513647797634878e-01 -5.496732186390862474e-01
1.213009967429401481e-01 7.289059298022664279e-01 -6.737820223842890810e-01
9.612237034705929661e-02 7.108477278245189934e-01 -6.967467242589526766e-01
2.617605863846989359e-02 6.776457635433056348e-01 -7.349224674113352673e-01
-2.070825883988270527e-02 6.702096083839937934e-01 -7.418829077729141019e-01
-6.536804434027877753e-02 6.634636600199175227e-01 -7.453475636319628617e-01
-1.922557625138394954e-01 6.655171330404673347e-01 -7.211966912083130898e-01
-2.116676002738151208e-01 6.654447493203041741e-01 -7.158073152716184495e-01
-3.225862490558539797e-01 6.625025977629150908e-01 -6.760387709868893591e-01
-4.476062295478528963e-01 6.537549026377593719e-01 -6.101255531012029776e-01
-5.811426753194477435e-01 6.402430945692542119e-01 -5.023564180728060657e-01
-7.791484968006143763e-01 5.741197758930763895e-01 -2.516229378690000296e-01
-8.037074217730655334e-01 5.562895071664900604e-01 -2.111785131194826026e-01
-8.689212749216025378e-01 4.920574330160629728e-01 -5.343501288724308851e-02
-9.062228263904761327e-01 4.158085500599131290e-01 7.657309335484481505e-02
-9.257519231796421666e-01 3.387110582679945803e-01 1.681017422163412212e-01
-9.241567319781683887e-01 2.247291052536902756e-01 3.089193486839366676e-01
-9.203457683525372302e-01 2.015135212648802576e-01 3.351954167690931463e-01
-8.944036200567749839e-01 1.500023937801497897e-01 4.213566734840692996e-01
-8.585704524952679773e-01 1.097222582361311455e-01 5.008171364376765577e-01
-8.108911039351500705e-01 7.656603285171796613e-02 5.801665796753406878e-01
-6.682110150499610546e-01 2.367561803311851731e-02 7.435949868555129516e-01
-6.498024120128379488e-01 1.573740663771676720e-02 7.599402340806922229e-01
-5.437670009807049620e-01 -2.376596403751201833e-02 8.388996528773973171e-01
-4.259692453952935165e-01 -6.072872642415483302e-02 9.026971938387002847e-01
-2.923992673717096258e-01 -9.072282717885112036e-02 9.519832125983966886e-01
-7.064045156821253946e-02 -1.332811121716299951e-01 9.885575712827919803e-01
-3.968091896649897365e-02 -1.411467609398875389e-01 9.891931138792631195e-01
7.670528396962193740e-02 -1.659391019309673643e-01 9.831482664692459128e-01
1.771284925747095007e-01 -1.886667251112452426e-01 9.659349688017351276e-01
2.784069672912515281e-01 -1.996561436213166452e-01 9.394822962025159985e-01
4.274117978534666684e-01 -1.830174470349502647e-01 8.853382230178907797e-01
4.652655814315845850e-01 -1.762606054793022792e-01 8.674446020877641939e-01
5.368481956994426429e-01 -1.394105213308572400e-01 8.320809583907757823e-01
6.198379571028482804e-01 -6.854252579462265238e-02 7.817306627555689058e-01
6.883226739076290235e-01 2.117693258754333938e-02 7.250954655152893613e-01
7.352179433246541773e-01 1.914676919688617640e-01 6.502266518265631401e-01
7.369923697212105163e-01 2.097214574726646297e-01 6.425411716366942194e-01
7.326681774926789847e-01 3.162760585066237695e-01 6.026332188861404093e-01
7.129163368854402050e-01 4.271791200905891706e-01 5.561189584616543780e-01
6.820432195532610820e-01 5.272906910806766101e-01 5.067361974055972773e-01
6.006796530925199162e-01 6.651753271442482074e-01 4.435377532061868244e-01
5.822218993098339235e-01 6.829222386788839083e-01 4.411744279555093740e-01
5.030777187539230422e-01 7.482889282581794976e-01 4.324077806186811257e-01
4.189335873980967184e-01 8.073158182952245854e-01 4.156149887577123558e-01
3.360142032258598421e-01 8.516089201745666859e-01 4.023141835799465826e-01
2.039443916435294268e-01 9.064345003334944861e-01 3.698421037717566917e-01
1.812447558744512965e-01 9.157638400011079982e-01 3.585065240890825122e-01
1.056477055073781618e-01 9.379689423547871163e-01 3.302314726050021854e-01
2.073166803915107298e-02 9.528468525688764679e-01 3.027425861848647148e-01
-5.909815500697600948e-02 9.598819639577852447e-01 2.741058615632230300e-01
-2.090230978524041383e-01 9.511794840976824927e-01 2.270835388042259095e-01
-2.245559813038457420e-01 9.487980517432602623e-01 2.221640571038900058e-01
-3.134255040822038207e-01 9.263998251060594491e-01 2.086811381852189951e-01
-3.774958593074014823e-01 9.032271889869100123e-01 2.041507317659452814e-01
-4.263516519645439429e-01 8.811447548434546695e-01 2.044705110253622893e-01
-4.998129509353995692e-01 8.405928351762591566e-01 2.087838583980728135e-01
-5.081688929014671618e-01 8.362225310681037360e-01 2.061461976883186553e-01
-5.221547476327395021e-01 8.299927815036086676e-01 1.961285348349209590e-01
-5.293927851044160082e-01 8.424498215052883543e-01 1.001078284905691923e-01
-5.477096758977625379e-01 8.322065282293941157e-01 8.629255645967763566e-02
-5.743990442339004243e-01 8.175450428875823405e-01 4.105899211041239005e-02
-5.780921439442402443e-01 8.153460757585321295e-01 3.194135023936837264e-02
-5.851562379394794622e-01 8.109204315053546441e-01 4.805909742229969028e-04
-5.913886747366019492e-01 8.056385652258460928e-01 -3.472661247697014786e-02
-5.974769282364698064e-01 7.983398251552041858e-01 -7.533155909889649449e-02
-6.069425588431303087e-01 7.807816705899646159e-01 -1.483263737023773343e-01
-6.073088628593901195e-01 7.785231960923298944e-01 -1.583590169160507544e-01
-6.002554844924441468e-01 7.745157488636293941e-01 -1.995462555372867208e-01
-5.787030818157657963e-01 7.803057698449697988e-01 -2.371194817883681416e-01
-5.487436556593419112e-01 7.915732657991678689e-01 -2.688720239178138405e-01
-4.783774519480761267e-01 8.156422674064541800e-01 -3.253962278326603674e-01
-4.640581322965585676e-01 8.187923198939950353e-01 -3.379780861713365114e-01
-4.293410312452158317e-01 8.197370806561172785e-01 -3.790743957149846910e-01
-3.928728420077196581e-01 8.178682479473317057e-01 -4.204074916225201686e-01
-3.447847720220780232e-01 8.192317158753664730e-01 -4.582388642243110932e-01
-2.130226499149965591e-01 8.120906178492478533e-01 -5.432588508477516065e-01
-1.673254675984234274e-01 8.058636747423568725e-01 -5.679664828347830152e-01
-1.102515657391227866e-01 7.977922952131253354e-01 -5.927664345681569191e-01
-4.695060186847219846e-02 7.928155989310560203e-01 -6.076504480997104718e-01
-8.270924771671163411e-03 7.900353931500366800e-01 -6.130054399217745864e-01
3.511992080318465659e-02 7.862329747824183812e-01 -6.169313580355331172e-01
3.925354188342488476e-02 7.862538890133979885e-01 -6.166554803623440772e-01
5.003089048592714028e-02 7.914592434948235500e-01 -6.091708921836190838e-01
