-2.032879073410320814e-18 9.583824214974908662e-01 -2.854875376695201750e-01
6.054300169772651105e-03 9.597775319271816263e-01 -2.806963388739195930e-01
2.618223795238319718e-02 9.576619101694879843e-01 -2.867022082690200424e-01
4.588537804522833941e-02 9.498029400135932221e-01 -3.094655186336290331e-01
5.526874470325816163e-02 9.334116601721061945e-01 -3.545250886942681312e-01
-1.195338020510734560e-02 8.770369191196041303e-01 -4.802742541536712539e-01
-1.116921459426813146e-01 8.138392474009028543e-01 -5.702548061390194656e-01
-2.145197604331263441e-01 7.566754058817607431e-01 -6.175950149712889914e-01
-3.199618067368813490e-01 7.167249544680438511e-01 -6.196206757948374833e-01
-5.508872362349471752e-01 5.480403770073736247e-01 -6.294243386802239604e-01
-7.019632492033169857e-01 3.731117680034664041e-01 -6.066590519766841272e-01
-7.975237231969642959e-01 2.103899487719185502e-01 -5.654131059621821942e-01
-8.730772565499111959e-01 3.067323442955908336e-02 -4.866161287759682708e-01
-9.369879111179433284e-01 -2.192806447739967801e-01 -2.719736260124006599e-01
-9.327679093068822480e-01 -3.453460776429936874e-01 1.033446371316251583e-01
-8.807881549486784589e-01 -4.091343149357376530e-01 2.383722686139630731e-01
-8.241784447140124703e-01 -4.458442376699888743e-01 3.492174208215537146e-01
-7.352176106160759339e-01 -4.459936577487596532e-01 5.104358160316251336e-01
-6.436368062631450115e-01 -3.861984280754907628e-01 6.607438503500421279e-01
-5.727328839108498659e-01 -3.190007110021248482e-01 7.551262080389609110e-01
-5.122963325592594375e-01 -2.415067760166774713e-01 8.241522582535119046e-01
-3.544431690748731101e-01 -3.393877167652373239e-02 9.344614490032479015e-01
-2.323387511501265046e-01 1.312438861603464624e-01 9.637394601548332496e-01
-1.345106589111941808e-01 2.733427307760283309e-01 9.524655553725711599e-01
-4.850674245722873257e-02 4.228253692973389932e-01 9.049120415900967496e-01
6.809084971308129730e-02 6.096607742121524787e-01 7.897324715195578326e-01
1.160317946366109798e-01 7.322497010019960451e-01 6.710789804604933018e-01
9.367191921233630758e-02 8.319067903864449942e-01 5.469521584745787868e-01
5.467281677877425250e-02 9.182249145457650474e-01 3.922676247320149856e-01
3.628444320215073321e-02 9.873390994570361290e-01 1.544180749293256327e-01
-1.002978362555004277e-02 9.973218273775230625e-01 -7.244705706088386266e-02
-7.018803632932482661e-02 9.716366753976782844e-01 -2.258225200868596017e-01
-1.314280659280572250e-01 9.293315826784007694e-01 -3.450644474918692639e-01
-1.157215143264240798e-01 9.227339369199757391e-01 -3.676555626917150654e-01
-1.369288842211904556e-01 9.059155821720373813e-01 -4.007086705373844593e-01
-1.707240595663480909e-01 8.978339814311202538e-01 -4.058909179480723606e-01
-1.873747232402809548e-01 8.961083371830897981e-01 -4.023438344520590682e-01
