1.558540622947912624e-17 7.460665204895704505e-01 -6.658714192729594528e-01
1.303548774061926221e-02 7.003235084214998185e-01 -7.137065640804809430e-01
2.439282114759324868e-02 6.315431820053432066e-01 -7.749569017300426133e-01
2.954709731153561114e-02 4.959002490693785736e-01 -8.678766686651917528e-01
2.333516663778942984e-02 4.064052897828562827e-01 -9.133948819839639022e-01
-3.554171338704145526e-03 2.309355055027693115e-01 -9.729625687375006438e-01
4.273256986705138184e-03 1.571346214243462269e-01 -9.875679470418998740e-01
-5.945456673611353854e-02 5.103116154911706281e-02 -9.969257620531075670e-01
-1.643580682481555200e-01 -4.322120260854637325e-02 -9.854533743647162503e-01
-2.331825512937771294e-01 -1.060779787693717641e-01 -9.666298982507884885e-01
-4.051588022437909720e-01 -1.962850481873018027e-01 -8.929269426008410449e-01
-6.218743319137914893e-01 -2.921305858539921529e-01 -7.265893173694333296e-01
-7.843411114427470965e-01 -3.571049885008044100e-01 -5.072327356239898499e-01
-9.125374086008899432e-01 -3.472264107824576396e-01 -2.161233387654019067e-01
-9.575151546484965692e-01 -2.873696530864226495e-01 -2.415390451779439451e-02
-9.508815597961015609e-01 -2.364940295973240458e-01 1.997369099704738304e-01
-8.862531863969098644e-01 -2.540359842048099948e-01 3.873254553091209362e-01
-7.824950706953527346e-01 -2.513836510611301422e-01 5.696557945958691249e-01
-6.366646349257880644e-01 -4.593726402871012304e-02 7.697713364424331184e-01
-5.778137433750935026e-01 3.360473808956424696e-02 8.154765475136566133e-01
-4.695362142269442485e-01 1.881332390918775965e-01 8.626364401520650871e-01
-3.432284565928706566e-01 3.184872607441606718e-01 8.836062988280225516e-01
-1.890723685072325799e-01 4.249447656423746555e-01 8.852534019252411568e-01
3.845124041023616906e-02 5.294328008796651552e-01 8.474800360265880572e-01
1.302644641555927574e-01 5.591971576704751756e-01 8.187366537730664806e-01
2.403830594106404206e-01 6.271373141534087869e-01 7.408878281796976717e-01
3.184050733072165684e-01 6.948273240205539159e-01 6.448512999805939838e-01
3.790220480620051791e-01 7.358351821365898271e-01 5.611495984253175306e-01
4.094947234717847273e-01 7.707188386046001094e-01 4.881665118263882053e-01
3.960472369122183256e-01 8.184936647139684496e-01 4.161907098402067851e-01
3.538614187134563327e-01 9.135815193980841853e-01 2.003769042589197136e-01
3.817041293640069388e-01 9.241792722145292238e-01 -1.395100123605481218e-02
4.567205059043775162e-01 8.818647505561042488e-01 -1.171364213772529556e-01
2.550137230138381228e-01 9.609778497232724925e-01 -1.071894277242721460e-01
1.377536678292018979e-01 9.720799052492842263e-01 -1.899594293793930300e-01
5.115203358401871486e-02 9.617590383159234646e-01 -2.690780958715320859e-01
4.140644110413375933e-02 9.490569136423077090e-01 -3.123723440108410188e-01
6.462669226846613768e-02 9.441995404618360732e-01 -3.229715443163602151e-01
3.689784914358504309e-02 9.342431970120751439e-01 -3.547227051729759384e-01
-2.050086550381590572e-02 9.291195630255792981e-01 -3.692107150622137013e-01
-6.485452676460687349e-02 9.297640153703650157e-01 -3.623986286956877301e-01
-1.599267994562114381e-01 8.947841069788992074e-01 -4.168750660733583357e-01
-2.060724869464382047e-01 8.682914409679106660e-01 -4.512251141786988162e-01
-2.400467222984827564e-01 8.522660468359782859e-01 -4.647796860065310787e-01
