2.846030702774449139e-19 5.426397526684688666e-01 -8.399655343071543712e-01
-1.662184500231401671e-02 5.164918136517395730e-01 -8.561307848100403461e-01
-3.991409828088749584e-02 4.778115543921490072e-01 -8.775551169287214570e-01
-6.461371623311909507e-02 4.504958419050748009e-01 -8.904372881347589752e-01
-9.584639309247174055e-02 3.880550681245490408e-01 -9.166388236563052239e-01
-1.356542454038142109e-01 3.006846932226114322e-01 -9.440268221642571511e-01
-2.106026204809187952e-01 1.718151648553336297e-01 -9.623544489284103776e-01
-3.727423990875535220e-01 3.910052527855707033e-02 -9.271107015051631706e-01
-4.674479280221436328e-01 -5.952668244132819364e-02 -8.820141771339813364e-01
-6.384253603198616345e-01 -1.666725242248889016e-01 -7.514208733918420480e-01
-7.954548547307075390e-01 -2.171161713228199897e-01 -5.657845369356331311e-01
-9.016368778782817284e-01 -2.015390979149564721e-01 -3.826655621577801925e-01
-9.849342456662613099e-01 -1.393453769714952384e-01 -1.024079959305176923e-01
-9.929909697196479534e-01 -1.181589963476933763e-01 -2.717652909884266110e-03
-9.695273672869521020e-01 -9.481508931306022181e-02 2.258910864115430683e-01
-9.432574031421553373e-01 -9.191644483740167570e-02 3.190875092916839462e-01
-8.992954439259783772e-01 -5.233870366941521107e-02 4.341985313565474569e-01
-8.389346281340768208e-01 6.335890113985244432e-02 5.405315341068350765e-01
-8.013546042411761050e-01 1.200351529502133863e-01 5.860224913070205544e-01
-7.421837838068768844e-01 1.926331966869081203e-01 6.419156351019108531e-01
-6.657034386605236165e-01 2.543334267432627582e-01 7.015364850074329306e-01
-5.741738683446371283e-01 2.961386105232975408e-01 7.632996084549539262e-01
-4.178882008811241611e-01 3.835170168893971554e-01 8.235800806968287535e-01
-3.459062387899234925e-01 4.178933574312404531e-01 8.400678637949756666e-01
-2.734468782973485945e-01 4.512338538925717013e-01 8.494791426813799173e-01
-1.954413219731422902e-01 4.801600539235119647e-01 8.551309912999065510e-01
-1.190632055970954756e-01 5.016641292339778513e-01 8.568296531474961508e-01
-2.909403618905577471e-02 5.428597742244566371e-01 8.393192495035495249e-01
1.803774035176564094e-02 5.700098467491504506e-01 8.214398423086211043e-01
6.886133386228250608e-02 6.145607954332996670e-01 7.858582222100227721e-01
1.137698136853262515e-01 6.697695068103536320e-01 7.338019059944049793e-01
1.415161577646530666e-01 7.099512308591715559e-01 6.898858071399041059e-01
1.615921786932326965e-01 7.468134389984687482e-01 6.451028252274630947e-01
1.906631023945261905e-01 8.269325761871427760e-01 5.289896934967540654e-01
1.991914856845911352e-01 8.510805707245570062e-01 4.857824761824240944e-01
2.131055667201872394e-01 8.633748912941063836e-01 4.573508658740654820e-01
2.050667999408992415e-01 8.442646435685644546e-01 4.951412113549467642e-01
1.652272167664688984e-01 8.343055709053290858e-01 5.259602467829093131e-01
1.141442818612533744e-01 8.592330177641267497e-01 4.986879827129686027e-01
5.954759399436381634e-02 9.001655684753648856e-01 4.314580320041633277e-01
1.242528104186435382e-02 9.305265739133767866e-01 3.660135347662202276e-01
-1.764253556506682405e-02 9.423934517038355940e-01 3.340409003768334273e-01
-5.486923541635003315e-02 9.550801695915388523e-01 2.912236883528231957e-01
-7.526542795924208440e-02 9.708608767069151213e-01 2.275176332374970467e-01
-9.081987164637737864e-02 9.857859192733228193e-01 1.413431012698726230e-01
-9.784676717549167790e-02 9.893739490488421273e-01 1.075416156508933879e-01
-1.212739391625057284e-01 9.860280073132702272e-01 1.141989512816574681e-01
-2.300704603351438893e-01 9.699741093642423317e-01 7.885309406877794025e-02
-2.581692433562316480e-01 9.645418424839085070e-01 5.484228188740492699e-02
-3.013971066903408658e-01 9.531698204388943108e-01 -2.504151519331567627e-02
-3.218323866296267655e-01 9.430744525235661424e-01 -8.387187796666006889e-02
-3.564763906541631444e-01 9.232334808230014955e-01 -1.434033569817141085e-01
-3.845672827631916313e-01 9.051548681083655401e-01 -1.811150732762534521e-01
-4.173877428632837283e-01 8.804020312108647994e-01 -2.251216016895680738e-01
