-2.780978572425318873e-17 9.413788324436733745e-01 -3.373512914262914997e-01
1.014278138302967223e-02 9.459062433487359645e-01 -3.242815177892472422e-01
7.378166869294555674e-02 9.397708269926312585e-01 -3.337469971377575728e-01
5.671613437493128879e-02 9.047839688014441828e-01 -4.220773032294817817e-01
4.580589317489686119e-02 8.899047675968079218e-01 -4.538406380646422544e-01
5.186361725462963583e-03 8.558620125354088337e-01 -5.171782257122709003e-01
-4.628444457961155417e-02 8.153434420446172837e-01 -5.771246154036342446e-01
-9.588191200830645244e-02 7.848044670569706005e-01 -6.122814772937822392e-01
-1.636684217882939940e-01 7.940798755377266316e-01 -5.853629634468838772e-01
-2.408563127422546635e-01 7.740941692038806332e-01 -5.854625981365154663e-01
-3.305927316590502874e-01 7.508727747155642396e-01 -5.717504018058551241e-01
-4.355252754413487248e-01 7.209949047308222836e-01 -5.389657519768115135e-01
-6.186321697648211604e-01 6.708035214825288639e-01 -4.090438535153755883e-01
-7.427409202649257747e-01 6.169898273696279301e-01 -2.601143561712964680e-01
-8.236477093380873971e-01 5.554500497355651101e-01 -1.143664861350537632e-01
-8.805112957202809731e-01 4.694812639127753928e-01 6.547672062538706372e-02
-8.954143417037185859e-01 3.475567801580883853e-01 2.782758366036087727e-01
-8.596528299633117154e-01 2.545533447011623651e-01 4.429442477756321273e-01
-8.138221295819136891e-01 1.974707053504405618e-01 5.465334957083218814e-01
-7.740888297006361940e-01 1.484378478643452182e-01 6.154288659577976661e-01
-6.897629741604179854e-01 8.892344790949290034e-02 7.185538670755745594e-01
-6.597859371792685890e-01 7.572821914112826125e-02 7.476280852978889335e-01
-6.114487973616026251e-01 4.321635258088632470e-02 7.901029775128391996e-01
-5.364545935359751327e-01 4.271926867053062703e-03 8.439183726611206859e-01
-4.543067909136406790e-01 -2.511914679408482759e-02 8.904910826022273129e-01
-3.061009559529246360e-01 -4.984932049298988754e-02 9.506930366901258367e-01
-2.090152960786736125e-01 -6.954891904896345900e-02 9.754360839461829746e-01
-1.260851424327915637e-01 -8.454680996589812592e-02 9.884100231089791855e-01
-5.120151488480329666e-02 -9.135152607446690720e-02 9.945015352212218662e-01
6.579339085011229327e-02 -8.088197109489719816e-02 9.945498159832157903e-01
1.574983849485947496e-01 -6.318228897057225069e-02 9.854959447400193362e-01
2.254421671046569209e-01 -4.488572548634665871e-02 9.732220203729056163e-01
2.891257850137079477e-01 -2.238867443956645345e-02 9.570292721213108367e-01
3.644882972146069045e-01 4.475964862638296543e-02 9.301316331834108553e-01
4.079939758402536532e-01 9.442677406331995149e-02 9.080883767663020523e-01
4.383599234108983556e-01 1.452552349937402676e-01 8.869844949344406482e-01
4.594348248322662198e-01 2.049486925780544255e-01 8.642428334339204987e-01
4.819205085968920610e-01 3.237213866894353975e-01 8.142217678210168508e-01
4.890709702525135594e-01 4.077614507012152778e-01 7.710643198711151225e-01
4.879620894935000619e-01 4.730548993543178815e-01 7.335612185864337498e-01
4.716402504919245953e-01 5.416682420829667111e-01 6.958095929452705608e-01
4.085322101007596851e-01 6.469851237019773604e-01 6.438258172972917137e-01
3.262423655074467299e-01 7.184589462099717494e-01 6.143147902817922557e-01
2.583094474135953500e-01 7.641563922786657193e-01 5.910509601688644921e-01
1.918454180280776966e-01 8.026914200043530068e-01 5.646962190709509111e-01
7.497546519641505591e-02 8.627132135103913191e-01 5.001045799161960570e-01
-4.389618957160964716e-03 8.873958091827290895e-01 4.609874283430520636e-01
-6.270980930456783453e-02 9.032839012906680454e-01 4.244357118411403174e-01
-1.168481205527890504e-01 9.161412993587987330e-01 3.834470450172394740e-01
-2.037335474505057031e-01 9.269654458136394881e-01 3.150042918925921587e-01
-2.681177621157219693e-01 9.273843238787664589e-01 2.609045447323214972e-01
-3.153634777052630733e-01 9.233665287904765373e-01 2.189523474162090588e-01
-3.609789843637696838e-01 9.148330529665571476e-01 1.810377254817062131e-01
-4.382772776757090094e-01 8.901918727987033764e-01 1.243843136263842603e-01
-4.894612462030359934e-01 8.678036390736569849e-01 8.570024781696221339e-02
-5.256396154656549635e-01 8.484836890321924008e-01 6.146888724745303012e-02
-5.627761791898703292e-01 8.258866424732911327e-01 3.455757399825780396e-02
-6.156742401588417568e-01 7.879136610758288306e-01 -1.171719654683213430e-02
-6.449014801320066548e-01 7.633458294839418068e-01 -3.748633795157947646e-02
-6.661888757987880494e-01 7.437024730746362167e-01 -5.566878213700428291e-02
-7.004406502000912749e-01 6.766595527328900239e-01 -2.269685996841828424e-01
-7.033411585353118722e-01 6.686205596219385594e-01 -2.413664474632934431e-01
-7.099695920858822840e-01 6.504549876114575913e-01 -2.699101469096418793e-01
-7.109334693234700131e-01 6.361529197035572514e-01 -2.998050449014065255e-01
-7.089073268248837767e-01 6.257395286149890490e-01 -3.254234845592559600e-01
-7.046665055015912671e-01 6.162913648226747698e-01 -3.516106791170888202e-01
-6.972750686503632611e-01 5.921380184555344872e-01 -4.039554997003808046e-01
-6.890484230785829389e-01 5.720637237017147658e-01 -4.449217534324950707e-01
-6.818979789795402979e-01 5.570797429610362395e-01 -4.740013778947101963e-01
-6.722613291495129761e-01 5.487750500871276804e-01 -4.969010462174542342e-01
-6.396983086334692148e-01 5.367023837408188003e-01 -5.502150717841175487e-01
-6.042052215606916743e-01 5.447533638013010160e-01 -5.815323059520967064e-01
-5.729204945318523423e-01 5.639341122291391395e-01 -5.947608124361509763e-01
-5.336526624123721918e-01 5.847628967402730416e-01 -6.109559644492488228e-01
-4.708237448867914066e-01 6.070942666178456015e-01 -6.401262005968179070e-01
-4.211275286245010352e-01 6.159410723745898375e-01 -6.657838988715938378e-01
-3.872155763598381095e-01 6.245037961793781234e-01 -6.782765704208458812e-01
-3.655115637069384915e-01 6.343968328033932069e-01 -6.811328470463983153e-01
-3.394369966450920817e-01 6.595312890181476151e-01 -6.706720540730921609e-01
