-1.599198204416119040e-18 6.632631870433229881e-01 -7.483862269664869338e-01
-1.365647642699418553e-02 6.588249557213691210e-01 -7.521723063037715207e-01
-4.004614547630858806e-02 6.503601952254199903e-01 -7.585696557988883537e-01
-8.399914823481588466e-02 6.405138982201189490e-01 -7.633387775311121226e-01
-1.183033154255415664e-01 6.369790300544098116e-01 -7.617493293927264375e-01
-1.598366578151222683e-01 6.423416733279115887e-01 -7.495661528676371699e-01
-1.980956705036987509e-01 6.581097981768744276e-01 -7.263949331261083664e-01
-2.485542284043399941e-01 6.767382563881547686e-01 -6.929979277624451761e-01
-3.490501429704572778e-01 6.847570449197346587e-01 -6.397435323042319766e-01
-4.484382763210331690e-01 6.696304973026082630e-01 -5.920288079244815371e-01
-5.595256666815033864e-01 6.496430973024627242e-01 -5.146793899622190693e-01
-6.636307467307273056e-01 6.278720998852609370e-01 -4.066581588746132070e-01
-7.445026255473363719e-01 6.240672756424727741e-01 -2.371832119381651061e-01
-7.634571561003044016e-01 6.454742497777431476e-01 -2.227473171769053795e-02
-7.501864702384386518e-01 6.414246259296348951e-01 1.606073134144908876e-01
-7.084207563518086781e-01 6.179912272065586354e-01 3.409206286889412407e-01
-6.351819268746534686e-01 6.058609297036848806e-01 4.790370065353918294e-01
-5.152647768230238512e-01 6.148567276899341572e-01 5.970371966468638325e-01
-3.470324009615357030e-01 6.435799924314646869e-01 6.821827511926608079e-01
-2.666198421268894392e-01 6.539257444615453885e-01 7.080218785564795780e-01
-1.737573222238329718e-01 6.751104524518604100e-01 7.169618329896281228e-01
-9.796414893737531715e-02 6.912578831566081883e-01 7.159368439302592479e-01
-2.808005516510791999e-02 6.833821251048409762e-01 7.295206519277681600e-01
1.001830522824604247e-01 6.485493353278052320e-01 7.545509364391722595e-01
2.024197598637270668e-01 6.248126656571781901e-01 7.540791560911112024e-01
3.353326769432878884e-01 6.004835261077243747e-01 7.259280478444694040e-01
4.265896969873987365e-01 6.049369746478678866e-01 6.723633594479133668e-01
4.728812817226872856e-01 6.681887518745062149e-01 5.743753870638069747e-01
5.419236377192724330e-01 7.246487577744545883e-01 4.256793966555706965e-01
5.975322547280702556e-01 7.329883662623739582e-01 3.250896176189027043e-01
6.353318918433501494e-01 7.049552837890427082e-01 3.152640719534339220e-01
6.343963780214902926e-01 7.119893278309110674e-01 3.010189904442935882e-01
6.188511385593613578e-01 7.604389150505416195e-01 1.968652452327145919e-01
6.033400594722612142e-01 7.917611165395451733e-01 9.536827025830428572e-02
6.083622612014230047e-01 7.890570395369358447e-01 8.534838898947037789e-02
6.017176206926660997e-01 7.920189654413337665e-01 1.031594073712933379e-01
5.763239861585688351e-01 8.162936595799110684e-01 3.892716670827542358e-02
5.484154779911872835e-01 8.349030664010125280e-01 -4.666190323898131154e-02
5.234903768312092476e-01 8.419900462662771590e-01 -1.304246424324454756e-01
5.123768009927092137e-01 8.437655994066290965e-01 -1.597799332283310614e-01
4.883986762364279643e-01 8.545268850536626992e-01 -1.767782106793399921e-01
4.413964253855730546e-01 8.667051268164400746e-01 -2.323605362511817762e-01
3.896435032074094806e-01 8.710349977190565696e-01 -2.991253468979534480e-01
3.520301828552208634e-01 8.681750788376132455e-01 -3.497810498643746935e-01
3.134174064119839009e-01 8.731815982158709355e-01 -3.732605335354421960e-01
2.540504104776529770e-01 8.770188031464831724e-01 -4.077945657603179730e-01
1.870791930099477418e-01 8.725701014916921183e-01 -4.512458238316728876e-01
1.390578629112410869e-01 8.618038488232941940e-01 -4.878084018504758035e-01
1.061829795339302579e-01 8.564056893670938253e-01 -5.052667316150647459e-01
