-2.574980159653073031e-19 9.389773398664018611e-01 -3.439790040357341150e-01
-9.319348739094582279e-03 9.254508290887942801e-01 -3.787531025324312739e-01
-4.229735657964053819e-02 8.971566323173463253e-01 -4.396827387052761327e-01
-1.139831962246642821e-01 8.677195698590884909e-01 -4.838084115246119588e-01
-2.290924060526779160e-01 8.361637130584724797e-01 -4.983441726891801316e-01
-5.033053789230848007e-01 7.744226150428901168e-01 -3.833448954365008543e-01
-7.451014926931457394e-01 6.405218902065239472e-01 -1.858910265524067740e-01
-8.467903328113917105e-01 5.318009136706814965e-01 1.157240148805288582e-02
-8.823919913577317198e-01 4.324155742309758188e-01 1.854754559240442136e-01
-8.565769346067680923e-01 1.919729361604150253e-01 4.789805287082365970e-01
-7.599040421287538427e-01 7.257171389736362388e-02 6.459715110578642117e-01
-6.678074665250611774e-01 4.267476102436946334e-02 7.431097176224330525e-01
-5.619633894012315833e-01 7.451234101465462056e-02 8.237991624232179344e-01
-3.403214384067906328e-01 1.453196331816757336e-01 9.290121219729461366e-01
-1.436068847213010646e-01 1.634322741330822004e-01 9.760465943961548207e-01
-1.405700791584862420e-02 1.748113869589345837e-01 9.845015893933068973e-01
7.906632117988682262e-02 2.027796587574257348e-01 9.760271137879832359e-01
1.839328160450051375e-01 2.881640340825262769e-01 9.397500777563357888e-01
2.299378339492980650e-01 3.113692382672730852e-01 9.220508608420486807e-01
3.508834440666859789e-01 3.456774484722340279e-01 8.702803630426385606e-01
4.615309492263699465e-01 3.980322692580220423e-01 7.928174414930058145e-01
5.230723982332829980e-01 4.914138607076769527e-01 6.963531314719981768e-01
5.621880349073310468e-01 6.278538825945816360e-01 5.382788455047653464e-01
5.859762023380544749e-01 6.458641360067970405e-01 4.893785938449545236e-01
6.036485973468181943e-01 6.639635270814162604e-01 4.413171259160742488e-01
5.694577426602577264e-01 7.300565357281411094e-01 3.778033006273360805e-01
5.431172759411769801e-01 7.989136433174894858e-01 2.583807560469828513e-01
5.358145329946042423e-01 8.223044517004761689e-01 1.916198709564165825e-01
4.896648729497315999e-01 8.619749446844388041e-01 1.312535977997637826e-01
4.303092829075617631e-01 9.021636251051466937e-01 3.057310224234374707e-02
3.945380008953807693e-01 9.122202968851593763e-01 -1.104259743005614469e-01
3.903265124187033641e-01 9.095859680222709853e-01 -1.424730868621871538e-01
3.637413243190704693e-01 9.131245824511781128e-01 -1.841079734991675210e-01
3.141879079579193434e-01 9.201823813220125770e-01 -2.335601498491905181e-01
2.677856567193353521e-01 9.222479202148882171e-01 -2.788361807848963592e-01
2.579031152611333533e-01 9.108437945948153480e-01 -3.222569859393596969e-01
