-2.198219904714360240e-17 9.798258267495728591e-01 -1.998533192982189788e-01
1.754131666114769339e-02 9.736404479149864954e-01 -2.274127973393270108e-01
2.010891998182641471e-02 9.582802897323222657e-01 -2.851219347011049177e-01
7.608570922636845226e-04 9.418025258300205538e-01 -3.361657677942216371e-01
-6.527218367058156001e-02 8.983193275639492770e-01 -4.344674070214334938e-01
-1.372967907818951339e-01 8.514263783531111907e-01 -5.061844658674319319e-01
-2.023723575939638253e-01 8.163143773967452832e-01 -5.409956248780802834e-01
-3.787027430416136098e-01 7.581658815168422771e-01 -5.308189225305994796e-01
-5.433430370791406672e-01 7.111451012693853491e-01 -4.461513072917877576e-01
-6.715529154799242395e-01 6.518282979889838957e-01 -3.523301741991421987e-01
-7.978828532422788111e-01 5.531861296218110180e-01 -2.395163011070461367e-01
-9.223612768747352364e-01 3.616368633677318201e-01 1.358986901171475581e-01
-9.289582022145492779e-01 2.982325434128635377e-01 2.193034623251693960e-01
-9.101657490017194263e-01 1.722542990331683288e-01 3.767316894140060324e-01
-8.571928522984030296e-01 7.267151826374700085e-02 5.098423917268649630e-01
-7.881030292916861857e-01 -1.038598261642232311e-02 6.154557226855227325e-01
-6.059277513453832364e-01 -1.082472327737082629e-01 7.881206105326532541e-01
-5.523763062603510576e-01 -1.209022748169836931e-01 8.247806109664855834e-01
-4.094357020913036993e-01 -1.061513962025705943e-01 9.061425312483936123e-01
-2.644651147966514682e-01 -6.341472231084882560e-02 9.623080463395450312e-01
-1.238526352332178782e-01 1.990762646190478644e-02 9.921009077480176241e-01
9.940392730697038270e-02 1.861101658481447707e-01 9.774875269812535183e-01
1.287378570051600502e-01 2.107165023012085303e-01 9.690330850036358301e-01
1.986112933905873901e-01 3.012203163566413155e-01 9.326413432567327577e-01
2.245491869599655910e-01 3.989250690047695391e-01 8.890649312368351653e-01
2.664665981433489983e-01 5.104116736783483876e-01 8.176034952510772280e-01
3.547801747575697884e-01 6.600621596301482485e-01 6.621547953638732276e-01
3.646816621335619568e-01 6.872589878681262254e-01 6.282375099418859854e-01
3.521390663755122330e-01 7.614117006071989824e-01 5.442888021176220947e-01
2.992390677504377927e-01 8.337051853504449106e-01 4.641030534823376019e-01
1.716907750385811560e-01 9.057377014349816680e-01 3.875067663485725067e-01
8.845586479694357573e-02 9.782457506714140605e-01 1.876454403292192596e-01
8.207631352889448173e-02 9.824635707156003095e-01 1.674180724242741447e-01
4.102895460894512986e-02 9.842121757627647627e-01 1.721714783697390616e-01
-9.476144459664907760e-02 9.835444548909989537e-01 1.538199397709015814e-01
-2.231657215518247084e-01 9.659667579268217397e-01 1.307871679661211373e-01
-2.084978322194918632e-01 9.752223281434694302e-01 7.395988541232194347e-02
-2.158062460829142104e-01 9.751028759744574392e-01 5.101024816585895960e-02
-2.487629246643003056e-01 9.681035292244205559e-01 2.987580987496310514e-02
-2.910085794640207557e-01 9.560725815855708465e-01 3.520263368889795658e-02
