1.028636811145622332e-17 9.474974122615194005e-01 -3.197634340535586706e-01
2.411617353937620806e-02 9.362011901333761044e-01 -3.506361957452043265e-01
4.275612884297710220e-02 9.181372870837614109e-01 -3.939490265412946002e-01
1.140418057512561020e-02 8.940403081869422452e-01 -4.478413469102730526e-01
-1.126083941520900772e-02 8.768420547313235947e-01 -4.806466524903875159e-01
-5.258365048359492366e-02 8.647301443612848137e-01 -4.994764630437863451e-01
-1.275950644350287433e-01 8.517069989372743066e-01 -5.082466797659208613e-01
-2.928614865242401000e-01 7.987524690978584641e-01 -5.255726808167325848e-01
-3.539177480873070269e-01 7.841108556699288856e-01 -5.098160389879682342e-01
-5.130852797831030321e-01 7.222796526721256827e-01 -4.637408748490137733e-01
-6.929757795046798119e-01 6.303916781922080936e-01 -3.498441096915780868e-01
-8.342898305781558665e-01 5.138849219297622062e-01 -1.997066989540263737e-01
-9.282134085581278393e-01 3.130554869106620952e-01 2.010376340092335234e-01
-9.088464932090033477e-01 1.949073958506698512e-01 3.687941957574813467e-01
-8.201862443555895110e-01 1.158922546993442076e-01 5.602352272667040500e-01
-6.823189520257549878e-01 4.948046973843314017e-02 7.293781809328678811e-01
-4.546460661739526454e-01 -2.143784026797247028e-02 8.904141584213464133e-01
-2.783714014030641004e-01 -7.433287205522215446e-02 9.575928085637004372e-01
-1.780784365798332713e-01 -9.407335781917472439e-02 9.795092004539353026e-01
-9.560242822200847035e-02 -7.995984824600305130e-02 9.922029018232773057e-01
1.741195294972641000e-02 -2.611799359315280025e-02 9.995072157344060404e-01
5.169848102917107974e-02 -7.468025819976195114e-03 9.986348159610842767e-01
1.164887864946593105e-01 4.630250213020041528e-02 9.921121110627995066e-01
1.772441514375422134e-01 1.292893782983682294e-01 9.756376209640580388e-01
2.392894690211430642e-01 2.280517350416244593e-01 9.437864992465638814e-01
3.539738370106864096e-01 3.459149110520093329e-01 8.689334825081908020e-01
3.551299153055958446e-01 3.751077871184690382e-01 8.562574912362086454e-01
3.374862381180334658e-01 4.334282216406874499e-01 8.356093679263829621e-01
3.068649609788771659e-01 5.314987999133434782e-01 7.895206909347645130e-01
3.180743718109450002e-01 6.235345579867864751e-01 7.141661914381663978e-01
3.818241027584811653e-01 7.238459072497174240e-01 5.746803086155940488e-01
3.387944203380313657e-01 7.926799070762082788e-01 5.068302533052573278e-01
3.051470979705662723e-01 8.510708618786629875e-01 4.272746618525977702e-01
2.960150732796308914e-01 9.052906663577652280e-01 3.046701261967909025e-01
2.738816049862460855e-01 9.547966989403556815e-01 1.155514177444748880e-01
2.610817380914667307e-01 9.623425978951696269e-01 7.571690901981464883e-02
2.305276642419942790e-01 9.722120188672376262e-01 4.075274701440825820e-02
2.119233099391759356e-01 9.768108750406375718e-01 3.047991316864953268e-02
1.523645925307028082e-01 9.833872439995016146e-01 -9.866387019582023576e-02
1.147986689992784304e-01 9.822842052846866290e-01 -1.481182150993791968e-01
