-7.779150587583494314e-18 6.931650244389990778e-01 -7.207789181812145340e-01
1.523406640853811576e-02 6.779660114946628457e-01 -7.349353784372328890e-01
2.347770999840103484e-02 6.487674718982062716e-01 -7.606244569694304847e-01
-4.212398219759266177e-02 4.942728039707077192e-01 -8.682856473412141618e-01
-1.073309966818681294e-01 4.083817165763661827e-01 -9.064791397034007714e-01
-2.162899080408934027e-01 3.001503034451425966e-01 -9.290470768596446050e-01
-4.919123869782941472e-01 1.202754085381166488e-01 -8.622969498022743373e-01
-6.501471670407106274e-01 2.076471898448349965e-02 -7.595245141760954555e-01
-7.926420765940780377e-01 -1.081818034722311778e-01 -6.000126963741043706e-01
-9.108533683189219410e-01 -2.537045642402647183e-01 -3.255459038380482673e-01
-9.262687500982926814e-01 -3.505447163088927787e-01 1.383640287765015298e-01
-8.641777280580195120e-01 -3.987008387291649525e-01 3.069763761678411251e-01
-7.957868830886951628e-01 -4.233045682058151904e-01 4.330548224417641312e-01
-7.523583091286069058e-01 -3.890563138545687361e-01 5.315939797768959307e-01
-6.546291330238791506e-01 -2.353257050875878775e-01 7.183888297582542437e-01
-5.510920573021814706e-01 -1.368367434945232941e-01 8.231483766662381907e-01
-4.706755576624055415e-01 -7.448460783298203880e-02 8.791567338166447199e-01
-3.597556225774911631e-01 2.246840325327528060e-02 9.327759982327643584e-01
-1.797219469338513509e-01 2.083364716789249393e-01 9.614031081490648223e-01
-8.843100521470606545e-02 3.276936421944352529e-01 9.406363984994745575e-01
-3.145621050622024462e-02 4.554502889214878114e-01 8.897053114048054656e-01
3.606738412222385698e-02 5.630054542014354402e-01 8.256657933704262264e-01
1.462437192769256433e-01 6.686475793092466757e-01 7.290563690524460849e-01
1.686069066291337182e-01 7.016335936948990826e-01 6.923019653559677744e-01
1.631710804461559139e-01 8.080379258237082585e-01 5.660829523458140722e-01
1.364749484643711375e-01 8.936227561541505438e-01 4.275663201482393094e-01
1.166497776941463893e-01 9.470301732504955439e-01 2.992100939424381933e-01
-2.384804592229859341e-02 9.399889594277649474e-01 3.403704259473726013e-01
-1.326268744521913734e-01 9.650075873668342297e-01 2.262089045494988793e-01
-2.538625394913596178e-01 9.583980025602730768e-01 1.304878528119625403e-01
-3.247565216659335507e-01 9.448176316359754301e-01 4.304468126528437910e-02
-3.719940452059049552e-01 9.281702242600597952e-01 -1.097566072620946576e-02
-3.845887804664792631e-01 9.226449132697250866e-01 -2.859779636279476817e-02
-4.135124889978903373e-01 9.063921479987380181e-01 -8.637531759133122711e-02
-4.386142392596503181e-01 8.901435058105559017e-01 -1.235398242752951403e-01
-5.347032328821195168e-01 8.219230218487100226e-01 -1.963033339006124978e-01
