-5.106592232406725884e-17 7.161131736952607296e-01 -6.979841849641732487e-01
2.146557868136908867e-02 7.001852780286232925e-01 -7.136384276115277370e-01
3.625312987065453657e-02 6.553325297914935899e-01 -7.544700033610762802e-01
5.197962067344781556e-02 6.095832901109113910e-01 -7.910160121338888350e-01
4.749061821233740294e-02 5.465571869384240333e-01 -8.360740891737803437e-01
1.348885419520486073e-02 4.524920740082516435e-01 -8.916664027382725788e-01
-1.126062288048527635e-02 3.821176719643555320e-01 -9.240450655378689149e-01
-7.434260173204255973e-02 2.913382652993515287e-01 -9.537270011591763019e-01
-1.493715351845114614e-01 2.223157155236871463e-01 -9.634645126354228761e-01
-2.982726906800415301e-01 1.750205233078666878e-01 -9.382969777290814939e-01
-4.812741752957286900e-01 1.315983834412378373e-01 -8.666354675808445318e-01
-7.069583137145486473e-01 6.279744276655571666e-02 -7.044617972976697784e-01
-8.960286481289446714e-01 6.374376663658086993e-03 -4.439504804078554523e-01
-9.808722116006409752e-01 -1.585794263017665032e-02 -1.940057477633202743e-01
-9.994653347119279996e-01 -1.776595067839279937e-02 -2.744841900122807488e-02
-9.976794877633211600e-01 -2.547259174724774561e-02 6.314100700808616962e-02
-9.853055515790810626e-01 -3.383266939906741377e-02 1.674166076253376101e-01
-9.397513477920619307e-01 -2.832727655709352949e-02 3.406830928089341626e-01
-8.701632747897624087e-01 9.979565408129786180e-03 4.926624437496949227e-01
-7.703027025822078988e-01 1.198539407661936146e-01 6.263136428957624124e-01
-6.977756086695322546e-01 2.017847167906901829e-01 6.873078844415831945e-01
-5.675982910728998299e-01 3.495279497002709013e-01 7.454276573547888862e-01
-4.406007285157292896e-01 4.660666761307659112e-01 7.672371546215863702e-01
-3.145740664209455972e-01 5.569443956553057351e-01 7.686716443862989800e-01
-2.359945218716900661e-01 5.945446754333539863e-01 7.686502550317669824e-01
-9.088620022536984810e-02 6.360602738603052808e-01 7.662682471728469169e-01
4.405271002075648173e-02 6.852909124393012918e-01 7.269358459093465674e-01
1.276692891853119516e-01 7.632651114595668806e-01 6.333458156706587294e-01
1.827147971197121690e-01 8.337251159771401632e-01 5.210736357775228589e-01
2.352009578510401988e-01 8.755374623817676616e-01 4.220363270999876182e-01
2.641475886283418673e-01 8.926969377803383177e-01 3.651276882125471523e-01
2.492967692835622306e-01 9.270197828362206627e-01 2.801525353357782189e-01
2.158379575438006126e-01 9.664274944493229658e-01 1.393982570038963253e-01
1.722034891858413852e-01 9.847899112830620361e-01 -2.312550426089876598e-02
1.265230068444263833e-01 9.846201574812377677e-01 -1.204785218230522426e-01
7.043359342646798860e-02 9.826430575099471820e-01 -1.716150647365710658e-01
1.899179115550015881e-02 9.751934149481935599e-01 -2.205382400183379110e-01
-4.727729248123578587e-02 9.532168682469103205e-01 -2.985673453430507940e-01
-1.311298795271871320e-01 8.995388251394833556e-01 -4.166951604732928582e-01
-2.264078856164588871e-01 8.283819076333350795e-01 -5.123698707344539471e-01
-2.952264484365489383e-01 7.755211085331504828e-01 -5.580397426376144665e-01
-3.757241590866332026e-01 6.910339768351749790e-01 -6.174976916054061293e-01
-4.617960579734406990e-01 6.287506469882827576e-01 -6.256332989475594797e-01
-4.849001616306103934e-01 6.358949176773053269e-01 -6.004244223237265032e-01
-4.826516548416663333e-01 6.337336963182869098e-01 -6.045072226444958563e-01
-5.023650420706646802e-01 6.084161851272397170e-01 -6.143770098079480713e-01
-5.280713758895884125e-01 5.781720294365632062e-01 -6.219788793385857550e-01
