-1.458251921993003464e-17 9.868305890359641008e-01 -1.617571900810952923e-01
-7.217877407321928070e-03 9.863241951288819198e-01 -1.646586904754681890e-01
-7.275309638697020909e-02 9.730606457990056413e-01 -2.187692084442647011e-01
-8.083153313323097888e-02 9.698308422508463700e-01 -2.299878272221052289e-01
-7.634243457909553610e-02 9.656885629505136404e-01 -2.482285883396754267e-01
-2.664746713458970850e-02 9.666765424813932306e-01 -2.546102407829065051e-01
4.634571924660835229e-02 9.715973567548876755e-01 -2.320574296471237530e-01
1.367583442576610631e-01 9.591474836267518400e-01 -2.476555267470783861e-01
1.703658200006245849e-01 9.575599204331287639e-01 -2.324962067553245637e-01
2.424664935085280582e-01 9.450881623847048330e-01 -2.191309308289919322e-01
2.912692471540017647e-01 9.188099987325866191e-01 -2.663651852088874117e-01
3.227772334457384429e-01 8.863776507864576937e-01 -3.318878089888142036e-01
2.203836626216490735e-01 8.379276658663064037e-01 -4.993077888690611310e-01
7.413883207771108930e-02 7.865967061047380859e-01 -6.130000452881951833e-01
-8.350394379304643122e-02 7.353235004489856452e-01 -6.725521846358528677e-01
-2.548764351032476450e-01 6.697137641842847433e-01 -6.975109152487697362e-01
-4.827528206714806203e-01 5.661346032467349243e-01 -6.681626487169058937e-01
-5.583907751732998248e-01 5.347252535542393881e-01 -6.342465178562004535e-01
-7.214319409310513409e-01 4.467956317477358996e-01 -5.290648524099834660e-01
-8.662417591753808210e-01 3.257582377216150515e-01 -3.788228942622781092e-01
-9.568842656537627223e-01 1.743752565662835818e-01 -2.323053422582057048e-01
-9.986693710172602767e-01 -5.109072572887461000e-02 7.016062748192664067e-03
-9.917787121494479052e-01 -1.068611273799064676e-01 7.039663047531175000e-02
-9.373433843993270731e-01 -2.270044410060612639e-01 2.643035442182735673e-01
-8.461928350590296466e-01 -3.045802688451674234e-01 4.372511243267042658e-01
-7.135830369318165722e-01 -3.422399714446939245e-01 6.112863906130255875e-01
-4.496608965008441761e-01 -3.092571852454423786e-01 8.379529053187434462e-01
-2.505015686830460719e-01 -2.809750582377061323e-01 9.264458865663178777e-01
-8.513099464988296838e-02 -2.547452464897505542e-01 9.632536390488217748e-01
5.476454721076470800e-02 -2.205733464453279724e-01 9.738317324911471839e-01
2.165042531121459113e-01 -1.158754586505286871e-01 9.693806200182061295e-01
2.596151088584450761e-01 -8.314848633857538363e-02 9.621259400265754769e-01
3.695388834609997231e-01 1.407735176548838806e-02 9.291086275445238352e-01
4.687198919217647752e-01 1.098341449122020586e-01 8.764919415078810117e-01
5.469257618531392362e-01 2.106861095846315479e-01 8.102367396319768433e-01
5.533653537629824593e-01 4.615180834696523959e-01 6.933886672604824275e-01
5.491366471309663266e-01 5.206237318344928422e-01 6.537582677324138558e-01
5.251369404542375330e-01 6.448790971404315675e-01 5.553036501246002565e-01
5.223993606727356243e-01 7.089503582549702143e-01 4.738019602100294048e-01
4.783615561423593676e-01 7.923690940577222674e-01 3.785781826613956458e-01
3.717166460954653417e-01 9.157526681051215700e-01 1.523935230706653376e-01
2.700594721474472992e-01 9.587938684963709379e-01 8.821677412604425617e-02
1.556112261778382078e-01 9.878082389526863238e-01 -4.475415580932857323e-03
4.078744267108807414e-02 9.991033987691204654e-01 1.134826367089229737e-02
4.509090768684236722e-02 9.987192848373774856e-01 -2.294776978038865281e-02
4.544238837875326509e-02 9.982782700912282703e-01 -3.708752892953083580e-02
2.657957114839380394e-02 9.964378998074616689e-01 -8.003148271063498242e-02
-6.305789017250450212e-03 9.955113955174936802e-01 -9.443144825576822721e-02
-3.825994991899114156e-02 9.897484533139859764e-01 -1.376015094203867362e-01
-1.113006363170445240e-01 9.583275653296960961e-01 -2.630977876848795693e-01
-1.307026600683475204e-01 9.461919837244175957e-01 -2.960363906459967387e-01
-1.770682280297641298e-01 9.196684850729306415e-01 -3.505092298157928554e-01
-2.239597662413853607e-01 9.064886668025193828e-01 -3.579389893036173387e-01
-2.861869516616724618e-01 8.538092450598314676e-01 -4.348641187186639279e-01
-3.062180604547009022e-01 8.313110823849394482e-01 -4.638452152985316213e-01
-3.138144014484770539e-01 8.151065510189559049e-01 -4.869515704148785762e-01
