2.043721095135175858e-17 9.258715849364729245e-01 -3.778383360740721897e-01
3.810246785781911533e-02 9.262525444263940422e-01 -3.749725668455957672e-01
8.013063138122429596e-02 9.234439269286291996e-01 -3.752737610506214350e-01
1.339113724986328025e-01 9.113127707875637862e-01 -3.893286248338611588e-01
1.477272941719482424e-01 9.058509321081392729e-01 -3.970021855801930122e-01
1.646349392427103875e-01 8.907996263875638254e-01 -4.235225642257161027e-01
1.779233103874729160e-01 8.735506277799924835e-01 -4.530481170095999044e-01
1.832567025068281563e-01 8.532860683899726739e-01 -4.881801578084746795e-01
1.520030523083020224e-01 8.302029002409782033e-01 -5.363377821116351862e-01
1.448151465807080707e-01 8.274455562155806909e-01 -5.425517715572369948e-01
1.205852194297789559e-01 8.203837392546750040e-01 -5.589541351681633907e-01
1.018243764459526024e-01 8.168983781114843579e-01 -5.677224992901190870e-01
8.021265505124011708e-02 8.183835463833435409e-01 -5.690468354877764590e-01
1.429675802685415748e-02 8.399437243331994152e-01 -5.424851543251630881e-01
-7.979793639469580043e-05 8.455846809444521606e-01 -5.338413069296518154e-01
-5.930440429083316117e-02 8.662402264694362142e-01 -4.960956134435063336e-01
-1.378078121355645613e-01 8.752608673564025166e-01 -4.636026542082420376e-01
-2.258763616809228436e-01 8.592275224794310162e-01 -4.590293387656693702e-01
-3.675635137900907790e-01 8.201760767281327524e-01 -4.384156321267866363e-01
-4.035185244477410560e-01 8.075665346940499312e-01 -4.301268330036644438e-01
-4.965688414102080173e-01 7.711467386914429012e-01 -3.984370629673841258e-01
-5.785608580154619762e-01 7.350443307583081065e-01 -3.535210961067006830e-01
-6.539350845444378280e-01 6.982483859900431300e-01 -2.912354660135999529e-01
-7.559021776038673535e-01 6.422110262870285302e-01 -1.271884256097731702e-01
-7.672572419755309125e-01 6.335188547965892036e-01 -9.985081498575670844e-02
-7.981139251707666249e-01 6.024374325192360935e-01 9.127012005181123211e-03
-8.142060382443829791e-01 5.682652196331112737e-01 1.189250496813779312e-01
-8.103017995403309914e-01 5.390430594061982328e-01 2.298773015495594874e-01
-7.637783745901639554e-01 5.116481284799920815e-01 3.935210123123399351e-01
-7.536170476430241738e-01 5.064898702732038016e-01 4.189622379313497902e-01
-7.183590286714497397e-01 4.960037866243469651e-01 4.877915021610368385e-01
-6.790663575838497001e-01 4.822527802163972810e-01 5.534447921621072908e-01
-6.410941012458770683e-01 4.594603213861641611e-01 6.147312961119386632e-01
-5.932427597673671782e-01 4.045582245140001976e-01 6.959853956525797747e-01
-5.760240553960179755e-01 3.875230352284152469e-01 7.197375804920024267e-01
-5.359111535108354030e-01 3.654892578529210789e-01 7.610629658161056632e-01
-4.868076792899462824e-01 3.418430742062275041e-01 8.038417729886723206e-01
-4.328250169452533824e-01 3.171998951358612762e-01 8.438286148455380609e-01
-3.291607325871213630e-01 2.771891306075403016e-01 9.026734725224537792e-01
-3.149946951827906627e-01 2.717256106151693662e-01 9.093643574181441425e-01
-2.547356603970766242e-01 2.636213602746360629e-01 9.303835347473725648e-01
-1.862175960983997181e-01 2.654315709150435465e-01 9.459752047833525079e-01
-1.134895593630576571e-01 2.677104913960432486e-01 9.567921470790133887e-01
2.053151389930465975e-03 2.726215849473714314e-01 9.621191485414646305e-01
2.303953971662696040e-02 2.735683775335028822e-01 9.615765816737286142e-01
8.753995867584157820e-02 2.829195456236904826e-01 9.551404537234912118e-01
1.493230213534944562e-01 3.010336586808149417e-01 9.418499729973485168e-01
2.076940250633289298e-01 3.257674954436726722e-01 9.223549917820957900e-01
2.810190955020677728e-01 3.848163066527789944e-01 8.791727236995663386e-01
2.974441061293814914e-01 3.999350333366468169e-01 8.669365448744839053e-01
3.364592836872817294e-01 4.460209310508500002e-01 8.293735464102856003e-01
3.639896114015355177e-01 4.955271559854551588e-01 7.886471964527137501e-01
3.849785199911368583e-01 5.503250944984025006e-01 7.409006880215178725e-01
3.907913054951336895e-01 6.521830308850153912e-01 6.495686644035751911e-01
3.894896060678037508e-01 6.661350331819924087e-01 6.360518566380991556e-01
3.762224083530292806e-01 7.235788076609402930e-01 5.786971648081736808e-01
3.532364865488206718e-01 7.767506437520026452e-01 5.214234574714624593e-01
3.260297889278345740e-01 8.250320670613653373e-01 4.615481178080163560e-01
2.608924817707223287e-01 8.947246940644162372e-01 3.624952893305652402e-01
2.451035203193950573e-01 9.034880895817209989e-01 3.516156087420070353e-01
1.913117247889294104e-01 9.296555949962708176e-01 3.148655247092237985e-01
1.311935645905729086e-01 9.453263841085838282e-01 2.985737364843224495e-01
7.012429005781010971e-02 9.541704592605468882e-01 2.909318109427102006e-01
-3.498198026418319895e-02 9.577092836352896210e-01 2.856032021801861998e-01
-5.580365613561685117e-02 9.592102271923885759e-01 2.771311819543662569e-01
-1.129134586813210633e-01 9.591285361810670818e-01 2.594667645996011629e-01
-1.673504314627917711e-01 9.564210100656538316e-01 2.392753321891158691e-01
-2.171711924983121544e-01 9.522839097853282864e-01 2.144575209985186137e-01
-2.918418036237478974e-01 9.423236079374125440e-01 1.638736695795137976e-01
-3.027932069325284803e-01 9.401853724699136272e-01 1.561016951513497508e-01
-3.504827445231956662e-01 9.283825998126451484e-01 1.235621064752564641e-01
-3.980728112165973775e-01 9.126842118925274638e-01 9.244223240614259096e-02
-4.415090176696979674e-01 8.951733601146094621e-01 6.111008638071327437e-02
-5.132973208843122359e-01 8.581208003092899439e-01 1.243191254519637745e-02
-5.263197369694422312e-01 8.502781760353951279e-01 3.815473016385795280e-03
-5.701987134456932838e-01 8.213211116038277027e-01 -1.746593309071133027e-02
-6.147872759432049250e-01 7.880855211597597165e-01 -3.094861348563601733e-02
-6.518857435550297064e-01 7.572901699944047937e-01 -3.945346346712598484e-02
-7.006058645747208491e-01 7.117166015497953246e-01 -5.109698231713546979e-02
-7.109774488896102307e-01 7.009771548074722469e-01 -5.605439865383528286e-02
-7.325194530038507956e-01 6.757307520605727591e-01 -8.248152332851249602e-02
