5.705613932704967084e-18 9.478438918648270928e-01 -3.187349316509535124e-01
4.592566963504277761e-02 9.221433094951043685e-01 -3.841126782885316282e-01
5.847082413544430618e-02 9.127476187673216890e-01 -4.043178788521547551e-01
7.941289512863945743e-02 8.965826076428395908e-01 -4.356985422969117394e-01
9.767360496708246687e-02 8.788042844037896595e-01 -4.670791117212133026e-01
1.053175024839126533e-01 8.630732179339899446e-01 -4.939765623545500639e-01
9.871804003532799743e-02 8.380599694926538223e-01 -5.365726755114867963e-01
9.043365845616588294e-02 8.329057844258959120e-01 -5.459759222604205764e-01
2.266314984249119882e-02 8.158603536566548797e-01 -5.778046944863420853e-01
-4.576767354358982076e-02 8.027831398023009823e-01 -5.945120272185976384e-01
-1.664463837820080727e-01 7.908244948082362447e-01 -5.889755680307888763e-01
-4.259141140029160666e-01 7.942522668868395863e-01 -4.333134016369991626e-01
-5.912262308606561767e-01 7.763518232514725614e-01 -2.184705711907591330e-01
-6.750514020213843613e-01 7.335815034072084018e-01 -7.850976046188834490e-02
-7.352871571352835867e-01 6.659605185050337939e-01 1.258943380157306613e-01
-7.666061854587957747e-01 4.635619156824609677e-01 4.443256764414151294e-01
-7.724145368990826821e-01 4.051867394410458290e-01 4.890802483929500011e-01
-7.581127758727831401e-01 2.615246289621329656e-01 5.973858782266968648e-01
-7.173839642442841891e-01 1.051122209057351875e-01 6.887028886692865282e-01
-6.133604174929679909e-01 -1.493873367387746863e-02 7.896618469250445971e-01
-3.268277407695781567e-01 9.345730340298578909e-02 9.404516788778122249e-01
-2.536742639580967795e-01 1.144569935634877772e-01 9.604941251406616809e-01
-2.941710453930724764e-02 1.346142252379452786e-01 9.904613290402159986e-01
2.078121644106382948e-01 1.258714246570094009e-01 9.700363337410514708e-01
4.244739496167347359e-01 1.082424343916355697e-01 8.989468513175525866e-01
6.689136843193927984e-01 1.887858445799114882e-01 7.189675846771572676e-01
7.180318046571486645e-01 2.112099589044189041e-01 6.631897773340537094e-01
7.774655965139827263e-01 2.665821534510381952e-01 5.696325146079388446e-01
8.037844012108337211e-01 3.692200378657383708e-01 4.664838689692966112e-01
7.918568510879642197e-01 5.082914153513556910e-01 3.385300052656621816e-01
7.838703851692713220e-01 6.197311221528194469e-01 -3.847798708073527085e-02
7.723049352408472012e-01 6.289480332205270585e-01 -8.927182372205294536e-02
7.029146345585829403e-01 6.737175719535916096e-01 -2.280693968166935537e-01
5.467579477996624693e-01 7.546030939084173994e-01 -3.628083752916214655e-01
3.176281844748708449e-01 8.340054885539446294e-01 -4.511620346273536586e-01
1.237955776976763095e-01 7.348301675422644896e-01 -6.668577658034028355e-01
7.223464045332207706e-02 7.175309418230431113e-01 -6.927708887107744129e-01
-7.774829697192178757e-02 7.097074993529133291e-01 -7.001931645483269184e-01
-2.262932988998300754e-01 6.788774572369407068e-01 -6.985103728138459811e-01
-2.755298261432961304e-01 6.555959476595987212e-01 -7.030485533146041410e-01
-3.916984277919658419e-01 5.828007204705952793e-01 -7.119800993597062977e-01
