-6.911788849595090767e-18 8.882986959354021161e-01 -4.592661829478241198e-01
-7.172914883778176362e-03 8.966154453408602398e-01 -4.427519536583449655e-01
-8.386882242120204112e-03 8.971415153497876993e-01 -4.416636295215435881e-01
1.811974662056175557e-03 9.173106649217797059e-01 -3.981681312819831953e-01
1.351745684927243944e-02 9.385263037478375203e-01 -3.449429743214812993e-01
2.243755844106209638e-02 9.490356291607674466e-01 -3.143690992362804248e-01
5.474855932152470489e-02 9.451953156748673646e-01 -3.218826035661219720e-01
6.182144853656450917e-02 9.435496538368035591e-01 -3.254107546552345021e-01
4.774399248346945096e-02 9.310237439491786393e-01 -3.618221930514944340e-01
1.628665373208205286e-02 9.203577143272958505e-01 -3.907383044806935768e-01
-5.146413708123066810e-02 8.793755419639314175e-01 -4.733393061960167736e-01
-6.283909219942522550e-02 8.708756201758339754e-01 -4.874698992501062533e-01
-1.098638244372887179e-01 8.377899001866108142e-01 -5.348252268034121570e-01
-1.512086372726937078e-01 8.241591942549306715e-01 -5.457999363678952554e-01
-1.887729569567957733e-01 8.288241902886495094e-01 -5.267022235705411948e-01
-2.779185613686307454e-01 8.282584208786507585e-01 -4.865688661334534038e-01
-3.063751519264796830e-01 8.189151186947555283e-01 -4.852960896763764409e-01
-3.691208332488908339e-01 7.954613678390207721e-01 -4.806152543743472672e-01
-4.465957135204541850e-01 7.608241240069700817e-01 -4.708491488727389318e-01
-5.231635768281763799e-01 7.174637573517721467e-01 -4.599408970368109584e-01
-6.438941915328378895e-01 6.315047199667608302e-01 -4.319746043113833478e-01
-6.678639752580587396e-01 6.134161304422377503e-01 -4.215191116257661075e-01
-7.301062319433665460e-01 5.741243443862735774e-01 -3.705754002365654887e-01
-7.871410008223145294e-01 5.331780500672155254e-01 -3.100487248013875652e-01
-8.406079030974710209e-01 4.877215045521934855e-01 -2.355972988966927861e-01
-9.082509123123302386e-01 4.158835373766801569e-01 -4.605609213643201139e-02
-9.253397526031617026e-01 3.646236238845022015e-01 1.039035858748512953e-01
-9.235943546447762387e-01 3.278332566797366732e-01 1.987431102782119263e-01
-9.088727205041143842e-01 3.013979276708780297e-01 2.882874730527670848e-01
-8.502555444073521818e-01 2.854682011616285209e-01 4.422368317204045662e-01
-8.330100788568701731e-01 2.817271076251451900e-01 4.761554844292363864e-01
-7.848499925701989399e-01 2.745906380569166361e-01 5.555272006428253473e-01
-7.292765750573533268e-01 2.665167352219585117e-01 6.301781549048213193e-01
-6.680996661520079982e-01 2.378447142767781963e-01 7.050338488173268914e-01
-5.648430561247553827e-01 2.128306853910428287e-01 7.972800143636020742e-01
-5.429411796183575278e-01 2.078452766938157781e-01 8.136431751269702639e-01
-4.686847635853188532e-01 1.983548306609673462e-01 8.608077331997157078e-01
-4.007586155658317550e-01 1.807662087538962903e-01 8.981737637130694507e-01
-3.336712136172830800e-01 1.591112899044166418e-01 9.291647424585813830e-01
-2.184914812751899971e-01 1.616613434862914922e-01 9.623549670638068543e-01
-1.403344261215443700e-01 1.746456185931456739e-01 9.745794768777731321e-01
-7.565567889846985805e-02 1.878989489880728281e-01 9.792702401378227117e-01
-1.152820076472237283e-02 2.017539214541453907e-01 9.793683963478723165e-01
8.890729256154830673e-02 2.222732323447632330e-01 9.709222953009093438e-01
1.108582655739593914e-01 2.267386982367526060e-01 9.676259647590260693e-01
1.676672479337480148e-01 2.406400635407085487e-01 9.560230404072105337e-01
2.199986946322562420e-01 2.590457993348730947e-01 9.404763942848644032e-01
2.621104598204621050e-01 2.839941547450393622e-01 9.223044112023731644e-01
3.180642928654904833e-01 3.424391079168718210e-01 8.840647956869860380e-01
3.283808299311581913e-01 3.552686666424335615e-01 8.751858117199065035e-01
3.465492099077239763e-01 3.997032626692358925e-01 8.486111871310088040e-01
3.574153260517297093e-01 4.525793819964759046e-01 8.169615582724955027e-01
3.716953225818598328e-01 5.102592985575439277e-01 7.755501501555721600e-01
3.710595828601579438e-01 6.169018985748940809e-01 6.940798466331783434e-01
3.486973446084921102e-01 6.913211542354722461e-01 6.328390186844683463e-01
3.247999987338464067e-01 7.493825378181249164e-01 5.770015362507798784e-01
2.927649131347601075e-01 8.006359438073052948e-01 5.227530881027695475e-01
1.934513437404790093e-01 8.821492267623369798e-01 4.294057746789323726e-01
1.686469781676151469e-01 8.974000532325322466e-01 4.077147792430150797e-01
1.020316773981684438e-01 9.333290347215928984e-01 3.442186075054282091e-01
3.645197174484433172e-02 9.574410634218077920e-01 2.863177672266090101e-01
-3.315702484527654342e-02 9.699928971594899973e-01 2.408617677497796317e-01
-1.515236441167608084e-01 9.684057795209349839e-01 1.980677446330609826e-01
-1.832840286893502035e-01 9.632174014001181339e-01 1.965176899604835770e-01
-2.369409688654807444e-01 9.509194360295201154e-01 1.990256351689068670e-01
-2.910712136993530708e-01 9.418480817778557279e-01 1.679277803311856054e-01
-3.422893883066740472e-01 9.296389034637433380e-01 1.364165819076691988e-01
-4.245927966172742818e-01 9.016463569021364588e-01 8.218761552586237307e-02
-4.678640491914170529e-01 8.827219739194124282e-01 4.364800378055978813e-02
-5.056419765735904459e-01 8.626430639970376069e-01 1.315810261989595886e-02
-5.446142929788259091e-01 8.385154442236424366e-01 -1.694466528442496386e-02
-6.018629392879157880e-01 7.963872212472048462e-01 -5.940030425735572800e-02
-6.138159229771926739e-01 7.865291762569232015e-01 -6.783706653639386130e-02
-6.507996425271255214e-01 7.539473483147137722e-01 -8.957243580352940160e-02
-6.849252319405304545e-01 7.204449180696753663e-01 -1.087958945860978410e-01
-7.191136620828094683e-01 6.835535340100962198e-01 -1.250204269236002419e-01
-7.535436887061686129e-01 6.399598485242308232e-01 -1.504104434138290869e-01
-7.589315822614909335e-01 6.323861393718986923e-01 -1.552759613603325040e-01
-7.692183776009884344e-01 5.418259642255003339e-01 -3.387147945573237839e-01
-7.641017199684236871e-01 5.210417733158221321e-01 -3.803472518649240741e-01
-7.625522777453012102e-01 5.146075146800379585e-01 -3.920371532652071611e-01
-7.609429794159623395e-01 4.973346586076972109e-01 -4.166821563555648811e-01
-7.593600848448661678e-01 4.777641479732007146e-01 -4.417167423313714814e-01
-7.585253447921221914e-01 4.599461102443273552e-01 -4.616155077324693989e-01
-7.387801743701316592e-01 4.374648899729413620e-01 -5.126678495854798401e-01
-7.313753831153092522e-01 4.338707379103264872e-01 -5.261617923776712447e-01
-7.274962941677259876e-01 4.261870704433221024e-01 -5.376929634644330713e-01
-7.241904751993276657e-01 4.088407596419406098e-01 -5.553353841472491448e-01
-7.237444537418505908e-01 4.073028349803738957e-01 -5.570443126851408744e-01
-7.163523968089341443e-01 4.064450977632570461e-01 -5.671345749381813128e-01
-7.036929884816047753e-01 4.165000909334707346e-01 -5.756247494802831932e-01
-6.890936908133226124e-01 4.283019709037069744e-01 -5.845573598897485512e-01
-6.765054039890743276e-01 4.400836951538057429e-01 -5.904801263661221267e-01
-6.667776159539129388e-01 4.506209817922697813e-01 -5.935893712250812637e-01
-6.480336629988915353e-01 4.657089175761200406e-01 -6.026338653862041150e-01
-6.134963532877332204e-01 4.928000797683642631e-01 -6.170658845560552663e-01
-5.470153715761062463e-01 5.392840931020267403e-01 -6.402709193666218379e-01
-5.228213295111300285e-01 5.599770608279803774e-01 -6.427157604685532766e-01
-4.842939920365755824e-01 5.968080206279291478e-01 -6.397495727168956980e-01
-4.594385379168756667e-01 6.222127881630581392e-01 -6.338513044264852958e-01
-4.415578035962128833e-01 6.394422210445703803e-01 -6.293968160301379733e-01
