-7.589415207398531038e-18 4.613154047488585152e-01 -8.872362128212514243e-01
2.106619046310648224e-02 4.634960476277994457e-01 -8.858485364060724176e-01
4.508734962032946714e-02 4.646467833623149635e-01 -8.843474982241246174e-01
7.843589198928338502e-02 4.632492846456356395e-01 -8.827501974642386617e-01
1.145480415484150111e-01 4.611873532773159146e-01 -8.798778161509055451e-01
1.516405418108890957e-01 4.569844049468350655e-01 -8.764533072073414921e-01
1.867781296105270328e-01 4.419634054544742119e-01 -8.773723716520126503e-01
2.077934990306038454e-01 4.305572292319005401e-01 -8.783179003736443224e-01
2.320938895224898546e-01 4.014023576174053365e-01 -8.860070957647634415e-01
2.454905595122517936e-01 3.723180282403922847e-01 -8.950495355216648852e-01
2.455866319117385732e-01 3.481314060286730960e-01 -9.047053279177412755e-01
2.330966026217480003e-01 3.215093279879991939e-01 -9.177677951763747455e-01
2.269444121477485476e-01 3.146851107905166978e-01 -9.216667048568442100e-01
2.105937362793015022e-01 2.887192348218083349e-01 -9.339654606482156174e-01
1.781591290110858539e-01 2.688575290890219405e-01 -9.465595352655622463e-01
1.257714145458738442e-01 2.414827108925023391e-01 -9.622201679569692967e-01
4.020666504450048223e-02 1.875384184233797880e-01 -9.814340353285373464e-01
-4.213364863713981584e-02 1.199350403918281460e-01 -9.918872626154309202e-01
-1.623016801649361518e-01 4.838173156087578752e-02 -9.855543479011241725e-01
-2.826861755609776927e-01 2.771301825034681171e-02 -9.588120330733047592e-01
-4.231741762357970060e-01 2.273804724220932069e-04 -9.060483236921064165e-01
-5.591357881105820660e-01 -1.390154253294325626e-01 -8.173382910242461552e-01
-6.646372193455836186e-01 -2.250458966558694929e-01 -7.124687439171814018e-01
-7.957462724361079598e-01 -2.708849807906223983e-01 -5.416725921496340357e-01
-8.839295167272254172e-01 -3.133297903851499089e-01 -3.471210911419407852e-01
-9.211480165487794247e-01 -3.537330551334932349e-01 -1.623553427336913990e-01
-9.232132789686707808e-01 -3.798176947959986949e-01 5.844450577914805933e-02
-9.166013210421849466e-01 -3.607207051648574359e-01 1.724024104503461552e-01
-8.873356633879206923e-01 -3.111502220840696165e-01 3.403247857223342665e-01
-8.372063921692491917e-01 -3.298327437664761996e-01 4.362290889549060857e-01
-7.619382767600948458e-01 -3.933662938268325249e-01 5.145026931793449387e-01
-6.197097833383587995e-01 -4.389211405699998125e-01 6.506212544910093820e-01
-5.542501102604436847e-01 -4.470817338307243594e-01 7.020859908524021975e-01
-4.699184855542460348e-01 -4.446537920683464318e-01 7.625349973172664830e-01
-3.361241061097029470e-01 -3.684594277915068661e-01 8.667515418870095356e-01
-1.865045983844102750e-01 -3.321006965235175357e-01 9.246216318852076288e-01
-4.784144301090666185e-02 -3.500682054331585857e-01 9.355017091782578120e-01
2.145838204175358477e-02 -3.672316938828542598e-01 9.298819391987778182e-01
1.016543976279970646e-01 -3.726582537807564544e-01 9.223839815022625288e-01
2.080669227551715517e-01 -3.478755882894314921e-01 9.141612170331201437e-01
3.262283155564957293e-01 -3.122501481828547365e-01 8.922303128054756005e-01
4.938454606288893989e-01 -2.260217614432868394e-01 8.396611366321022896e-01
5.589435083719394015e-01 -1.905750566677119340e-01 8.070088613051074056e-01
6.409915980683518200e-01 -1.365994305365192951e-01 7.552948873008998865e-01
6.863171653066950650e-01 -9.788864686041592877e-02 7.206847864505113721e-01
7.017600289859439178e-01 -3.239463712432631703e-02 7.116765060076315486e-01
7.674033715161941993e-01 1.304189347462321735e-01 6.277602781677382726e-01
7.941790616869914832e-01 2.317477656853171031e-01 5.617584810911473436e-01
8.172333085224146032e-01 4.127189429825149913e-01 4.022347493005834496e-01
7.951728872562123795e-01 5.368645733694162869e-01 2.819157839382066544e-01
7.260827521135487794e-01 6.407831520073473675e-01 2.494008604370549775e-01
5.273458920100573266e-01 8.337104232496289624e-01 1.638085478387537042e-01
3.837848846589677065e-01 9.198193743678323431e-01 8.149528112027359938e-02
1.848130229662776902e-01 9.813648852979967030e-01 -5.260331212115627875e-02
1.630416298631555058e-02 9.715884563232861648e-01 -2.361144760675408794e-01
-1.545558915253648913e-01 8.976143969393192146e-01 -4.127964035721023439e-01
-4.311553714092078993e-01 7.750821752983682034e-01 -4.619011444451477377e-01
-5.419486641812203409e-01 7.121081124480452829e-01 -4.463111936506556354e-01
-6.667078137818407413e-01 6.048137339800450096e-01 -4.355468266803853572e-01
-7.587594830697379500e-01 4.841559986469070598e-01 -4.357487989954301200e-01
-8.172156599170022906e-01 3.599469423578786076e-01 -4.501075025742543034e-01
-8.784328890410827428e-01 2.262303975283688484e-01 -4.209221622641090566e-01
-8.915166935997124176e-01 1.832742813799357884e-01 -4.142565905543383886e-01
-9.186084889068706349e-01 1.010237104457545193e-01 -3.820375034417535787e-01
-9.389811097867969414e-01 -7.410027906400010189e-03 -3.438888875058070949e-01
-9.425844260183909862e-01 -8.969935641582427177e-02 -3.216964800649320111e-01
-9.095291275737362735e-01 -1.511939332001783487e-01 -3.871655468380652554e-01
-8.971925021329675287e-01 -1.470594960983006849e-01 -4.164362120705866754e-01
