1.761828530288944705e-18 9.943037536578295255e-01 -1.065835140251522456e-01
3.370991313117144977e-02 9.917006346366018521e-01 -1.240705163124974086e-01
8.630199883081363099e-02 9.772421975491449864e-01 -1.937773266590397947e-01
1.031095305762085163e-01 9.679297516453334582e-01 -2.290860549753238606e-01
9.817908046738074712e-02 9.478108536171775400e-01 -3.033404917317452654e-01
6.116366020050317126e-02 9.222652196546321512e-01 -3.816881859401344834e-01
-1.751675530842066245e-02 8.883995945656666393e-01 -4.587366604698433492e-01
-1.793265739386560587e-01 8.486572827923571927e-01 -4.976171181168480007e-01
-2.248596026530816638e-01 8.426799096609841611e-01 -4.892123556784451766e-01
-3.647964869861755055e-01 8.096783572208293700e-01 -4.597221779844041789e-01
-5.265961506220637744e-01 7.583900652041621893e-01 -3.841106652380943398e-01
-6.922043187430887423e-01 6.754862024281654831e-01 -2.541093690570885855e-01
-8.866113653503980840e-01 4.595774116164106915e-01 5.204699379852041619e-02
-9.303472414990985317e-01 3.581902902663094967e-01 7.844568945426202977e-02
-9.480165143772216751e-01 2.328892192408990314e-01 2.168577875692438706e-01
-9.240062864514134722e-01 1.429068824245618152e-01 3.546688674721267809e-01
-8.879649457519480649e-01 3.540323319472511027e-02 4.585464711401668336e-01
-7.417072021420402228e-01 -1.165013750757471350e-01 6.605284671352829040e-01
-6.963472177539347108e-01 -1.334712393366855043e-01 7.051850683304938805e-01
-5.368255767942424761e-01 -1.054793450789338338e-01 8.370737171009781097e-01
-3.675492397281299173e-01 -3.794491900583050331e-02 9.292296484168566240e-01
-1.810837688088711706e-01 5.587513389224461197e-02 9.818791361906510362e-01
6.952323237796230460e-02 1.913665203685046556e-01 9.790533055159819087e-01
1.395030685693019468e-01 2.324608796483013107e-01 9.625491329240738470e-01
2.378605416921838744e-01 3.382118767038867491e-01 9.105136402944963292e-01
2.558501166396834337e-01 4.658202082192101079e-01 8.470845597873166710e-01
2.681393565217832231e-01 5.578089577841705005e-01 7.854619354875330695e-01
3.254143702132812899e-01 6.170662553968422337e-01 7.164738125774121613e-01
3.314148503636006882e-01 6.496552228671301776e-01 6.841873196427509241e-01
2.996106470489905971e-01 7.328238342025820140e-01 6.109031741606121280e-01
2.127281870725064583e-01 8.390529431450335363e-01 5.007363348355120536e-01
1.533196457008856317e-01 9.069018082636854938e-01 3.924566172333094349e-01
1.346457957169745756e-01 9.043656604608379945e-01 4.049608152339868594e-01
1.161619914402323567e-01 9.148872301887280845e-01 3.866364542852070985e-01
4.223778882394145506e-02 9.414551303661703452e-01 3.344819975760748854e-01
1.214007814225286953e-02 9.575631203007176628e-01 2.879678613016623534e-01
1.067642159313218243e-02 9.689033245709012254e-01 2.472091455780322800e-01
-1.498251965429629393e-02 9.800046185404317489e-01 1.984098579814801699e-01
-2.175303703710601208e-02 9.828640564115964651e-01 1.830438526523202325e-01
