-7.562310153086393427e-18 8.232564854243635821e-01 -5.676695862971035123e-01
-1.600804552384483908e-04 8.274968652134399028e-01 -5.614703130497443739e-01
1.533037679449400330e-02 8.450082631474784556e-01 -5.345334552297176245e-01
3.617878226476662490e-02 8.598772762814399506e-01 -5.092172085158266359e-01
5.106042183467608686e-02 8.735422253717702867e-01 -4.840628201118119533e-01
5.789736377190032174e-02 8.895094004007960686e-01 -4.532338489862388076e-01
9.641206805117710776e-02 9.025686530685206321e-01 -4.196123683021886208e-01
1.333792322710420641e-01 8.881140273830717691e-01 -4.398448075903678700e-01
1.495896647299479743e-01 8.667983818640672133e-01 -4.756926501469371793e-01
1.256852029585588948e-01 8.433054766405406744e-01 -5.225314371646326839e-01
1.110186406626757771e-01 8.270433774017146300e-01 -5.510663420327690520e-01
8.516376943233161523e-02 7.949278845799281346e-01 -6.006969208289292261e-01
4.447516554210827894e-02 7.454867446516927343e-01 -6.650349413366369866e-01
-7.097541235861020564e-03 6.853062302137017392e-01 -7.282204307341906269e-01
-6.893546939506459137e-02 6.133478702318702069e-01 -7.867987615275654489e-01
-7.811546693734351676e-02 5.991105976053880955e-01 -7.968465759869182152e-01
-1.035158060732933594e-01 5.772310583659353567e-01 -8.099930759893805288e-01
-1.527336391810338589e-01 5.518462352696746898e-01 -8.198403308457107297e-01
-2.877647907496429514e-01 5.282611312697574890e-01 -7.988313979773269402e-01
-4.040356457458865180e-01 5.024858831631118239e-01 -7.643710710044514522e-01
-4.898567783902170736e-01 4.841805484458238662e-01 -7.249893331435013355e-01
-5.730870058818822166e-01 4.633728674609930431e-01 -6.759118799002694633e-01
-7.245813197943120620e-01 4.286858089337465816e-01 -5.396391277733225689e-01
-8.542487823149038650e-01 3.891272023963483484e-01 -3.447303848933183090e-01
-9.272209260815665877e-01 3.463111770254730382e-01 -1.425830386254756943e-01
-9.541778629856408900e-01 2.982302073091820938e-01 2.456316829071571867e-02
-9.418309645939499930e-01 2.375809185430615700e-01 2.377177765255789610e-01
-9.296929181443549517e-01 2.213766991025414299e-01 2.943865401928161263e-01
-8.868144812368361496e-01 1.966113933456402896e-01 4.182152984711665078e-01
-8.486672603694905836e-01 1.706165285585281022e-01 5.006534543569832740e-01
-8.080802922754778406e-01 1.474841906955353388e-01 5.703110157895087129e-01
-6.885913330774092733e-01 1.492889930060846415e-01 7.096159331482809751e-01
-6.004712367338708168e-01 1.400848085472295723e-01 7.872804711597906069e-01
-5.271165051568135196e-01 1.297787310954439388e-01 8.398247858610292660e-01
-4.455357226864951614e-01 1.211094490563985465e-01 8.870346223003238162e-01
-2.958224790976088370e-01 1.273409542285895146e-01 9.467171395072009332e-01
-1.623763941949089018e-01 1.303348746800316871e-01 9.780831902503999142e-01
-6.469531556675495176e-02 1.273310094127937109e-01 9.897481145148178117e-01
3.277898804786669174e-02 1.226537947891301050e-01 9.919080524758250306e-01
1.940278731235356713e-01 1.433713296930685666e-01 9.704626970024136101e-01
2.395938911990083686e-01 1.526396997727576810e-01 9.587991913604223537e-01
3.297923775321568440e-01 1.899335852919805945e-01 9.247498153013177236e-01
4.088589783480598983e-01 2.355794671350738556e-01 8.816669725517313205e-01
4.701200332633687085e-01 2.882555606793557601e-01 8.342037437352337603e-01
5.273561495218415107e-01 4.251844801834802623e-01 7.356042749825485449e-01
5.547713250587232858e-01 5.148023023289872713e-01 6.536110207220822144e-01
5.631944179117687188e-01 5.883145052970134570e-01 5.802569176581646726e-01
5.509898156957320214e-01 6.587369902309266889e-01 5.123239216560976361e-01
4.926518564276214929e-01 7.681105214477149667e-01 4.090236853774338877e-01
4.171850164961269924e-01 8.476552476359123789e-01 3.277762089695143155e-01
3.423446159165623448e-01 8.988738858394574871e-01 2.735432348072517339e-01
2.618761056073176663e-01 9.398047235086118834e-01 2.195176233992303105e-01
9.268757237295471851e-02 9.837189116563315183e-01 1.539679082708181879e-01
2.871605773963945007e-02 9.887912924658180946e-01 1.465167839248148751e-01
-6.028494960586777696e-02 9.861352841162486227e-01 1.546057122876887124e-01
-1.440627874537470099e-01 9.753805882797045301e-01 1.669689230910772204e-01
-2.251586873421095314e-01 9.605853840214497730e-01 1.630315476180675405e-01
-3.620469932822868997e-01 9.214854776896556077e-01 1.406644555753982784e-01
-4.313344434719799669e-01 8.945021212983647052e-01 1.175438338129363713e-01
-4.858854670685197052e-01 8.684984282905668929e-01 9.811112550787248754e-02
-5.419917264205234009e-01 8.369460684685606777e-01 7.593580819823902983e-02
-6.161894590321533860e-01 7.868785543143984595e-01 3.365548005517812746e-02
-6.540582901802464155e-01 7.564384378247259733e-01 -2.939868667320350015e-03
-6.782128207426980637e-01 7.342533923463416823e-01 -2.998875802900111132e-02
-7.052845959112697960e-01 7.066535422594846239e-01 -5.669576688254129859e-02
-7.268264361854593902e-01 6.784389846550892278e-01 -1.069760522832847588e-01
-7.524472629824796588e-01 6.404787647463205946e-01 -1.536556811159365266e-01
-7.759405175359010975e-01 6.029065739224430676e-01 -1.855262147709033360e-01
-7.934968397524641004e-01 5.666987288031685166e-01 -2.218452525426798383e-01
-7.964042228118533018e-01 5.435514482737441311e-01 -2.651266432612217061e-01
-8.028595327534716608e-01 5.243330685557386905e-01 -2.837100701170126027e-01
-8.200460425543535381e-01 4.800307873968935879e-01 -3.116005957023542106e-01
-8.177469517632250939e-01 4.750181086418222010e-01 -3.250349509580462426e-01
-8.161734307432174651e-01 4.738207233172207489e-01 -3.306884532365659268e-01
-8.139659058159641747e-01 4.733126559908811815e-01 -3.368005846907856093e-01
-8.101708734633585873e-01 4.777483219047387042e-01 -3.396758700714909707e-01
-7.945269546423435747e-01 4.920141745488060270e-01 -3.558777464099442955e-01
-7.457917844300872012e-01 5.228321518342458063e-01 -4.128451953032253874e-01
-7.405425249716877101e-01 5.259500763623092823e-01 -4.182980825715538753e-01
-7.142382382402262531e-01 5.435646863925648331e-01 -4.409094813478728891e-01
-6.866985613137347455e-01 5.593070271147230210e-01 -4.643497984383510024e-01
-6.549054340753558412e-01 5.825437317802547588e-01 -4.813955473226815829e-01
-5.833467108617893526e-01 6.413599178418791791e-01 -4.983613856556203814e-01
-5.726462261621678707e-01 6.506126012663906444e-01 -4.987780495727610619e-01
-5.351161878362613589e-01 6.789965247384200930e-01 -5.026075854070801707e-01
-5.053803365032861761e-01 7.025223760108494364e-01 -5.010519201439066483e-01
-4.869086490709271242e-01 7.195546319597472262e-01 -4.951374547387803471e-01
-4.495720119399290726e-01 7.434238441574829714e-01 -4.951827884916789047e-01
-4.254412330657869057e-01 7.575573253039720178e-01 -4.950824740240303834e-01
