1.040834085586084257e-17 8.924621865811726007e-01 -4.511222068605712510e-01
1.994846935333876789e-02 8.948241869804250959e-01 -4.459727939743411973e-01
4.546885417270183499e-02 8.957014286834980021e-01 -4.423251450625000913e-01
7.056227421305574787e-02 8.928851525182934790e-01 -4.447213395714957329e-01
7.331671721104300599e-02 8.696395213696455073e-01 -4.882128243393137890e-01
7.960159818893638994e-02 8.602402217463185341e-01 -5.036371178295060425e-01
8.576410631105971238e-02 8.458787478168019458e-01 -5.264348602254074194e-01
9.415265156696030202e-02 8.329657837320306735e-01 -5.452552442064125815e-01
8.696022940050820993e-02 8.199665999934754312e-01 -5.657673491796346710e-01
3.717662947783385158e-02 8.018097791204695790e-01 -5.964218107408978398e-01
1.940601127307564969e-02 7.928544037964387892e-01 -6.091020449046801177e-01
-1.567935858881144492e-02 7.824326083059833792e-01 -6.225378471817910597e-01
-8.655217937026196684e-02 7.732602864634511297e-01 -6.281538423226586954e-01
-1.677028019205563936e-01 7.654675162940143274e-01 -6.212368724783388085e-01
-2.744363156689515471e-01 7.582211430641602190e-01 -5.914265861901454313e-01
-3.261071148134586095e-01 7.533467056003729789e-01 -5.710717037545343100e-01
-3.966937650042273167e-01 7.509403838274831822e-01 -5.279418497749568395e-01
-4.585095693866293454e-01 7.492348706369322819e-01 -4.779289522539380553e-01
-5.306660315010729434e-01 7.378252606119078960e-01 -4.171419995803262171e-01
-6.602289829940953814e-01 6.971149021891134279e-01 -2.795147637611393732e-01
-6.852720304484105629e-01 6.877563606157492959e-01 -2.395692649688028197e-01
-7.485409788971743028e-01 6.543223256003397603e-01 -1.074648646424645887e-01
-7.878641040724396749e-01 6.157617989508106238e-01 1.037113624409841117e-02
-8.069091822744116627e-01 5.800012407536329073e-01 1.117861005916505335e-01
-8.078162074823523886e-01 5.417029099769168354e-01 2.323594892647374566e-01
-8.035497716131041468e-01 5.239984248841210723e-01 2.823710595289262715e-01
-7.852787807695249533e-01 4.953519599607533741e-01 3.714346136753660654e-01
-7.567635003640668101e-01 4.650968952102871312e-01 4.593407042517310135e-01
-7.235031752400817862e-01 4.354859674208690912e-01 5.356259213266563179e-01
-6.760550190687314442e-01 4.013078312213229637e-01 6.179819057160294005e-01
-6.501623605944687467e-01 3.825107414027502095e-01 6.564864336585686244e-01
-6.066563896955453616e-01 3.522415965012566930e-01 7.126667401638807631e-01
-5.555957138142774143e-01 3.191358305023315189e-01 7.677667122771023589e-01
-4.978711504643810737e-01 2.899499545987525018e-01 8.173453011814866276e-01
-3.865513559020836154e-01 2.663821209116866151e-01 8.829601434429824591e-01
-3.477997081804719559e-01 2.571533019251688867e-01 9.016138543182228293e-01
-2.761792808735559768e-01 2.437043319906068151e-01 9.296952206961041076e-01
-2.100375185069466855e-01 2.323795255388432235e-01 9.496757325159921326e-01
-1.440419195307635902e-01 2.216736576047836915e-01 9.644235143037576119e-01
-5.839362207550072986e-02 2.183120841009372759e-01 9.741303910855101389e-01
-2.772321298161263201e-02 2.174132293244389891e-01 9.756858670579866555e-01
1.858836829333121096e-02 2.244226348470254040e-01 9.743146070610407827e-01
6.249824930833648012e-02 2.417444591027205214e-01 9.683251444254281637e-01
1.033085099145934077e-01 2.737742558527220260e-01 9.562295794481128208e-01
1.673274068585000329e-01 3.423063680189730174e-01 9.245690289684536101e-01
1.827626836786548359e-01 3.629396141430294986e-01 9.137136520487612046e-01
2.170352022234135203e-01 4.095745994266689616e-01 8.860837254460358636e-01
2.429720453856377971e-01 4.551611731524964899e-01 8.566171207812524058e-01
2.608674453357795464e-01 5.039550644392346568e-01 8.233938723296591045e-01
2.630002855837701436e-01 5.884242025141332988e-01 7.645834210067999903e-01
2.618749474064766547e-01 6.131335973975817755e-01 7.453111455379928252e-01
2.563177929304528702e-01 6.595738845201536416e-01 7.065857908890161854e-01
2.433598244773152175e-01 7.046794200996145952e-01 6.664854917539027035e-01
2.233058877741791737e-01 7.519802074836073880e-01 6.202098419392392259e-01
1.842787562103705978e-01 8.154659774001961070e-01 5.486862306567403813e-01
1.700275037976121395e-01 8.356866039897555831e-01 5.222246143800793883e-01
1.493940361471261802e-01 8.620495795252538507e-01 4.843056311917134926e-01
1.329606410263269034e-01 8.808858365727088024e-01 4.542704160117268519e-01
1.117065577481272803e-01 8.988117727636906196e-01 4.238620555056282768e-01
7.025004513401666983e-02 9.267038612700634337e-01 3.691678272355589652e-01
5.136626720240838884e-02 9.363625662542313099e-01 3.472558870796592090e-01
3.482787078024791871e-02 9.481403267387379374e-01 3.159381905194015294e-01
1.766028377170396693e-02 9.582638055570215085e-01 2.853394352985193505e-01
-5.777518555587359689e-03 9.680565040688815515e-01 2.506655644664335103e-01
-4.070950953521661198e-02 9.771611952426132452e-01 2.085635019494772591e-01
-5.203138291572953489e-02 9.794385253324526808e-01 1.949177013163939653e-01
-7.390138743259060117e-02 9.835283590682751820e-01 1.649562118988070480e-01
-9.645944644424969683e-02 9.862943346992270044e-01 1.338620952020326549e-01
-1.163886901268251367e-01 9.874376900737827922e-01 1.068666507022365403e-01
-1.422589999852654219e-01 9.872471484708624789e-01 7.145239505672854041e-02
-1.520827913960369759e-01 9.866893398671678916e-01 5.757578617511067975e-02
-1.702962352113788491e-01 9.848829486513510645e-01 3.169810291880499620e-02
-1.878653415148593686e-01 9.821203968307101739e-01 1.208882072800682161e-02
-2.311274663784594341e-01 9.723646879644778362e-01 -3.296980262631127312e-02
-2.453335258097405214e-01 9.680679970720595939e-01 -5.153459186461584185e-02
-2.602101515705664836e-01 9.625552420825127520e-01 -7.601370244303595758e-02
-2.925269282564939011e-01 9.488347246700644666e-01 -1.189145134334032433e-01
