1.138412281109779656e-17 9.988295356671103020e-01 -4.836898468052500816e-02
2.671423360128032456e-02 9.986524458680990923e-01 -4.449316896737455507e-02
6.577174112237862968e-02 9.969786619072477096e-01 -4.132342884326756227e-02
1.088852529086201115e-01 9.925672321482981175e-01 -5.435339331165889298e-02
1.484726004896332607e-01 9.845147893938366312e-01 -9.320148265266504917e-02
1.774166747090706042e-01 9.616050816506818144e-01 -2.093776264999707981e-01
1.810723793311217467e-01 9.550032542633920540e-01 -2.349075941507576537e-01
1.660745186268623441e-01 9.312709851909294345e-01 -3.242739681262923335e-01
1.196835209335080502e-01 8.972329690559410764e-01 -4.250280626688301422e-01
1.746833814435839322e-02 8.505439624498098983e-01 -5.256137603817565562e-01
-2.080629437425738082e-01 7.427295552494510567e-01 -6.364452994563845056e-01
-2.598290175616026487e-01 7.211335766393132118e-01 -6.422267872616057582e-01
-4.055659746648132558e-01 6.689673749469116082e-01 -6.228955702610337042e-01
-5.664614254472556398e-01 5.962223234437713515e-01 -5.688940099065676881e-01
-7.219271596730849616e-01 5.025280975049390975e-01 -4.756960030780356119e-01
-9.296541590121391030e-01 3.094579186948522853e-01 -1.999473460401074154e-01
-9.504178816964117260e-01 2.731736399864801434e-01 -1.486001768782355403e-01
-9.881260435057580560e-01 1.515490092065475136e-01 2.529466256289739090e-02
-9.834407627248553663e-01 5.223102245124461307e-02 1.735401581906977631e-01
-9.517358169081304720e-01 -4.089783716843894967e-02 3.041813632179950488e-01
-8.757346266567747062e-01 -1.915013146350331152e-01 4.431885717923842449e-01
-8.552197102089877934e-01 -2.188455934208445031e-01 4.697934157800994215e-01
-7.931827250035806687e-01 -2.673882758109618063e-01 5.471422801381152778e-01
-7.283243412061273236e-01 -2.830440583413717515e-01 6.240430394165988881e-01
-6.684460434877453894e-01 -2.635069033299484165e-01 6.955170730061489559e-01
-5.881603763368401516e-01 -1.820312150181329358e-01 7.879923911221026200e-01
-5.646980877927008091e-01 -1.611712937271229940e-01 8.094071186501835546e-01
-5.031277130778865070e-01 -1.141514816299598195e-01 8.566399147685688220e-01
-4.376267496593165829e-01 -6.268844610259236005e-02 8.969687768857199650e-01
-3.720153804942459841e-01 3.812191419621531029e-03 9.282187370831844753e-01
-2.546366866999886236e-01 1.630057498371680624e-01 9.531994981673429512e-01
-2.331609435808567055e-01 1.883341680784367811e-01 9.540263180450986313e-01
-1.576829262586703362e-01 2.774687425584279055e-01 9.477062792181698558e-01
-9.405811400857824744e-02 3.763144920383569292e-01 9.217051992210214539e-01
-5.683032399790333838e-02 4.865221199439327404e-01 8.718179517993162042e-01
-6.598759024132888618e-02 6.718916704069937129e-01 7.377040200323176089e-01
-6.661601289944280024e-02 7.031396488511273413e-01 7.079243893516415920e-01
-7.803320868178070802e-02 7.755939768015652769e-01 6.263902948577337870e-01
-1.103611185554013302e-01 8.435990394761228028e-01 5.255103082777381474e-01
-1.652931948688943220e-01 9.091657089232346722e-01 3.822248990426261317e-01
-2.211434038142535974e-01 9.613422391060376659e-01 1.640630801247973392e-01
-2.522575502109493661e-01 9.672361718486613968e-01 -2.864116319420501044e-02
-2.864339205648482878e-01 9.406630154309758574e-01 -1.819579636898412955e-01
-3.106994811479181773e-01 9.137906425925635956e-01 -2.616342751335994921e-01
-3.154496934374071970e-01 9.054146191786399678e-01 -2.841053647642787228e-01
-3.114632917562615289e-01 8.943665892565277886e-01 -3.210903640877422194e-01
-2.956871453084100043e-01 8.616382888791412897e-01 -4.124906923032188311e-01
-2.815490629607048656e-01 8.273775681504287327e-01 -4.859799222883920411e-01
-2.750539135392955914e-01 7.839073378660640357e-01 -5.566279100857755013e-01
-2.505764774624122393e-01 7.175010439937562490e-01 -6.499259040924579844e-01
-2.416125226991162611e-01 7.029206441970211605e-01 -6.689738087822376666e-01
-1.768797348373837841e-01 4.529505163165422621e-01 -8.738131317235023898e-01
