-7.318364664277154930e-18 9.806396568348998422e-01 -1.958209984724050834e-01
1.261787901613554974e-03 9.775758506487225441e-01 -2.105798283780235813e-01
5.121928866256744706e-03 9.737325155163539803e-01 -2.276373301347623668e-01
9.129046182262304243e-03 9.691175751571819985e-01 -2.464300834664181761e-01
7.248170274243301639e-03 9.633607962572029448e-01 -2.681108730774705018e-01
7.359128499458346580e-04 9.580850113542980218e-01 -2.864831050001234169e-01
-9.154655983611882306e-03 9.491788770672276998e-01 -3.146039599293339317e-01
-2.957413947454244976e-02 9.311471606981104321e-01 -3.634423412292344113e-01
-7.386462953801639642e-02 8.985224099450351831e-01 -4.326678810933130559e-01
-1.760047212100997738e-01 8.284805394776545429e-01 -5.316411701689115477e-01
-1.992278890097298472e-01 8.116523297517250768e-01 -5.491163299787429342e-01
-2.411560457437717797e-01 7.817677730166970873e-01 -5.750503549027180528e-01
-2.959694735185328107e-01 7.407566858305653090e-01 -6.030601986058106156e-01
-3.566405931225226089e-01 6.969474116530141039e-01 -6.221509404697376233e-01
-4.442951681670005981e-01 6.256598881340765805e-01 -6.412109699026611320e-01
-4.900257509909318188e-01 5.786739357192443034e-01 -6.519288607547399916e-01
-5.501671634354181606e-01 5.097604514531965947e-01 -6.614078729586297944e-01
-6.019620933765615911e-01 4.449844854866726873e-01 -6.630463376068592707e-01
-6.442237229040894686e-01 3.862641241482384080e-01 -6.601331844738520527e-01
-6.929247622560049669e-01 3.089627124280904802e-01 -6.514578391435132954e-01
-7.205324403022284052e-01 2.640260737607289521e-01 -6.411889228976196398e-01
-7.527719282265443734e-01 2.071586562724906100e-01 -6.248357505820760771e-01
-7.847524561965301126e-01 1.587766996293644151e-01 -5.991273171441273693e-01
-8.166313003511519453e-01 1.081569173692900482e-01 -5.669350937382152678e-01
-8.456752829483459299e-01 5.074364929929020551e-02 -5.312799618525299028e-01
-8.628509394592419612e-01 3.131874572565054166e-02 -5.044872569654021977e-01
-8.886398968367781315e-01 2.262246214139477726e-02 -4.580473315680176905e-01
-9.147455766273578925e-01 2.871515299418114439e-02 -4.030086475861317519e-01
-9.413819861459560290e-01 4.500207535842631196e-02 -3.343273386567862104e-01
-9.693803492443887615e-01 5.625914612791187847e-02 -2.390327320175737180e-01
-9.821066929752966246e-01 6.425614339130779340e-02 -1.770242685328831111e-01
-9.937169977674691346e-01 8.518538841631589920e-02 -7.259461376968004420e-02
-9.923804042791172231e-01 1.134701711401565893e-01 4.801722049681186877e-02
-9.752168717648125318e-01 1.345829866261072927e-01 1.756117101336063802e-01
-9.237671058449381523e-01 1.366391502556544568e-01 3.577486223261798215e-01
-8.786239852509626358e-01 1.105775507424641008e-01 4.645347110965058479e-01
-7.977496063644157198e-01 4.355486955291352352e-02 6.014137834167492258e-01
-7.047203783730998650e-01 -7.144976040710820063e-03 7.094491790276824528e-01
-6.044438059860488544e-01 -2.852504914332180952e-02 7.961369272785121520e-01
-4.930898263140742199e-01 -5.261924030940932917e-02 8.683856509263707668e-01
-4.369274539390557988e-01 -7.682716149966582753e-02 8.962097897536260849e-01
-3.630904500147320579e-01 -1.119046787511159130e-01 9.250095502110824430e-01
-2.870094292799389435e-01 -1.462154748802207971e-01 9.467030275698685715e-01
-2.195077212216337004e-01 -1.680985930414359841e-01 9.610198870687199912e-01
-1.755639054218574024e-01 -1.701588668666767779e-01 9.696511100079624468e-01
-1.507808849339491164e-01 -1.523696624106855024e-01 9.767541198865704599e-01
-9.959710545451730401e-02 -1.307960557960408110e-01 9.863938403970702318e-01
-5.862086857936772699e-02 -1.242957058479717131e-01 9.905120752796277017e-01
1.082341238033324854e-02 -1.376446909867577173e-01 9.904225324514810413e-01
1.598265671389260678e-01 -1.474534630629256160e-01 9.760701535583069521e-01
2.126330920273242497e-01 -1.543315730621738768e-01 9.648673140546603078e-01
2.553009384459867803e-01 -1.557252858747072144e-01 9.542384744747189895e-01
2.602101730312904593e-01 -1.521960143710374691e-01 9.534815357732928653e-01
3.168977881232773464e-01 -1.217680045595253419e-01 9.406106234506208530e-01
3.484233226735852784e-01 -1.046507011657797775e-01 9.314770093580460042e-01
3.337411698206416699e-01 -8.502554443896621905e-02 9.388223944706511892e-01
3.638645290654202724e-01 -4.873814837823438328e-02 9.301758959361723367e-01
4.379596589941040508e-01 7.969641772827404033e-03 8.989592993588645387e-01
4.681652042626196497e-01 2.396213066153416935e-02 8.833160011071343742e-01
5.270476168842871401e-01 5.425308308921364397e-02 8.481022417797919877e-01
6.092352086267994737e-01 8.536577634872589970e-02 7.883813447804556285e-01
6.520017751356195213e-01 1.214345144488447742e-01 7.484299191778576166e-01
6.664029507092815718e-01 1.594704300607466263e-01 7.283380322502757132e-01
6.914980130057992724e-01 2.025088357561840302e-01 6.934123372494219728e-01
7.123814599330516861e-01 2.160015419955332583e-01 6.677244861461990588e-01
7.371977813467951446e-01 2.437501278203265120e-01 6.301787892058390295e-01
7.493587600787795511e-01 3.207572259724628116e-01 5.792894360159215328e-01
7.588483650931736602e-01 3.881742850902487052e-01 5.229434799192846928e-01
7.362274511334422344e-01 5.363413063150701543e-01 4.126828604846571880e-01
7.099256686085996249e-01 6.063306075536296635e-01 3.582858347664318877e-01
6.893042402704145921e-01 6.545570897143854205e-01 3.105071346198986504e-01
6.316952042134906797e-01 7.294076127097943729e-01 2.625370516606655991e-01
5.144794336175262384e-01 8.524146731343709149e-01 9.327452712189353290e-02
4.716643399701871964e-01 8.811453689677163359e-01 3.340043633299857873e-02
3.594835767609665944e-01 9.328454349165915538e-01 -2.389461433916743871e-02
2.069699427297199135e-01 9.728048358541466767e-01 -1.039913176435563053e-01
1.907553674001455091e-01 9.750286974712506494e-01 -1.137164408322385023e-01
1.234602615050232333e-01 9.811800116129979488e-01 -1.484700260666392546e-01
2.244946646363115902e-02 9.835573334714249327e-01 -1.791954051589458585e-01
-6.970772666386390592e-02 9.759386564030714251e-01 -2.066024486339012589e-01
-2.020950326039177569e-01 9.482218331018389401e-01 -2.450162301273317023e-01
-2.138869937342310346e-01 9.451111773000365757e-01 -2.470166319377545827e-01
-3.190874113819351376e-01 9.161340483120156142e-01 -2.426553717126680720e-01
-4.259638444136350510e-01 8.742386254535966517e-01 -2.329412565806295299e-01
-5.097841944431760197e-01 8.275758370193240232e-01 -2.350283154806830088e-01
-6.437437168612716309e-01 7.386228709479678578e-01 -2.000756894633046734e-01
-6.536457847291482492e-01 7.309703547017892822e-01 -1.960345088318800055e-01
-7.110517894446636289e-01 6.821724211492111722e-01 -1.704292831380960216e-01
-7.657619684417292794e-01 6.281007376113023621e-01 -1.381957709207692897e-01
-8.208896250178763232e-01 5.635141901358123873e-01 -9.269293961025340534e-02
-8.906877140589302133e-01 4.541575939800422956e-01 -2.040283937927742097e-02
-9.111172278034000982e-01 4.121406679778467086e-01 -2.338161376328445895e-03
-9.222018047506393978e-01 3.867089169096198931e-01 2.118897164707228553e-04
-9.287752465379158773e-01 3.706379283207046904e-01 2.016806527540465632e-03
