9.025983085941824413e-18 8.191374676825519119e-01 -5.735972533394977368e-01
2.575844147373422544e-02 8.153646896793668164e-01 -5.783743817951430000e-01
6.438238627367888489e-02 8.094131200197012266e-01 -5.836996740428074260e-01
1.200615628426361381e-01 8.017790123925254697e-01 -5.854362786970500609e-01
1.555833663442511006e-01 7.968927173406196163e-01 -5.837429341469357880e-01
2.080511999661082967e-01 7.858687682171483502e-01 -5.823443803571255462e-01
2.699091742153698625e-01 7.691612976362525167e-01 -5.792580909170741421e-01
3.367159680184312331e-01 7.499115460971436109e-01 -5.694339557065438706e-01
4.146875488754028782e-01 7.227202936108972908e-01 -5.529101319479404752e-01
4.613314142298615139e-01 7.038342119135680974e-01 -5.401765714881407998e-01
5.081734853462044343e-01 6.819571538609706662e-01 -5.260172517027700279e-01
5.399664553092544672e-01 6.629785318153443852e-01 -5.185515340761509551e-01
5.413171448534289665e-01 6.458103696880133082e-01 -5.384280036283061177e-01
5.236522817112924111e-01 6.428887822521606177e-01 -5.590011641426972933e-01
5.008316141731711246e-01 6.491645992196520831e-01 -5.724971767307541759e-01
4.788797684488074191e-01 6.616289302975143505e-01 -5.769933500169507345e-01
4.315314281261422025e-01 6.846856472798009685e-01 -5.873552510605928312e-01
3.329181131223129531e-01 7.265891425750686805e-01 -6.010272438476521595e-01
2.704905376727757549e-01 7.455413596077902216e-01 -6.091001150415755738e-01
1.873300714403470790e-01 7.643722829381806028e-01 -6.169622819994980967e-01
1.026169864693702027e-01 7.774718451040517619e-01 -6.204895520139288578e-01
1.308153791457205770e-02 7.855496029047817075e-01 -6.186604034055592782e-01
-9.554757519875188565e-02 7.974046157789641542e-01 -5.958326439597292357e-01
-1.645190639624143913e-01 8.032527572390960602e-01 -5.724670170243180145e-01
-2.537488323392336209e-01 8.107523124024385019e-01 -5.275340918088368136e-01
-3.497495073682187483e-01 8.091239355512794829e-01 -4.722221288903107328e-01
-4.507320985953104930e-01 7.995238462731419915e-01 -3.969914287947137743e-01
-5.599236464932512147e-01 7.796583083514383450e-01 -2.803897863979253335e-01
-6.194909334149910629e-01 7.584003131860671543e-01 -2.026325452041161101e-01
-6.757746469737709871e-01 7.301066699538356630e-01 -1.013552021180734175e-01
-7.168838155504578813e-01 6.967357182618026945e-01 2.523754940612743525e-02
-7.439867165879924249e-01 6.506714392603730746e-01 1.520211948099760846e-01
-7.778929093920873283e-01 5.636922616560323673e-01 2.777294648873628868e-01
-7.895206057943537914e-01 5.120651647729169698e-01 3.382993941055786324e-01
-7.998286305908993699e-01 4.219756981775486526e-01 4.268614199417147259e-01
-7.960043070154921852e-01 3.354933670683444280e-01 5.038068517457175988e-01
-7.781876131337328584e-01 2.466310424760169151e-01 5.775787112181480776e-01
-7.077590659119112892e-01 1.837333688254528252e-01 6.821430596286592873e-01
-6.511297525141449549e-01 1.599453288195406553e-01 7.419215168598881638e-01
-5.673005687191429169e-01 1.507170729079478355e-01 8.096014011011822831e-01
-4.929487970976105249e-01 1.451674387941855049e-01 8.578624004780459611e-01
-4.034074445218376326e-01 1.454392474053466666e-01 9.033879891931965167e-01
-3.188878478687470763e-01 1.471245360587565554e-01 9.363038563261044667e-01
-2.624162591074345463e-01 1.484443313880959292e-01 9.534683987604418709e-01
-2.246057981807808579e-01 1.529918252594963113e-01 9.623646589663100714e-01
-1.500668441853523494e-01 1.907193568406067852e-01 9.701062154231125945e-01
-2.003392178389247144e-02 2.423425265708496479e-01 9.699838873884523149e-01
7.783989531230015024e-02 2.774603665520808948e-01 9.575785584956227892e-01
1.231792989499015251e-01 2.902451038342567791e-01 9.489913803667828773e-01
1.785577262056319836e-01 3.045184606025462815e-01 9.356204602105118173e-01
2.273263299560063233e-01 3.390378154639093200e-01 9.128943528109881855e-01
2.681150722129302388e-01 3.772257762131687175e-01 8.864620814296726437e-01
2.968582553544949487e-01 4.080961655976736990e-01 8.633265291026109844e-01
3.078792543029580386e-01 4.299136564145709660e-01 8.487547424304082710e-01
3.133511536610059656e-01 4.536194449875092793e-01 8.342903892701515334e-01
3.101829360435255367e-01 4.802816033219973746e-01 8.204365470271725025e-01
3.004550578199597366e-01 4.987180614802930734e-01 8.130234027282015052e-01
2.880243757894875301e-01 5.151148621281030904e-01 8.072785379073453838e-01
2.803910853843601947e-01 5.315907260151011560e-01 7.992447305123246970e-01
2.574450935239589455e-01 5.535882965878176076e-01 7.919987510731558711e-01
2.288067914328626440e-01 5.827994367525295427e-01 7.797385899871396298e-01
2.127354711342559768e-01 6.158923539057359342e-01 7.585645837512703382e-01
1.945710020217709668e-01 6.603063239171390597e-01 7.253534888364970845e-01
1.739776666160518792e-01 6.820745036256881111e-01 7.102859586269498759e-01
1.351105380835239123e-01 7.117137362112837540e-01 6.893538280063119528e-01
9.387855495868628608e-02 7.414760243123537098e-01 6.643795017072807729e-01
5.742254004976028725e-02 7.576174785810929624e-01 6.501679844799043151e-01
6.306750281413227646e-03 7.922153006135274067e-01 6.102090972565930027e-01
-2.024328839196773422e-02 8.198062215379219309e-01 5.722831190964796644e-01
-4.393218384335602356e-02 8.490315238392727171e-01 5.265125209811406526e-01
-4.353011525979256363e-02 8.592377776740302009e-01 5.097210712568814861e-01
-6.106797875445867108e-02 8.708457865369412243e-01 4.877482117257849747e-01
-9.034165269375324381e-02 9.091491241005162927e-01 4.065541242391046417e-01
-1.085426982161570297e-01 9.248319618943764420e-01 3.645604544140177428e-01
-1.367793234557466708e-01 9.329613835274181977e-01 3.329781877564861325e-01
-1.904477511217825270e-01 9.388107065889141900e-01 2.869914829514614296e-01
-2.477619128840641005e-01 9.461061369428827028e-01 2.085598527115046230e-01
-2.821292824140399502e-01 9.501376544639019706e-01 1.328213295159078322e-01
-2.938258260150308776e-01 9.493645243278131529e-01 1.112357133047201518e-01
-3.655441259826622269e-01 9.240348725797475904e-01 1.119689520184117826e-01
-4.523105380407933529e-01 8.892833062787147691e-01 6.775233096540425604e-02
-5.330704810179686115e-01 8.460633962386980844e-01 3.548494372457910995e-03
-5.723879459106397949e-01 8.196855932423301461e-01 -2.208093311361192246e-02
-6.249522951091224243e-01 7.801160947537093548e-01 -2.921485142974400429e-02
-6.885227005560440317e-01 7.233924049712376902e-01 -5.138014450097122543e-02
-7.598776986430383351e-01 6.455568721749331829e-01 -7.643433713114033967e-02
-8.320499418843479988e-01 5.499757194526216919e-01 -7.224681462060475456e-02
-8.731960147694418639e-01 4.824751264308571042e-01 -6.889464541089565519e-02
-9.036485569422902930e-01 4.102434640040842906e-01 -1.229617248498310056e-01
-9.066490974497111166e-01 3.662228134833960258e-01 -2.094475232079142102e-01
-9.124435739127094713e-01 3.350895026142852728e-01 -2.348653862601147169e-01
-9.219449072455948579e-01 2.925220831740487082e-01 -2.538669314019183498e-01
-9.176550574371247215e-01 2.792166948263314352e-01 -2.827494171352545882e-01
-8.931590071537232056e-01 2.869579251694968081e-01 -3.462977578942619261e-01
-8.699102451644090683e-01 3.011610126394370646e-01 -3.905870067270367230e-01
-8.526862457258904682e-01 3.287310151822155913e-01 -4.060321243536723079e-01
-8.320806819955365308e-01 3.986617241718055649e-01 -3.856300926149384134e-01
-8.170135597161061192e-01 4.432236703323317872e-01 -3.688382047689106602e-01
-7.905954518720742508e-01 5.023507317555035989e-01 -3.501465033152558748e-01
-7.652812881274585477e-01 5.288145909607234740e-01 -3.670145479800771549e-01
-7.440342602939650218e-01 5.348479805249011232e-01 -4.004380816521415087e-01
-7.201669093221986229e-01 5.506903263078276600e-01 -4.220187048322505685e-01
-7.009207519186443358e-01 5.660059237419484690e-01 -4.339900849314719533e-01
-6.723091323074043002e-01 5.916991981895497466e-01 -4.448510868570615950e-01
-6.368084962233063751e-01 6.231661393957249606e-01 -4.540252215994601270e-01
-6.010222234215655268e-01 6.541096187591026734e-01 -4.592525379355228976e-01
-5.608386349027513207e-01 6.873654762614833658e-01 -4.615070179794042993e-01
