-2.203640915576787762e-17 9.364172089432830637e-01 -3.508886016884439352e-01
3.539757662061070230e-05 9.439545581532935437e-01 -3.300754321191320395e-01
2.224303340733783160e-03 9.580458538710535654e-01 -2.866063403959026035e-01
9.683902000738138158e-03 9.690751233360637151e-01 -2.465758045170556301e-01
1.915153658796309860e-02 9.760296784066787579e-01 -2.167931860453072290e-01
4.814398810049878852e-02 9.640318777504458536e-01 -2.613899292067850544e-01
4.709514339076131123e-02 9.533254493496335913e-01 -2.982492834715992358e-01
4.130209548799538416e-02 9.340849737358013494e-01 -3.546539140476069885e-01
6.180119741818883641e-03 8.697488595189238891e-01 -4.934559022704133602e-01
-1.123190256607206616e-02 8.382626729445435965e-01 -5.451509291128606716e-01
-7.100186211938108727e-02 7.406923771153265390e-01 -6.680819845339546204e-01
-1.497481960027298165e-01 6.171927890809276729e-01 -7.724302809318348562e-01
-2.071417867499804333e-01 5.297708405237164797e-01 -8.224567689020625405e-01
-3.035348070001000487e-01 3.932241545225227397e-01 -8.678948007906598372e-01
-3.480459188353291489e-01 3.338477743047404411e-01 -8.760192360752371288e-01
-4.621800563723343913e-01 1.928436395776466916e-01 -8.655639353427986293e-01
-5.851034738768160492e-01 4.410840772843415553e-02 -8.097582189919063644e-01
-7.165789036035482562e-01 -1.066703790366648336e-01 -6.893011715835909436e-01
-8.507332007504849747e-01 -2.264501545121235249e-01 -4.743135552166632962e-01
-8.848123622366822483e-01 -2.473184678591235641e-01 -3.948932249215700296e-01
-9.468265626329560591e-01 -2.037198446232660609e-01 -2.490335021625271483e-01
-9.864205063491024994e-01 -1.079754596760155172e-01 -1.237573624546572937e-01
-9.997256231139732829e-01 -2.240679363767175344e-02 -6.827451080486927892e-03
-9.763020506062271009e-01 1.265101161253321949e-01 1.755833035912907070e-01
-9.541743222705637573e-01 1.895238289423101241e-01 2.315860120615146900e-01
-8.848852254180292753e-01 3.438749068391902530e-01 3.142104172099038362e-01
-7.803046677684961629e-01 5.020015438334245461e-01 3.729866960731375580e-01
-6.644802000286522681e-01 6.259231710320287689e-01 4.082722715726504470e-01
-4.892725088341829953e-01 7.444891632810073379e-01 4.542557626010370053e-01
-4.253902405731451175e-01 7.650810898077144984e-01 4.834191444737806487e-01
-2.774679482908551931e-01 7.721566395497146962e-01 5.716516961144744169e-01
-1.329095318256505454e-01 7.526028123006687220e-01 6.449217497239574381e-01
-1.411241376557829594e-02 7.147390616068903801e-01 6.992488209435970825e-01
7.790985489002955067e-02 6.087956450273638298e-01 7.894921893893128706e-01
8.760480114350832626e-02 5.785995665455764270e-01 8.108932977956331278e-01
5.292550690369483141e-02 5.050271677320146146e-01 8.614792223678794381e-01
9.721244878463892536e-04 4.310889835455122832e-01 9.023088956890965573e-01
-7.122126330214093026e-02 3.424449332860470263e-01 9.368345634744492667e-01
-1.854219563191878417e-01 1.487133334449590172e-01 9.713408477823084475e-01
-2.051382539917167014e-01 1.089006211547803027e-01 9.726556181204800700e-01
-2.582075124781050834e-01 -5.728956313027824473e-03 9.660724918759631130e-01
-3.117922024228049205e-01 -1.237904689261213054e-01 9.420517726279101778e-01
-3.663102628917068726e-01 -2.353835088827490596e-01 9.002285237906282322e-01
-4.225825527523204284e-01 -3.674319572126109046e-01 8.285033149772198513e-01
-4.376721430754478837e-01 -4.086273496734670330e-01 8.009162155148206175e-01
-4.627603681555365056e-01 -4.834427509360765818e-01 7.430585092924453239e-01
-4.936337910238112192e-01 -5.475727418215093900e-01 6.756402687625530090e-01
-5.438838767172368138e-01 -5.946546313562622865e-01 5.920947542864887225e-01
-6.354654353419451063e-01 -6.588416543294300931e-01 4.026305440551324333e-01
-6.439320465124067638e-01 -6.683853538909514391e-01 3.723070482523948566e-01
-6.516141352648884277e-01 -7.080062768075847668e-01 2.722611443523533792e-01
-6.518035716526413559e-01 -7.270049961778940473e-01 2.159070158962884678e-01
-6.609007599941029154e-01 -7.140936651983889050e-01 2.308255245044375237e-01
-6.694786986384032579e-01 -6.657798427823933274e-01 3.294472234123117516e-01
-7.162115937579731639e-01 -5.652877511519875942e-01 4.092562905615412250e-01
