-1.643921544031146098e-17 9.356001126914460508e-01 -3.530615089920642879e-01
1.888235961629274734e-02 9.381886675283718224e-01 -3.456088549453832925e-01
4.193256179434536740e-02 9.403213901707011546e-01 -3.376941566696163299e-01
6.333809280184068968e-02 9.421054677610012362e-01 -3.292803875347738440e-01
9.680041741236683484e-02 9.409573581914969509e-01 -3.243900880946745668e-01
1.322205354720197845e-01 9.348076286058085715e-01 -3.296246767156202351e-01
1.778148277265601540e-01 9.213337024256489372e-01 -3.457254630703674447e-01
2.464797731007167814e-01 8.893234911469957149e-01 -3.851641851812533934e-01
2.856576076538169806e-01 8.654034495440404706e-01 -4.116753583915041537e-01
3.238918608049466963e-01 8.299293469456205941e-01 -4.542150829537967560e-01
3.623038063531828223e-01 7.809252004345782483e-01 -5.088140949582756756e-01
3.931412431036268584e-01 7.244558509742486940e-01 -5.662187589263643073e-01
3.840111503969395601e-01 6.725544167881475355e-01 -6.326183627034345225e-01
3.859018739111771956e-01 6.368656603944459205e-01 -6.674442855566209420e-01
3.826287941473725529e-01 5.979403465416331942e-01 -7.043170790680850502e-01
3.734375842439215387e-01 5.638766428146400056e-01 -7.366053912117092040e-01
3.408429575590894434e-01 5.300043410354512430e-01 -7.764801844000592812e-01
2.767284160937362181e-01 4.958281220427300795e-01 -8.231499602853853403e-01
2.371509289311891366e-01 4.735910616144338170e-01 -8.482163304641026080e-01
1.669868513326947801e-01 4.506913918288537602e-01 -8.769222661179055800e-01
5.344287898559494515e-02 4.270427400728076806e-01 -9.026507391216380682e-01
-8.925808508332466751e-02 4.065055061333572861e-01 -9.092778825697460654e-01
-2.848358548974175286e-01 3.870574966969802522e-01 -8.769578268169596624e-01
-4.118060826367743732e-01 3.733680577779177057e-01 -8.312713418219705996e-01
-5.814952075895757355e-01 3.510304234433357928e-01 -7.339216343503905948e-01
-7.539924962569412026e-01 3.252115377132328011e-01 -5.707300336642719962e-01
-8.359384154716925641e-01 3.028297070235776989e-01 -4.577129385135296769e-01
-9.178823622305585239e-01 2.758059713532357016e-01 -2.853472187913315694e-01
-9.572147979991068034e-01 2.554268082172052035e-01 -1.360035886861103438e-01
-9.678559210885315789e-01 2.437618023076956186e-01 6.192818219174708871e-02
-9.303185157809015227e-01 2.457078438691480682e-01 2.722776425937231681e-01
-8.763616806783961488e-01 2.847064963761985479e-01 3.885002130755226268e-01
-8.122265713850619351e-01 3.577329081101740527e-01 4.607766955816068322e-01
-7.757245141749715689e-01 3.947313627680132941e-01 4.923805736981419767e-01
-7.180122953595888813e-01 4.330644624962085021e-01 5.448977106167033346e-01
-6.482967254604380392e-01 4.632826940912824765e-01 6.042189182016701743e-01
-5.729399831503630969e-01 4.974898734817257973e-01 6.513398509923972179e-01
-4.880632690483449054e-01 5.520198792523499653e-01 6.760682645384739065e-01
-4.584266311213988643e-01 5.757428786226852502e-01 6.770267067065735000e-01
-4.125151362077718598e-01 6.232239752502548580e-01 6.643968234968865572e-01
-3.600177765502459715e-01 6.761559454772797517e-01 6.428066100807795502e-01
-2.964352056177058103e-01 7.226964756492393338e-01 6.243684592887093210e-01
-2.284412547842541164e-01 7.548949609213837508e-01 6.147749109130091760e-01
-1.653126753571858010e-01 7.814825816262498392e-01 6.016283686637632355e-01
-1.006446357905249195e-01 8.115156897247012280e-01 5.755979001153799235e-01
-2.460285842590042085e-02 8.385822587645338499e-01 5.442191604883523937e-01
5.336629038713503609e-02 8.407053188485715811e-01 5.388567582484584673e-01
1.345351702543758354e-01 7.912324930758698471e-01 5.965328405591512340e-01
1.674648844389400315e-01 7.610965674770137079e-01 6.266478496369074502e-01
2.001139060330706931e-01 7.104835775180674551e-01 6.746610339194901718e-01
1.984301914629432173e-01 6.584888710886828145e-01 7.259599615463182554e-01
1.935821323300179475e-01 5.983467103854559488e-01 7.775005930630962681e-01
1.817337586219991419e-01 5.245551818508557007e-01 8.317539913763786208e-01
1.776218615823848546e-01 4.869862451756612476e-01 8.551578049095491796e-01
1.698785278902683327e-01 4.351767072027841743e-01 8.841733536303710839e-01
1.524001080055361612e-01 3.748710279440447546e-01 9.144648268184381035e-01
1.368861581140883854e-01 3.191744226116082772e-01 9.377578939509445544e-01
1.175475182865878682e-01 2.616539912535758572e-01 9.579769150693236979e-01
1.016650178520394354e-01 2.261673724965737042e-01 9.687685707965245641e-01
7.776770649943702540e-02 1.850366791414130574e-01 9.796497390384663051e-01
4.282304882703913407e-02 1.414746542177557354e-01 9.890152216741274760e-01
4.898518366957723899e-03 9.058037952125928827e-02 9.958771005317842429e-01
-6.712410135584646886e-02 1.923323188918859769e-02 9.975592402500548239e-01
-1.029637349565939303e-01 -1.973822111846077615e-02 9.944892517824749367e-01
-1.553139245199161023e-01 -7.142374658386267672e-02 9.852797741119757591e-01
-2.050022544711353201e-01 -1.131597852604721843e-01 9.721979935494393654e-01
-2.571426135123129897e-01 -1.509902910398771836e-01 9.545049022020528628e-01
-3.228602601300586405e-01 -2.061415995106618826e-01 9.237244683237185727e-01
-3.576864009299903224e-01 -2.428772435967729848e-01 9.017045431473572625e-01
-4.026407071178300656e-01 -2.881752341885545077e-01 8.688126929160426837e-01
-4.482939557721277724e-01 -3.284590088633923544e-01 8.313526380030651364e-01
-4.799238112197787287e-01 -3.565270608137006136e-01 8.015993951668289874e-01
-5.077706360600982016e-01 -3.926156308192587097e-01 7.668258913153092049e-01
-5.247193592777367188e-01 -4.141250146363881779e-01 7.437540361245598142e-01
-5.513292244291335686e-01 -4.333611814900026338e-01 7.129054444089757414e-01
-5.825226218495500596e-01 -4.390608841107881410e-01 6.840269987927227735e-01
-6.338445671337279430e-01 -4.353224102574662080e-01 6.393242243515315781e-01
-6.852571704715205714e-01 -4.344037924523697636e-01 5.845647572513792412e-01
-6.832973478336056283e-01 -4.370973265844573796e-01 5.848509737841607325e-01
-6.728197089258294294e-01 -4.602596332264310419e-01 5.792017863432689095e-01
-7.078103015765250250e-01 -4.685761722217866021e-01 5.286217436013461723e-01
-7.557648146305709913e-01 -4.711874126981180355e-01 4.547548428343257676e-01
-7.733899111693239847e-01 -4.742288473342567423e-01 4.206840211578372624e-01
-7.785225606018952860e-01 -4.861431273276658471e-01 3.969477073695547586e-01
-8.052391305723429760e-01 -4.838804073503202297e-01 3.427093432890114810e-01
-8.187673137575660620e-01 -4.828574853699157954e-01 3.105941640540932913e-01
-8.264076574054287638e-01 -4.926709739936098176e-01 2.726273925449524405e-01
-8.403211256687496133e-01 -4.834228551823483433e-01 2.452809589881610186e-01
-8.741871109574820276e-01 -4.295764178991683391e-01 2.264089137395663975e-01
-8.930376251576305213e-01 -4.040656865442599499e-01 1.980270714077640715e-01
-9.089322774514463354e-01 -3.826647000866481574e-01 1.655591807014121231e-01
-9.217025926216202425e-01 -3.622072853375683521e-01 1.388171934703094912e-01
-9.363719262649757846e-01 -3.334592579582230654e-01 1.096017289314830528e-01
-9.452493043883102297e-01 -3.121400738145053144e-01 9.524876310215586728e-02
-9.555152650032888717e-01 -2.829385902075277071e-01 8.328464754726130903e-02
-9.648978973210949883e-01 -2.532927979467983204e-01 6.938880495881233346e-02
-9.723396049343915326e-01 -2.281154449020107444e-01 5.019000371776835556e-02
-9.775851059614094618e-01 -2.097751252644809439e-01 1.793759801900698947e-02
-9.790748169669456491e-01 -2.034431757029586674e-01 -4.834980975879754617e-03
-9.806840286392526362e-01 -1.942476030629771144e-01 -2.295004741114667346e-02
-9.826972359838427318e-01 -1.813197836094053439e-01 -3.780579931113636771e-02
-9.844551522514585207e-01 -1.661620956538926996e-01 -5.690528247416690166e-02
-9.860172646848962552e-01 -1.241018489745153025e-01 -1.112145890808483306e-01
-9.830469577235920742e-01 -1.056396979001838349e-01 -1.498630479402711102e-01
-9.775555380019831375e-01 -9.035102927553588514e-02 -1.903204183226399615e-01
-9.699227691726004519e-01 -7.127571658837367208e-02 -2.327436230391029814e-01
-9.576443698103793700e-01 -4.072302342178919093e-02 -2.850594610495668646e-01
-9.507994913711088625e-01 -2.175493303972104997e-02 -3.090421493856104762e-01
