4.065758146820641628e-20 9.322024974072065095e-01 -3.619371545279201352e-01
1.471366707704942559e-02 9.335713853945225571e-01 -3.580893413293634309e-01
2.580572597437400320e-02 9.343732440350211998e-01 -3.553599658633570524e-01
4.855128082949240753e-02 9.340207619630900293e-01 -3.539039267254672216e-01
6.799975437424961300e-02 9.346978533268379685e-01 -3.488781397440124943e-01
9.013648372154330068e-02 9.334930462820156816e-01 -3.470823343897505020e-01
1.071921738506671912e-01 9.277693847969895602e-01 -3.574266449197427420e-01
1.191897803282671031e-01 9.196926858369685043e-01 -3.741111597951639056e-01
1.139364311320194278e-01 9.070255621866454288e-01 -4.053678813138731352e-01
1.091778068977102556e-01 8.964313802029288958e-01 -4.295241402627775207e-01
9.461238200612590021e-02 8.828321322529590898e-01 -4.600607823242716110e-01
6.988872938432216797e-02 8.664466448259374731e-01 -4.943538987152023001e-01
5.546341697930642911e-02 8.594584360560041381e-01 -5.081879633257238016e-01
3.958561572799405154e-02 8.619818860956650619e-01 -5.053911426513084670e-01
2.105797892220123355e-02 8.590446492782917165e-01 -5.114673519102159727e-01
-7.200206191404268097e-03 8.546214272676324608e-01 -5.192016689936930218e-01
-5.015920793641517189e-02 8.442876604931667250e-01 -5.335376277247620980e-01
-1.044059306055032249e-01 8.281991271059512272e-01 -5.506229267977672537e-01
-1.846527633016530889e-01 8.038898576292400344e-01 -5.653887634238091708e-01
-2.313806448243827252e-01 7.879144258959550617e-01 -5.706608928827175964e-01
-3.023222051614082861e-01 7.611975854596534363e-01 -5.737416841721866279e-01
-3.783753359104891634e-01 7.313680180454222857e-01 -5.673913352836255086e-01
-4.494497316706075329e-01 7.062793592379034147e-01 -5.469592356069283845e-01
-5.410406028271375067e-01 6.705403283186073260e-01 -5.075930793370041494e-01
-5.988681926100364317e-01 6.444408876773893846e-01 -4.754501342618036031e-01
-6.575198945764623160e-01 6.227988183847077419e-01 -4.240155894006372717e-01
-7.158083523575605733e-01 6.037584097297911123e-01 -3.508478094212764131e-01
-7.677381805050388364e-01 5.853786383819246097e-01 -2.605953490009678131e-01
-8.109142235807935695e-01 5.671365992984501725e-01 -1.441325769232895404e-01
-8.296778463015751504e-01 5.557920664995661397e-01 -5.224796811859444556e-02
-8.337427547702115360e-01 5.504656359050790204e-01 4.313470245401097858e-02
-8.276359988063162199e-01 5.464806313807436533e-01 1.279748920905001974e-01
-8.098891981685879538e-01 5.470085846907346561e-01 2.118043790021380823e-01
-7.647141120375068324e-01 5.597391040516981331e-01 3.192247832579573341e-01
-7.352962886791447605e-01 5.679490461672255242e-01 3.698286749461360823e-01
-6.945596461991579984e-01 5.807918444097849298e-01 4.245794758802892144e-01
-6.483337409513462157e-01 5.969145099297676893e-01 4.726059967661624395e-01
-5.983175278972940880e-01 6.126930059222632785e-01 5.163559008133947748e-01
-5.409061591869568364e-01 6.320611053183587957e-01 5.549047540770838394e-01
-4.865620504317408335e-01 6.455911903059925461e-01 5.886165017045921211e-01
-4.298428700641582223e-01 6.580457907414988261e-01 6.182320311520610456e-01
-3.642579061298971688e-01 6.709370787032947758e-01 6.458789470504143759e-01
-3.006543544325838702e-01 6.791190055446488794e-01 6.696299989313303502e-01
-2.386997480611743883e-01 6.740086359924383208e-01 6.990956936522673137e-01
-1.954204985439279563e-01 6.649174530034145381e-01 7.208991673183529070e-01
-1.471748182189439036e-01 6.511021480430922992e-01 7.445841562213715292e-01
-1.038381597214384777e-01 6.348903228796659581e-01 7.655925251068080861e-01
-6.662726740509007650e-02 6.132354587549051494e-01 7.870851792301716277e-01
-2.390759571504105785e-02 5.739089988438769163e-01 8.185700262733450749e-01
-1.278547999189905615e-03 5.522322757886668487e-01 8.336893179670010756e-01
2.827181044084057723e-02 5.241269686894541868e-01 8.511707381170955378e-01
5.195510253105631998e-02 4.980677013143467446e-01 8.655802864139351405e-01
6.942032932178375526e-02 4.729112463000050837e-01 8.783710895742364855e-01
8.125245855605696399e-02 4.397895082264237088e-01 8.944178142415080135e-01
9.254175521429849893e-02 4.185992898922675787e-01 9.034437769133982776e-01
1.079265917821353032e-01 3.914094843721133699e-01 9.138656719287843178e-01
1.136124111264840142e-01 3.699686721607972628e-01 9.220712562799053824e-01
9.042548747456642666e-02 3.297246487750633004e-01 9.397366052278417481e-01
6.601007790122508101e-02 3.128844383456310108e-01 9.474945898825035684e-01
2.538346593431770395e-02 2.952865277513535003e-01 9.550714874739536508e-01
-2.120413682795911983e-02 2.742495344154310399e-01 9.614247643233975182e-01
-6.717019586331036962e-02 2.512010387379521870e-01 9.656014721015384605e-01
-1.208065873704474852e-01 2.081236829409161271e-01 9.706133633157001395e-01
-1.435150316330358333e-01 1.805733316225272278e-01 9.730347925958809929e-01
-1.719209085419516059e-01 1.394536547057462494e-01 9.751901760145662568e-01
-2.002473243800486913e-01 1.002847001180028619e-01 9.745993987279459869e-01
-2.281156524533375918e-01 7.419339548542307206e-02 9.708030640516808196e-01
-2.647838373273763701e-01 5.743762448488330674e-02 9.625956777296078570e-01
-2.852546149988444135e-01 4.773944767137315581e-02 9.572621113142907312e-01
-3.089160628616748894e-01 3.368006180268599131e-02 9.504927772176962053e-01
-3.311733812739361960e-01 1.255339836023737499e-02 9.434864088714779440e-01
-3.499460016265023010e-01 -1.230612982600151097e-02 9.366890386432039639e-01
-3.685059318042197551e-01 -4.139160465010791740e-02 9.287034582091276969e-01
-3.804726344898877732e-01 -6.437613094443231376e-02 9.225487998848350690e-01
-3.966333794859402961e-01 -9.305143595589324135e-02 9.132488119587719444e-01
-4.206839923273792414e-01 -1.254934667893019828e-01 8.984855972093819254e-01
-4.477024958342484817e-01 -1.628723692150269853e-01 8.792241276091486979e-01
-4.793090147163268644e-01 -2.086456327641189323e-01 8.524845267452801911e-01
-4.943034708070618288e-01 -2.304311164610182150e-01 8.381918511382826509e-01
-5.124854011976022194e-01 -2.533961328996811035e-01 8.204566493062382948e-01
-5.305736745587513736e-01 -2.666753014411193945e-01 8.045967060997155640e-01
-5.500970295253583275e-01 -2.763713635965081017e-01 7.880432269179042937e-01
-5.883246843176725971e-01 -2.922100461854491571e-01 7.539810042241175125e-01
-6.077434496049631818e-01 -2.969964413297744854e-01 7.365059492629435489e-01
-6.356513418235758550e-01 -2.956422942569159606e-01 7.131220130415236724e-01
-6.693190277119283049e-01 -2.839215574146804477e-01 6.865861842317986241e-01
-6.985687889092891956e-01 -2.639285271590822157e-01 6.650890013475238005e-01
-7.375407607125461507e-01 -2.541421723878438677e-01 6.256559617725593325e-01
-7.680446218410176273e-01 -2.594824458854018134e-01 5.854710233123562313e-01
-7.977768241827700724e-01 -2.652348098808767207e-01 5.414818874388220848e-01
-8.137683617085192944e-01 -2.615814877727533627e-01 5.189953552170053497e-01
-8.309996459754412923e-01 -2.597342312647947793e-01 4.919123067153102769e-01
-8.866784734273496227e-01 -2.750512436749320555e-01 3.716827923289134361e-01
-9.117449318914784273e-01 -2.617038864331436288e-01 3.165947804307456814e-01
-9.374703654591869384e-01 -2.183925992983424269e-01 2.710239591946297932e-01
-9.549039127296230500e-01 -1.875162785980183933e-01 2.302089544618256267e-01
-9.705213426203533889e-01 -1.605812039025317772e-01 1.797275729308109860e-01
-9.787276868903402871e-01 -1.210582568293966516e-01 1.656412188065266577e-01
-9.844530074608183190e-01 -8.428868332589409262e-02 1.541028681256036148e-01
-9.915746441831561064e-01 -6.511573856783868519e-02 1.119806483452048390e-01
-9.972329801447573638e-01 -3.347453393226112323e-02 6.637649350202375065e-02
