-6.962610826430348787e-19 9.515913099726733826e-01 -3.073661965546817254e-01
2.682389684387286380e-02 9.556373198151222326e-01 -2.933219929270204362e-01
5.938366844054598220e-02 9.579470759471477859e-01 -2.807329328861378759e-01
9.958445399251268648e-02 9.605141185779951796e-01 -2.597990849394008483e-01
1.687597398379381552e-01 9.547632330288625679e-01 -2.448414161576944748e-01
2.050927639871295838e-01 9.484768805387754353e-01 -2.415130746844835197e-01
2.403306916907549384e-01 9.410869365891264549e-01 -2.379002656844598218e-01
2.909722049095613827e-01 9.291213504806833390e-01 -2.281856525967823068e-01
3.154060596898565771e-01 9.216490464530814331e-01 -2.260133904949969685e-01
3.657564954414981306e-01 8.977287808696793325e-01 -2.455712158226047714e-01
4.146496888951294868e-01 8.650130137630378524e-01 -2.825210107580651275e-01
4.264850920806945167e-01 8.336739633653605930e-01 -3.508535150737597808e-01
3.187942118542572145e-01 7.680762667077218886e-01 -5.553639338384799284e-01
2.504178766006192602e-01 7.282535080764785951e-01 -6.379166991489870764e-01
8.027587513534892305e-02 6.514024456837003152e-01 -7.544737488001472814e-01
-1.125934857644315112e-01 5.688944117687894098e-01 -8.146667141976881021e-01
-3.122551526412487011e-01 5.166752754968602090e-01 -7.972097461391411954e-01
-5.379797165337021347e-01 4.936347914403556580e-01 -6.833026542301398054e-01
-6.306523853428869231e-01 4.897396325943454976e-01 -6.020238044526828869e-01
-7.281569525585749325e-01 5.138813820051304493e-01 -4.535563665842499703e-01
-7.810513081631572652e-01 5.529238120240430598e-01 -2.902311356719352031e-01
-7.813928772078649887e-01 6.127515702942601949e-01 -1.181553407626277918e-01
-6.553970224129895827e-01 7.420785024282091635e-01 1.406209061487418421e-01
-5.820729629049371523e-01 7.785663580245794080e-01 2.345751308374566246e-01
-4.143085965232234935e-01 8.191538508298011889e-01 3.966552098708207574e-01
-2.173295726597078426e-01 8.092059343403726901e-01 5.458512734031798486e-01
-1.041917165517806595e-02 7.554200491763122249e-01 6.551579887053793350e-01
2.121833257217358715e-01 6.477217939617387898e-01 7.317340458887028332e-01
2.855391345321173779e-01 5.980935479908083829e-01 7.488334330826955654e-01
3.585758918552050534e-01 5.155834285438820608e-01 7.782011680736415915e-01
3.819379760397010881e-01 4.430550660636862204e-01 8.110644801087023570e-01
3.691421642577885631e-01 3.723333747822543116e-01 8.515291660244721506e-01
2.909395543178541765e-01 2.609634528327487990e-01 9.204630639080190191e-01
2.468454541279108683e-01 2.075810888308992075e-01 9.465608344613481995e-01
1.363818556219277001e-01 1.202745474033061895e-01 9.833280341290231430e-01
-5.361341779654555696e-03 3.778807669436572148e-02 9.992713932030989898e-01
-1.579299280957663920e-01 -1.609807218956059091e-02 9.873190922307975015e-01
-3.824998469346362340e-01 -3.575974823703739324e-03 9.239486346648497772e-01
-4.522939326931368353e-01 6.397905351012138364e-03 8.918459874081935412e-01
-5.698266368984825636e-01 2.710745169637802238e-02 8.213177155909237026e-01
-6.626499993421014478e-01 3.031324410045566076e-02 7.483154987062736740e-01
-7.204048293831581962e-01 3.892968596479262633e-02 6.924603680732243083e-01
-7.234796338046899367e-01 4.748713699301519015e-02 6.887105279361122046e-01
-7.311379779871176599e-01 3.954399949061439268e-02 6.810826155828639816e-01
-7.485359118781872434e-01 1.668677895194623265e-04 6.630942322052211235e-01
-7.622287947241833672e-01 -1.858920491650923115e-02 6.470407297488239839e-01
