-6.030874584450618414e-18 5.944108633595380775e-01 -8.041615046246421983e-01
2.042520390217875126e-02 5.952193372770514523e-01 -8.033036484275557498e-01
3.984969347439735327e-02 5.843239186301670829e-01 -8.105415227159448177e-01
6.199909234276308745e-02 5.725449002704683377e-01 -8.175258098206763524e-01
9.907589326372030769e-02 5.461277422073811394e-01 -8.318223708012811857e-01
1.139864979183922850e-01 5.356346423703097770e-01 -8.367213444063269501e-01
1.446599929787532879e-01 5.071655517185299500e-01 -8.496214389841079129e-01
1.806916790259212313e-01 4.758980223177576296e-01 -8.607389787181943808e-01
2.163611208500846039e-01 4.353607855948167793e-01 -8.738700428271697351e-01
2.452614698862335962e-01 3.637059678762096238e-01 -8.986460817922000688e-01
2.566123792328025011e-01 3.348171423340904895e-01 -9.066683892271274470e-01
2.356698788956815838e-01 2.706415304155331825e-01 -9.333878455366949600e-01
1.515476709384953324e-01 2.026797862976354170e-01 -9.674472635030099132e-01
-2.077794231122536903e-02 1.397936815210316097e-01 -9.899626274360600053e-01
-3.002397615195277480e-01 7.653180762729767939e-02 -9.507886032257617526e-01
-3.884848405530133553e-01 4.363288854289622959e-02 -9.204214793766510860e-01
-5.787775996817651203e-01 -1.878995382308791193e-02 -8.152689297047575057e-01
-7.465136767554764186e-01 -3.298458434190919969e-02 -6.645519901503657012e-01
-8.541938244548644699e-01 1.962182042815864905e-02 -5.195843477494848095e-01
-9.430010562837616295e-01 1.855937701973889298e-01 -2.762317148910105047e-01
-9.474254349299802147e-01 2.537461952589858405e-01 -1.949305354205093099e-01
-8.985467567971270331e-01 4.372007325613977424e-01 -3.833073567180267371e-02
-7.847823886125150361e-01 6.093800074966262414e-01 1.130159678410402324e-01
-6.006625286763392912e-01 7.541914814584605997e-01 2.653294856204984065e-01
-2.680595842403208362e-01 8.478139529774842975e-01 4.575538880105795569e-01
-1.390745558978739305e-01 8.541777943930897177e-01 5.010374870881075804e-01
-2.933823603992339983e-03 8.326260051769217574e-01 5.538278867863024590e-01
8.030229256584156539e-02 8.088852869357752162e-01 5.824569807183171966e-01
1.401232561275247979e-01 7.833555192629305663e-01 6.055737804202925290e-01
2.006758862361139595e-01 6.733200713758299427e-01 7.115962831309602388e-01
2.112576493350716567e-01 6.288102670765490787e-01 7.483099983406198419e-01
2.070155125875887403e-01 5.380515559858622954e-01 8.170955272483690912e-01
1.961079602961778023e-01 4.607550626790592463e-01 8.655902264490334952e-01
1.725218517499586546e-01 3.724188939846081459e-01 9.118883583378211144e-01
1.334298814091546825e-01 2.269307199683334164e-01 9.647273786318043554e-01
1.200472981960620661e-01 1.867292792142831448e-01 9.750491384950503715e-01
6.641637464599281504e-02 9.944185085473569718e-02 9.928243467388719878e-01
-9.129503265995006153e-03 2.341299756289251174e-02 9.996841919902685891e-01
-1.024241161086437424e-01 -4.304340697702423862e-02 9.938091192755142966e-01
-2.465576793725557936e-01 -1.201532548809994966e-01 9.616509273556187454e-01
-2.927621267849045972e-01 -1.413155495181266652e-01 9.456850705096118137e-01
-3.917005776958600860e-01 -1.663601757012842242e-01 9.049281459725777577e-01
-4.869855854852564447e-01 -1.753426439670356662e-01 8.556284221180543437e-01
-5.762478414019202022e-01 -1.736413108113394610e-01 7.986157526992232469e-01
-6.888993830585509182e-01 -1.576540556957657935e-01 7.075046563410197775e-01
-7.009997543662336295e-01 -1.535901028552462966e-01 6.964261803546698548e-01
-6.887650017357325183e-01 -1.428321170332570722e-01 7.107754629471775276e-01
-6.899511438499125182e-01 -1.046924287784858354e-01 7.162450100745265669e-01
-6.832475563877041802e-01 -7.908116819824943799e-02 7.258918277034335231e-01
