3.117081245895825248e-18 8.268121880222860653e-01 -5.624780935625848244e-01
-1.130281476248053141e-02 8.032990037076641610e-01 -5.954686868515581821e-01
-1.540791312446791045e-02 7.936103254051772860e-01 -6.082312451884046567e-01
-2.609191470068424057e-02 7.678413794437972673e-01 -6.401084501872308374e-01
-3.791974033343854800e-02 7.363749722996231206e-01 -6.755101727315241389e-01
-5.336415458057851974e-02 6.935450237682304619e-01 -7.184341076342523058e-01
-8.815350884036442236e-02 6.044682565521223294e-01 -7.917367527783266690e-01
-9.135983581245837870e-02 5.925634796574484886e-01 -8.003261228877746047e-01
-1.233704604583562708e-01 5.281166438655889861e-01 -8.401622105036857802e-01
-1.733117756142678600e-01 4.406728191362634384e-01 -8.807783460712053092e-01
-2.469066619609862623e-01 3.057922890271946303e-01 -9.195260606697299721e-01
-4.086492286855882838e-01 3.217422454309171176e-02 -9.121242388894862385e-01
-4.356811610722883810e-01 -1.467516305932013883e-02 -8.999814250726985154e-01
-5.437978129871664512e-01 -1.985819686389701244e-01 -8.153828182650439960e-01
-6.299400470597801283e-01 -3.203140453789374842e-01 -7.075128616804799986e-01
-7.041866392017707144e-01 -3.831698039438490855e-01 -5.977475039808594071e-01
-8.110815484265833097e-01 -4.137725790674179338e-01 -4.134476685311372357e-01
-8.296979076060260194e-01 -4.133088657101305352e-01 -3.752028299994385474e-01
-8.873305402122172447e-01 -3.872746168071669048e-01 -2.503255551947437541e-01
-9.444412969898613452e-01 -3.030464582919016325e-01 -1.272536076378322778e-01
-9.891039974841069338e-01 -1.421384517565853767e-01 -3.833983167934806868e-02
-9.947712104607800976e-01 1.019188560719124642e-01 6.541071425017037921e-03
-9.838400472425509191e-01 1.774760940249143770e-01 2.368538560875016810e-02
-9.498841216260750508e-01 3.089427527361535142e-01 4.769204351323216851e-02
-8.865763288634957995e-01 4.564776224447809616e-01 7.490389379789579027e-02
-7.809154065597299077e-01 6.191710255661486695e-01 8.245222190465992251e-02
-5.652079658016272434e-01 8.178013298660984365e-01 1.083556194372367054e-01
-5.263108397744491462e-01 8.413466578346993074e-01 1.230150449591248807e-01
-3.911707689138492205e-01 8.972876743975036762e-01 2.045977979394385804e-01
-2.425615381129720971e-01 9.188904569605430561e-01 3.111337788397673387e-01
-8.506054226051590339e-02 8.989422394514896553e-01 4.297296292790240280e-01
1.312463017486847905e-01 7.986152981369797343e-01 5.873568028540029351e-01
1.659802662215261460e-01 7.780626560227390520e-01 6.058622405529758836e-01
2.314862591654230362e-01 7.152359164769547251e-01 6.594328590531177703e-01
2.751980352042268652e-01 6.619498986609310132e-01 6.972003823023308344e-01
2.849200543534166075e-01 6.196468347006146571e-01 7.313401143604494337e-01
2.201034968101951150e-01 5.583336597373853571e-01 7.998862263448359711e-01
1.937181950258440866e-01 5.317942683255285630e-01 8.244198669925689726e-01
1.320803150029013773e-01 4.610251538996620879e-01 8.775024774099086100e-01
5.491882859544180984e-02 3.869337178469822169e-01 9.204706514923853833e-01
-4.476890926575548268e-02 3.138019747321368347e-01 9.484324253300103758e-01
-2.045858627245555617e-01 1.602743864235453009e-01 9.656379993712993492e-01
-2.234940205103662925e-01 1.360133442203643184e-01 9.651687898964123047e-01
-2.995310582743963557e-01 2.987696342446335626e-02 9.536186408546937221e-01
-3.753594367035111290e-01 -7.846337936713856931e-02 9.235522678094139071e-01
-4.447155829329512700e-01 -1.816516402665041829e-01 8.770579980167182432e-01
-5.625315648588393724e-01 -3.310124538848195908e-01 7.576206134409327886e-01
-5.855378465747685945e-01 -3.605502855552093489e-01 7.260502198984858380e-01
-6.607653756070479556e-01 -4.264048008070831508e-01 6.177119589643285114e-01
-7.288815954100478223e-01 -4.865456219353814227e-01 4.816689502635772002e-01
-7.731839499296037088e-01 -5.422774283075336710e-01 3.288187499511297518e-01
-7.851344186489969124e-01 -6.134479437360016441e-01 8.512088450417731877e-02
-7.784403013683108830e-01 -6.273015251844197282e-01 2.287998485388789693e-02
-7.631073030461578144e-01 -6.397641859278540011e-01 -9.148240509349336858e-02
-7.590518527309126906e-01 -6.298263985514240826e-01 -1.647998560482117902e-01
-7.660882666056634260e-01 -6.204041447465816761e-01 -1.679507813330806121e-01
