1.328147661294742932e-18 7.340687723415667554e-01 -6.790751338938463277e-01
7.358754026854153786e-03 7.451692096212242378e-01 -6.668348354515174492e-01
4.636525190007834141e-02 7.527164145868520118e-01 -6.567101816081098997e-01
3.428575467872458510e-02 6.843458034379825694e-01 -7.283510886536329609e-01
-4.403143137714143895e-02 5.075463622041606060e-01 -8.604986480315950370e-01
-5.539431423335511306e-02 4.798600014518596413e-01 -8.755945688257993353e-01
-8.640769491601521524e-02 4.129626663805197606e-01 -9.066397004517243730e-01
-1.677244325551210391e-01 3.021877295315654188e-01 -9.383768383994887108e-01
-2.594102533485802553e-01 1.851265950049510445e-01 -9.478578291492339991e-01
-4.267047808084604155e-01 2.964854005481279767e-02 -9.039048589911560239e-01
-5.527910121447663361e-01 -6.695015355948599756e-02 -8.306261336066461665e-01
-6.640815308253630311e-01 -1.622924681167417782e-01 -7.298334571730860088e-01
-7.965319646983201052e-01 -1.878374291411941122e-01 -5.746772393504556709e-01
-9.542338938158814177e-01 1.041533375264365041e-01 -2.803386490926377816e-01
-9.429727213543113162e-01 3.252022569567853405e-01 -7.103477213208356233e-02
-8.675767759127137602e-01 4.923579947788442879e-01 6.995815087791255882e-02
-7.584506078603887591e-01 6.267835407535096159e-01 1.785919048464965631e-01
-6.222290263900247531e-01 7.300946037579745251e-01 2.824763853514274947e-01
-5.996480059028358456e-01 7.405494614512601048e-01 3.033294647095812757e-01
-5.434650865144625698e-01 7.476302346821410705e-01 3.816997929380552268e-01
-5.155051158792937072e-01 7.298605473363519724e-01 4.489521766782701429e-01
-5.085954708025393067e-01 6.912367709849049913e-01 5.133443030924812467e-01
-5.354797957654975349e-01 5.685165554952733569e-01 6.245400823443848504e-01
-5.512687153902953163e-01 4.571991980923543752e-01 6.979052204244081681e-01
-5.641681537446812111e-01 3.410986399981337236e-01 7.519082471231055553e-01
-5.682470559373546948e-01 1.998531097046367944e-01 7.982192793712232781e-01
-5.397997220923087536e-01 -5.719196046595893118e-02 8.398484028008426083e-01
-4.997416416528441263e-01 -2.113273994328112027e-01 8.399994177659205752e-01
-4.621529087470683805e-01 -3.205267039335313317e-01 8.268478221547965745e-01
-4.271884383609742541e-01 -4.112380432099367322e-01 8.052287314468941082e-01
-3.877380509788023732e-01 -5.346518119992712537e-01 7.508705905474361009e-01
-3.810477068074188400e-01 -5.560064016628489814e-01 7.386877056285274801e-01
-3.689185611568255863e-01 -6.102440336138342802e-01 7.010715474705095929e-01
-3.687817515284861902e-01 -6.239339035645652398e-01 6.889894801245267653e-01
-3.820865598491771653e-01 -6.036026413885662301e-01 6.997668983964353551e-01
