-5.350537721215964382e-17 7.815547491481618092e-01 -6.238366565728195035e-01
1.163094073877285126e-02 7.916208024425055445e-01 -6.109019777000355145e-01
7.403270388251356748e-02 8.238173951866267775e-01 -5.620000517293263220e-01
1.088003741851936296e-01 8.358427650556747857e-01 -5.380793163477350927e-01
2.007389534493597139e-01 8.418798462779437664e-01 -5.009413109328092473e-01
2.686202308608198752e-01 8.229126466019222041e-01 -5.006575153085189855e-01
3.009150294250386715e-01 7.923594957944603001e-01 -5.306755830924173578e-01
2.571652176536224355e-01 7.363026341716955026e-01 -6.258789673259418374e-01
1.768127802226179546e-01 6.891503972088127705e-01 -7.027154265966299995e-01
6.441224711784718227e-02 6.332936112591160960e-01 -7.712264676212927661e-01
-9.574479424823705009e-02 5.622256866887451743e-01 -8.214226753637445810e-01
-4.627240426079184399e-01 4.901367514756541088e-01 -7.386828989799874012e-01
-7.166997042916292138e-01 4.087809708450662050e-01 -5.650129659956985018e-01
-8.680142821237272210e-01 3.408132834101680886e-01 -3.611059565839517815e-01
-9.484031872510887418e-01 2.841896477492152906e-01 -1.405974342730108018e-01
-9.423168929466023691e-01 2.852663192335903042e-01 1.751056834553949004e-01
-9.186505692973846449e-01 2.984587573031333152e-01 2.588503461822303509e-01
-8.223353590390437562e-01 4.279820203584945304e-01 3.749612613644083270e-01
-6.625452828763481739e-01 5.926068239877729793e-01 4.580948595012003244e-01
-4.352122405187598408e-01 7.184544118065213647e-01 5.425988977673903424e-01
3.826297998905601322e-02 7.266092386710510942e-01 6.859846635605145737e-01
2.132770667274897225e-01 7.443369751470896301e-01 6.328312257126686990e-01
4.265688951227418202e-01 6.623828572515738644e-01 6.158635629203959017e-01
5.792921250045103276e-01 5.632157624527804884e-01 5.892441249876763099e-01
6.142689277519084445e-01 5.012121678787380130e-01 6.094752227685852342e-01
5.273832800834546974e-01 4.661365650818741768e-01 7.103404666651675914e-01
4.311234991921693571e-01 3.909535649843850491e-01 8.131960639786077749e-01
3.260801855457909348e-01 3.018904604708982919e-01 8.958425433473740096e-01
1.961563899776712638e-01 2.039599062837544052e-01 9.591261790294589584e-01
-3.372234775662975859e-02 5.025625368197589315e-02 9.981668759419107806e-01
-1.093082172282481418e-01 -7.329527982619404858e-03 9.939808809358126052e-01
-2.436564087429385905e-01 -1.240648059189698449e-01 9.618936939240128048e-01
-3.424613239194331804e-01 -2.377170513115088035e-01 9.089614101462780704e-01
-4.138921179283074903e-01 -3.322158292694836756e-01 8.475411243707348108e-01
-4.859181382255138848e-01 -3.849060703659195060e-01 7.846852107303388113e-01
-4.954191395198495051e-01 -3.210976642877710341e-01 8.071283455475652957e-01
-4.409853144061850472e-01 -2.391956230499505121e-01 8.650534124502510247e-01
-3.795352089293240194e-01 -1.489850577494741812e-01 9.131026655039181650e-01
-3.868178746931167367e-01 -1.389026403871494453e-01 9.116347888882797568e-01
