2.331034670843834533e-18 9.420419221894041906e-01 -3.354951815416918892e-01
7.635767737626689665e-03 9.451280015918194222e-01 -3.266110158248042850e-01
2.543788354165573209e-02 9.472304073568110772e-01 -3.195425941241177847e-01
5.295404895716934041e-02 9.468211848217152893e-01 -3.173728291329379059e-01
8.877698172494179196e-02 9.439935833427536283e-01 -3.177967308257230172e-01
1.083016865073419266e-01 9.412647444822775933e-01 -3.198303073418435338e-01
1.335482528482846709e-01 9.367468208254136064e-01 -3.235278316229548423e-01
1.555563429978474022e-01 9.312067533564591937e-01 -3.296304091804315717e-01
1.913801897400655982e-01 8.995406870993768456e-01 -3.926833014374783160e-01
1.862233627389644486e-01 8.913684101254557568e-01 -4.132592607560165998e-01
1.784887857294781000e-01 8.854792389658526774e-01 -4.290317828894156249e-01
1.669603234264298297e-01 8.821235369270307158e-01 -4.404342357272959529e-01
1.592852355293742361e-01 8.811416753900490617e-01 -4.452163088131083635e-01
1.488659272673968637e-01 8.813360306661260912e-01 -4.484258430872326007e-01
1.375463644406482167e-01 8.851202515270648608e-01 -4.445707344909533565e-01
1.163697198074010036e-01 8.833344847015222046e-01 -4.540685812176870062e-01
7.621839125771283363e-02 8.753656889049301615e-01 -4.774156129852513142e-01
5.067206478151511928e-02 8.698017499712197287e-01 -4.907924791577206181e-01
1.242405373794956171e-02 8.623068718668338573e-01 -5.062336433110230516e-01
-3.501353303653685634e-02 8.481443232183399905e-01 -5.286069045110961540e-01
-9.147713855197761590e-02 8.284825208072296165e-01 -5.524931183636955234e-01
-1.666749555204999067e-01 7.967009611368723876e-01 -5.809363456746559073e-01
-2.197759550196447254e-01 7.736578416824887450e-01 -5.942659956605258476e-01
-2.974799322332015716e-01 7.294201156473990588e-01 -6.159967409065284505e-01
-3.773384129959159172e-01 6.843140523846060752e-01 -6.239631397660299061e-01
-4.605628950145885248e-01 6.355012604218900352e-01 -6.196934465830423733e-01
-5.634644810641340484e-01 5.691003857987907422e-01 -5.988593569969443697e-01
-6.351887517748516787e-01 5.168039879134168624e-01 -5.739763825241370743e-01
-7.260612636045602475e-01 4.572663411606623929e-01 -5.135586964841407642e-01
-8.166697132025462214e-01 3.990171355109470297e-01 -4.169363321975064207e-01
-8.936664576158543927e-01 3.451700144961493688e-01 -2.867366799435644431e-01
-9.458498626658367048e-01 3.000211976528074920e-01 -1.239165778013294195e-01
-9.570272625200064720e-01 2.863259171015974935e-01 -4.600313021297103289e-02
-9.563871538597847888e-01 2.881639279825966016e-01 4.780337374727108152e-02
-9.433144679748936001e-01 3.024805531036587336e-01 1.366137968996836705e-01
-9.224767239695665921e-01 3.216816683986646885e-01 2.134422590552946253e-01
-8.855694721860647434e-01 3.599467034307029523e-01 2.936070173232656066e-01
-8.583913521368476962e-01 3.916187354726146652e-01 3.313594009583920030e-01
-8.200236217354075485e-01 4.386248210795214431e-01 3.676540848799357830e-01
-7.760352642808139301e-01 4.885525404293566964e-01 3.988554673470441903e-01
-7.268307365646714535e-01 5.389198072301614184e-01 4.257728523049146840e-01
-6.645538332053529951e-01 5.961637375387085491e-01 4.505074925192137369e-01
-6.210149838412246659e-01 6.312747161220912950e-01 4.645778972676771756e-01
-5.651621598303294691e-01 6.689929129797830276e-01 4.827423903892652524e-01
-5.034895458730137552e-01 7.048600618160673070e-01 4.996704618578485801e-01
-4.324728126393851402e-01 7.412219958794586949e-01 5.133782417986281210e-01
-3.505943615479356623e-01 7.742035376760649790e-01 5.269653460149549273e-01
-3.084455573018007879e-01 7.867409949792906199e-01 5.346961239805065880e-01
-2.372987473814058834e-01 8.003903134381549211e-01 5.505130794500597835e-01
-1.657586118294377409e-01 8.016303915264266777e-01 5.743803600277133103e-01
-1.076710767662617529e-01 7.839419746284617130e-01 6.114261358852939310e-01
-3.649552268024750662e-02 7.448443255518274464e-01 6.662394520872649828e-01
1.253707573647184939e-04 7.132836074943362803e-01 7.008755093181946449e-01
4.089898775292727384e-02 6.670553741305268458e-01 7.438846689133797874e-01
6.819021084185199200e-02 6.222685478299498918e-01 7.798281538434923554e-01
9.075002345574036122e-02 5.752159504404865675e-01 8.129520549218325343e-01
1.157843483974283078e-01 5.180150259519482603e-01 8.474989189103341314e-01
1.346973064078401117e-01 4.844174210553062743e-01 8.644052277864813227e-01
1.499327602643950041e-01 4.456645434231927272e-01 8.825549740015613542e-01
1.572525354489595073e-01 4.046356567454541531e-01 9.008560514227834659e-01
1.595726826331796966e-01 3.585897714546987247e-01 9.197553668043028097e-01
1.268899013637441453e-01 3.087312751605934547e-01 9.426473108589517036e-01
1.133667240784198837e-01 2.838013319874651552e-01 9.521579647484275100e-01
1.060711782037479789e-01 2.431886722957373181e-01 9.641619028054910778e-01
9.304331385515013375e-02 2.050532512230730242e-01 9.743182775200818213e-01
7.115713834272868743e-02 1.670924828000533435e-01 9.833701052272167953e-01
2.660546270213007269e-02 1.149517762631622197e-01 9.930147221911412858e-01
-3.078874855943196636e-03 8.095903008670604639e-02 9.967126747348211691e-01
-3.589815822720100053e-02 3.787602711974003694e-02 9.986374361125860410e-01
-6.430673192629478285e-02 1.416700403480357535e-03 9.979291744352032367e-01
-9.464056457288970436e-02 -3.466766301233849962e-02 9.949076925416684425e-01
-1.305285695558139614e-01 -7.632736618923965932e-02 9.885021121375141551e-01
-1.507827724751444609e-01 -9.834975758386094169e-02 9.836624831251341572e-01
-1.789943456005325395e-01 -1.183324420697550727e-01 9.767079693525824169e-01
-2.194833021644742865e-01 -1.431698859043465111e-01 9.650541248246724546e-01
-2.654661068698002668e-01 -1.796568335035583497e-01 9.472334286113780477e-01
-3.044292706893424461e-01 -2.412923879627775492e-01 9.214666584628962154e-01
-3.118681541808763780e-01 -2.751627990502623633e-01 9.094084277301578423e-01
-3.184536643603190220e-01 -3.203958722651112923e-01 8.921511916098998629e-01
-3.273179424670021875e-01 -3.579353399534656033e-01 8.744971451934908657e-01
-3.328220809234623823e-01 -3.811353761685877251e-01 8.625342239485953577e-01
-3.332918065406345054e-01 -4.067365503535002036e-01 8.505774216962349588e-01
-3.340170002009552608e-01 -4.212858608496363177e-01 8.431790243032233345e-01
-3.350299783461479497e-01 -4.395190413214466463e-01 8.334134183736521262e-01
-3.530454182110184802e-01 -4.635473752934700653e-01 8.127009065694105194e-01
-3.929161801087067141e-01 -4.968567301439075767e-01 7.737895483395255125e-01
-4.352133248728328740e-01 -5.366933834595595254e-01 7.228759049822204297e-01
-4.615397664045389758e-01 -5.570629109038389704e-01 6.904070953593867133e-01
-4.851322190876565243e-01 -5.748475145632675476e-01 6.589363133137524642e-01
-5.170413947972027913e-01 -6.015568576342686935e-01 6.089314765220690262e-01
-5.594889093731827412e-01 -6.295295086097035808e-01 5.391333397945557993e-01
-5.745181059277241209e-01 -6.482619053133229503e-01 4.996853490755561178e-01
-5.717844959528967097e-01 -6.617133596926396688e-01 4.849720814564185689e-01
-5.655220176418435107e-01 -6.799776764206556523e-01 4.667067678230782946e-01
-5.778845243204872029e-01 -6.929086525584733369e-01 4.311926202528110763e-01
-6.001736549705098955e-01 -6.982705588596007651e-01 3.901407573033607301e-01
-6.310142995398941856e-01 -6.864131554680467096e-01 3.614663660378041876e-01
-6.462306608789547546e-01 -6.799509366513309949e-01 3.464861565588542858e-01
-6.710949692460622673e-01 -6.681800751644559888e-01 3.211960918284161859e-01
-7.012051067416430472e-01 -6.573165049955710382e-01 2.761275258641349151e-01
-7.276527795882576921e-01 -6.413216732223334660e-01 2.433679186186810672e-01
-7.547115375647187596e-01 -6.229851985363001887e-01 2.056694859997088565e-01
-8.280715660556907665e-01 -5.467604917593926750e-01 1.238969173995180389e-01
-8.481074598693202349e-01 -5.205986100111984483e-01 9.844198173755426551e-02
-8.820011054784983040e-01 -4.674178401005479877e-01 5.995508894535761524e-02
-8.936611378148914264e-01 -4.466690767094608772e-01 4.308719845745014043e-02
-9.384643093572607730e-01 -3.450196526212351844e-01 1.569010413355666905e-02
-9.445579771198960861e-01 -3.283410835906213632e-01 1.536452311756447697e-03
-9.507233953347570266e-01 -3.098811673330083005e-01 -9.934168082086792390e-03
-9.573142625195175670e-01 -2.884028744908573860e-01 -1.931799063367970262e-02
-9.638929037306984693e-01 -2.640310759907404936e-01 -3.461301848689388172e-02
-9.706499556025632858e-01 -2.345157548980183193e-01 -5.330126071074075406e-02
-9.778272148756801396e-01 -1.887522711561923916e-01 -9.070015425482876037e-02
-9.801784664009149939e-01 -1.674741402627281939e-01 -1.058422710792362165e-01
