-3.645629804982508659e-18 4.446656878482772579e-01 -8.956966149597855864e-01
6.163406947555863380e-03 4.406996578336067061e-01 -8.976334574870417082e-01
5.224831907642618276e-03 4.312431306317395796e-01 -9.022206290118138794e-01
-9.502330278453234233e-03 4.162833613023960155e-01 -9.091852774996181941e-01
-3.320420459460418638e-02 3.966017014640314531e-01 -9.173900867096149714e-01
-8.860377798237058233e-02 3.509033361872349044e-01 -9.322103942672593790e-01
-1.388731528588868780e-01 3.069978884426109444e-01 -9.415235227580934785e-01
-1.880742559401314407e-01 2.704451908559262208e-01 -9.441861431918324721e-01
-2.511489396147680853e-01 2.278515286868800505e-01 -9.407485801240570433e-01
-3.657606850033001678e-01 1.496101482670849359e-01 -9.186054239124747944e-01
-4.048481071251455732e-01 1.213961614527928751e-01 -9.062896789336807313e-01
-4.834906507647115381e-01 6.603956514058355320e-02 -8.728548369913282645e-01
-5.600707472454180547e-01 1.509208245577335974e-02 -8.283073023504666788e-01
-6.312124393991066507e-01 -2.581362847814090006e-02 -7.751803099489960047e-01
-7.367387912684570939e-01 -7.595578364957022988e-02 -6.718978139348812384e-01
-8.352428170810980435e-01 -1.152084322425951379e-01 -5.376769045203956265e-01
-8.941611687858797008e-01 -1.252875647184631402e-01 -4.298590819819751996e-01
-9.439849994521852805e-01 -1.237801032411636609e-01 -3.058934566983480541e-01
-9.932865046099393913e-01 -8.308152643057514775e-02 -8.049459438828231173e-02
-9.977424540900878824e-01 -6.200245381854641025e-02 -2.580098887190275525e-02
-9.953580327685774831e-01 -1.948959018369956218e-05 9.624129167474601565e-02
-9.754296143068713620e-01 7.373811207808918244e-02 2.076048129507296336e-01
-9.397337651295141203e-01 1.500312023857590660e-01 3.072313281327120893e-01
-8.725636588069869415e-01 2.665125562530235026e-01 4.093943315299358177e-01
-8.069940649801267130e-01 3.605892685954423249e-01 4.676921620688707093e-01
-7.557979694950414107e-01 4.170988154246208501e-01 5.047752048967442118e-01
-6.926933398397534525e-01 4.747773740778863938e-01 5.429202353986765095e-01
-5.850024062582318551e-01 5.542717133229799753e-01 5.920768974399246432e-01
-5.470072125250715622e-01 5.768474344372742646e-01 6.066548828029705298e-01
-4.730673854098071951e-01 6.063089333278187665e-01 6.392157118128521942e-01
-4.017905501635087862e-01 6.244147914865915139e-01 6.698287258486764761e-01
-3.376045804518696403e-01 6.310403071994451496e-01 6.984348773848185754e-01
-2.359449303076392723e-01 6.059534039792381366e-01 7.597041937939380540e-01
-1.771676711795322490e-01 5.720706677628222270e-01 8.008412872562327145e-01
-1.468854973067604541e-01 5.403936651718460604e-01 8.284922071589355674e-01
-1.302416855188847922e-01 5.049539734357245679e-01 8.532634927527800173e-01
-1.363299602788116127e-01 4.529037353676183542e-01 8.810745419205097129e-01
-1.464861321969291863e-01 4.149415996535918971e-01 8.979784418074312491e-01
-1.585829659386767676e-01 3.837203433281589082e-01 9.097308069040050960e-01
-1.734472936853080072e-01 3.479207784899901457e-01 9.213398765972098392e-01
-1.978966819481099704e-01 2.920432249555408033e-01 9.357070364336776969e-01
-2.066086372508668112e-01 2.676355338057083144e-01 9.411079067024533673e-01
-2.261523580507735776e-01 2.173598355688585171e-01 9.495313648477090585e-01
-2.369810222000896804e-01 1.632920814368303830e-01 9.576929002853830086e-01
-2.413904100143807185e-01 1.296961221959787858e-01 9.617221978515495540e-01
-2.754210571469548618e-01 6.645399416836035578e-02 9.590240392915734269e-01
-2.983450381117065398e-01 1.542781485592475965e-02 9.543333907827471485e-01
-3.185934043351383860e-01 -2.952100305935339425e-02 9.474316614366002920e-01
-3.345448889456278385e-01 -6.176377931256684523e-02 9.403536318031563424e-01
-3.220260081082392811e-01 -8.402369265600742598e-02 9.429948404812834584e-01
-3.190532213284671958e-01 -8.711459571208295116e-02 9.437245833260086147e-01
-3.180791358775108546e-01 -9.392575941225238256e-02 9.434000291701539753e-01
-3.143482442249042608e-01 -9.881241132015830542e-02 9.441510942226439829e-01
-3.054907947290767534e-01 -9.837303437417733998e-02 9.470998471353556658e-01
