2.623769257414920730e-17 7.489136914635241560e-01 -6.626675506907497848e-01
8.617693173903311077e-02 7.490873931414122611e-01 -6.568421529352765909e-01
1.364263281806054051e-01 7.478398424050228810e-01 -6.497102639567795546e-01
1.882233076491547086e-01 7.373445380589249698e-01 -6.487642242388850233e-01
2.087751262629470861e-01 7.191291861155624243e-01 -6.627715747756985909e-01
2.184027905642791367e-01 6.874176372054651152e-01 -6.926450845365111908e-01
2.108318359467622749e-01 6.416666152289056679e-01 -7.374373816480941368e-01
2.023235937527889938e-01 6.242792086825864617e-01 -7.545466407171925738e-01
1.757148338355218609e-01 6.058729825536329772e-01 -7.759138007418864280e-01
1.421387005308277218e-01 5.865548849031086975e-01 -7.973392984217624324e-01
1.198284612916424297e-01 5.711284479882315912e-01 -8.120673837576726228e-01
1.068929498185618859e-01 5.630098031626228350e-01 -8.195083030829348747e-01
6.642547926520478430e-02 5.570793035001138094e-01 -8.277984690226336539e-01
-2.011308543888164907e-02 5.522086712608900161e-01 -8.334632848412764083e-01
-1.182025925599110572e-01 5.446463729304726886e-01 -8.302942102446554395e-01
-2.166058251230224552e-01 5.388096978783833979e-01 -8.141044318728278828e-01
-3.576850549675161250e-01 5.322314731851476299e-01 -7.673272185997657147e-01
-4.257998452263401790e-01 5.283433585597309134e-01 -7.345391666011064080e-01
-5.415161355531180609e-01 5.210772960562688461e-01 -6.597262511605129776e-01
-6.502178181524738143e-01 5.072399552814754742e-01 -5.656186141943024825e-01
-7.522856712653649414e-01 4.900370986980943644e-01 -4.403747389535114243e-01
-8.705872351160375278e-01 4.561510644833145500e-01 -1.844019317245689515e-01
-9.031492369599799508e-01 4.278475068556561456e-01 -3.560851943012043053e-02
-9.143274345730346697e-01 3.918548160467302810e-01 1.022504060044557850e-01
-8.931793823382907505e-01 4.070293859078971677e-01 1.912006013934832993e-01
-8.564194960882476337e-01 4.576132811933362188e-01 2.390308172504552742e-01
-8.076519820472564115e-01 5.179684096511968372e-01 2.817924812668857193e-01
-7.776993180030672415e-01 5.479935019547319541e-01 3.080371610584562436e-01
-7.270706237302039243e-01 5.939082608597289203e-01 3.444434435304942199e-01
-6.651281776746444940e-01 6.505254145259797838e-01 3.666349578518239838e-01
-5.969115469294635767e-01 7.072969630611635194e-01 3.787183797846753741e-01
-4.813668185577777980e-01 7.786494400480902245e-01 4.024810995616553422e-01
-4.289030879506518512e-01 8.028797433187243593e-01 4.140365429703696809e-01
-3.375396097181902477e-01 8.337587253783971253e-01 4.369363794955533065e-01
-2.437951374773545954e-01 8.530308175559216943e-01 4.614134320132798894e-01
-1.516166263923524049e-01 8.587123340285880424e-01 4.895156034168639536e-01
-4.275638200973905234e-02 8.439271510495096607e-01 5.347512089924579826e-01
-4.784681226129864663e-03 8.353901350072696630e-01 5.496366337482431197e-01
4.535259783160933839e-02 8.279794401050896147e-01 5.589214512193878548e-01
9.462750997854386947e-02 8.179325692686755245e-01 5.674785868072943495e-01
1.505566765652665562e-01 8.005047433193350770e-01 5.801076133484778241e-01
2.431860131219976406e-01 7.494983825925212173e-01 6.157213148113537260e-01
2.707400079356854228e-01 7.265426312808745957e-01 6.315343640962449712e-01
2.865072267129104011e-01 6.827502765896972248e-01 6.721351566894626650e-01
2.964841569039919911e-01 6.443140475606897732e-01 7.049514542299281095e-01
3.081955847297692674e-01 6.072359795437282104e-01 7.323113727784409388e-01
3.089371307294556668e-01 5.596711895957562355e-01 7.689772485536372493e-01
3.029394019214978750e-01 5.407214636139510144e-01 7.847598470555382510e-01
2.863550693323296259e-01 5.029890931393224962e-01 8.154770054701472315e-01
2.620620887644801167e-01 4.765400702758388340e-01 8.391859287749626750e-01
2.208347867238391604e-01 4.629217022987894281e-01 8.584494711475029183e-01
1.510018482815610463e-01 4.463726949377957443e-01 8.820146591919668655e-01
1.117947338651942291e-01 4.337370177004613581e-01 8.940772544675990030e-01
4.306780326437834733e-02 4.183078136612069509e-01 9.072837138139103752e-01
-3.106708472163616577e-02 3.979850797424048237e-01 9.168657003887374923e-01
-1.016042032182010585e-01 3.674901589650661493e-01 9.244606908637191811e-01
-2.103119380973435260e-01 3.228062970927897957e-01 9.228027867594358336e-01
-2.458081465385830722e-01 3.048750867295494937e-01 9.201247396885468000e-01
-3.183085458600864448e-01 2.649355082860525568e-01 9.102136266183055158e-01
-3.744428541485348427e-01 2.212995497648252430e-01 9.004549173895296521e-01
-4.262094600540279887e-01 1.721121004973783231e-01 8.881007381051060356e-01
-5.195846681040350301e-01 8.421822842656337404e-02 8.502582329339193334e-01
-5.529169397401906272e-01 4.413007341010852236e-02 8.320669410384964326e-01
-6.146973451370154606e-01 -4.157374987491567475e-02 7.876666789974315908e-01
-6.657521139507256436e-01 -1.301704035813701088e-01 7.347310996559240914e-01
-7.112716352174802692e-01 -1.840788978027519118e-01 6.783860407752917432e-01
-7.640022012786877870e-01 -2.364782383784755915e-01 6.003154830709701573e-01
-7.793642685443316065e-01 -2.434868276453569791e-01 5.773261657672889013e-01
-7.880906334485808795e-01 -2.301941640710121473e-01 5.708973640666613614e-01
-7.839052639593452332e-01 -2.088179612347155767e-01 5.847115495717578604e-01
-7.626897376487095093e-01 -1.846345579497070122e-01 6.198503400790057460e-01
-7.340204346102119359e-01 -1.434463483416164031e-01 6.638050517449313181e-01
