4.065758146820641628e-17 9.997938447246565996e-01 -2.030438501134960994e-02
1.510068957011883976e-02 9.998709056464115674e-01 -5.490101668609914665e-03
7.188369252953494271e-02 9.972319344036716382e-01 1.900536118652744466e-02
9.395784004803972578e-02 9.951978129044273258e-01 2.744517232140669671e-02
1.384674428125494128e-01 9.900189470964236849e-01 2.625360301067200530e-02
1.874556165060897450e-01 9.821712670879729767e-01 1.414192162076627346e-02
2.328548167629533872e-01 9.723902347764895593e-01 -1.535791722907667300e-02
3.103829843747115680e-01 9.432654756923778416e-01 -1.179518773800554976e-01
3.574808592328689305e-01 9.095445687584376993e-01 -2.119813971181369605e-01
3.828502229635504794e-01 8.702035007708298631e-01 -3.101154204855863794e-01
3.818421563684974984e-01 8.226063047739820000e-01 -4.213258061950996280e-01
2.697665387497364953e-01 7.363446770120883889e-01 -6.205018381978817388e-01
2.282867795619316631e-01 7.025991885370278522e-01 -6.739729419971930424e-01
1.591242517216100161e-01 6.472486563614309185e-01 -7.454855125033350571e-01
8.981837530630155941e-02 6.027901692415762458e-01 -7.928282735391367630e-01
-9.767607511345201624e-03 5.397769478130548526e-01 -8.417514125043847883e-01
-2.446466204162355829e-01 3.829173815366943567e-01 -8.907986922060424639e-01
-4.361658428007735289e-01 2.341808905628496029e-01 -8.688605573215312239e-01
-6.015412485945408338e-01 9.070009538360390700e-02 -7.936760163547376123e-01
-7.398595852737021028e-01 -2.679998902331523145e-02 -6.722273087780469281e-01
-9.123403380412792307e-01 -1.336898042289176303e-01 -3.869911417952071053e-01
-9.735142239571636935e-01 -1.557898811328622679e-01 -1.673307165157973397e-01
-9.911714929683471675e-01 -1.289898896023169705e-01 3.067050549436529938e-02
-9.765017736405644522e-01 -6.662632477350020899e-02 2.049517477944699240e-01
-9.047206906450938613e-01 8.021019030672185690e-02 4.183859429876002345e-01
-8.714642742544315146e-01 1.294034016391696629e-01 4.730800971742613603e-01
-7.965761735818014388e-01 1.988377142533702402e-01 5.709027614859388811e-01
-6.969556459267691739e-01 2.897681933072211447e-01 6.559628204084959613e-01
-5.935704413378161126e-01 3.963193245544029963e-01 7.004320981756705367e-01
-4.003052773446834633e-01 5.404157291296971533e-01 7.400719726075388749e-01
-3.532984342525191113e-01 5.647228348545917376e-01 7.458339869894048402e-01
-2.596391946121214822e-01 5.773352949688653757e-01 7.741262466835638900e-01
-1.642828053749880723e-01 5.746581039599526486e-01 8.017351329530695292e-01
-9.153517738809442694e-02 5.603831414563567037e-01 8.231597937654844266e-01
-3.532354842114562854e-02 4.820900879589989363e-01 8.754092722941788640e-01
-1.375939264861213325e-02 4.085318410372287823e-01 9.126403530266857800e-01
-1.099865408218267220e-02 3.272646938623767765e-01 9.448686944541792032e-01
-1.573437095557864498e-02 2.272660667330301532e-01 9.737055840870637580e-01
-6.671317594232500925e-02 3.451325723271695539e-02 9.971751035955904729e-01
-7.826103317260467429e-02 -1.394751842154559607e-02 9.968353311438338249e-01
-9.286905864275528388e-02 -1.332522709982247311e-01 9.867214248310534064e-01
-9.883721250546816106e-02 -2.493576387672270522e-01 9.633545419068629823e-01
-1.096805086029593312e-01 -3.583874143797765033e-01 9.271076783452796288e-01
-1.366673111916729688e-01 -5.169953365161481518e-01 8.450076142095959142e-01
-1.432244913799583796e-01 -5.895789285781785072e-01 7.949109585642653020e-01
-1.440383920497928794e-01 -6.014914755002018776e-01 7.857868327455610480e-01
-1.545936474646412151e-01 -5.889634479796808098e-01 7.932356907675449653e-01
-1.993880591200127284e-01 -5.643917158713108728e-01 8.010657856482148453e-01
-1.937599412450894953e-01 -5.724567975773474648e-01 7.967121814533699720e-01
-1.669769238799696798e-01 -5.935948310608247791e-01 7.872508389512540283e-01
-1.428042559125295430e-01 -6.221725015651178303e-01 7.697456221307608093e-01
-1.442724361233866381e-01 -6.444644784054092135e-01 7.509001266804173902e-01
-1.915227919579076954e-01 -7.128397080709397704e-01 6.746692306293400332e-01
-1.585788300113597782e-01 -7.462993903781994787e-01 6.464441001303640189e-01
-2.025307842536495928e-01 -7.773173362466482272e-01 5.956165210939140531e-01
-2.086230973511055409e-01 -7.891150663201624837e-01 5.777316118736769424e-01
