-4.591596200476111278e-17 9.726306290416034672e-01 2.323567503864146233e-01
3.854293590825859372e-02 9.762983624505782165e-01 2.129693629794929821e-01
7.553372089841292603e-02 9.793595475480086909e-01 1.874820888346417080e-01
1.556181863499624951e-01 9.857594494856226630e-01 6.372823414272751896e-02
1.822463217872674346e-01 9.828604284043132022e-01 2.777870536762505616e-02
1.737620530979510081e-01 9.847702150051144132e-01 5.862810074102497992e-03
1.642905191113585572e-01 9.860426659871399657e-01 -2.699048319489966152e-02
1.425382683919139692e-01 9.829642025168608965e-01 -1.160354196537691784e-01
1.225995730342971518e-01 9.784889835465975239e-01 -1.659176113911799422e-01
9.533725269911914879e-02 9.724161274064078153e-01 -2.128795044331627806e-01
6.332424912695368280e-02 9.665433985691741503e-01 -2.485636702232611739e-01
3.751603400512728073e-03 9.554400049662797878e-01 -2.951615191415714601e-01
-2.969151461539312059e-02 9.453875616312332752e-01 -3.245932412617292817e-01
-5.968012730713347092e-02 9.333873230250195885e-01 -3.538734062073494724e-01
-8.766627162285241248e-02 9.166329254241427638e-01 -3.899983395453450186e-01
-1.070784031064841157e-01 9.034842266713191128e-01 -4.150306828950041660e-01
-1.653987687213693547e-01 8.801331438653331452e-01 -4.449819056716575183e-01
-2.629035862586000527e-01 8.131316869515573531e-01 -5.193251043495600294e-01
-4.375947620684103589e-01 6.742786789619285015e-01 -5.948605612306532286e-01
-4.617202190516392912e-01 6.495056273104229394e-01 -6.041166107722910628e-01
-5.296958865931328253e-01 5.767645375004621933e-01 -6.219042820307580932e-01
-5.584923192729193131e-01 5.486317658003642128e-01 -6.221651829441514625e-01
-6.319895544746978455e-01 4.596448382534506494e-01 -6.239517815519337596e-01
-6.531803497816059956e-01 4.333825088344236964e-01 -6.209146734419790370e-01
-7.155365221237464102e-01 3.563342298356158566e-01 -6.008605513382550001e-01
-7.408554446899452417e-01 3.284144280913025016e-01 -5.858986034244544339e-01
-7.912867298863558441e-01 2.706650565112490026e-01 -5.482752395371505161e-01
-8.114375960021232848e-01 2.492618869387017155e-01 -5.286185198364252713e-01
-8.339035078161168846e-01 2.216208375014381282e-01 -5.054593396477473632e-01
-8.513683893422802074e-01 1.961007230473775509e-01 -4.865350676457220747e-01
-8.791063193529364828e-01 1.542105047751424485e-01 -4.509891345595021805e-01
-9.151896479466958834e-01 8.497632102843274970e-02 -3.939631114148577362e-01
-9.315220282991193423e-01 4.723665470932754407e-02 -3.606042279915286364e-01
-9.440074140285290571e-01 1.197426149880129014e-02 -3.297068687800233100e-01
-9.561247621541290043e-01 -2.732808364412610963e-02 -2.916823872640405546e-01
-9.747428565797746636e-01 -8.201851818668298710e-02 -2.077241589732917171e-01
-9.796519069859169759e-01 -9.796065824575356240e-02 -1.751737725086571773e-01
-9.886868259537298087e-01 -1.284328750368249339e-01 -7.748133191494695204e-02
-9.904084837706410571e-01 -1.371318246717677936e-01 -1.690851670997329387e-02
-9.863898287079903016e-01 -1.520322667971808761e-01 6.262024971151580743e-02
-9.735884807895813786e-01 -1.710377306402963427e-01 1.512334776802160274e-01
-9.626063429778874969e-01 -1.622130141430805916e-01 2.169699668188075359e-01
-9.343948498099635680e-01 -1.526343690977623457e-01 3.218835410808443820e-01
-9.020020579907674918e-01 -1.101486217094351100e-01 4.174440902874679282e-01
-8.671693877886734736e-01 -8.503004894081167553e-02 4.907006660473781645e-01
-8.322107567833544328e-01 -7.574513354270361043e-02 5.492612593644979890e-01
-8.062069247234495695e-01 -6.644469655845842981e-02 5.878907184394157603e-01
-7.847329326641744318e-01 -6.375083241152336433e-02 6.165468804228292354e-01
-7.545171942037013357e-01 -5.156568547612619402e-02 6.542513154227136418e-01
-6.831588570552504791e-01 2.668253484651279123e-02 7.297821718575538963e-01
-6.479717284227236584e-01 7.785011759095523953e-02 7.576753911510799577e-01
-6.094474054009438868e-01 1.293795455590083521e-01 7.821986916640821796e-01
-5.676750221984766531e-01 1.834444797843985953e-01 8.025541676476362074e-01
-5.176726232875371592e-01 2.450695972240027332e-01 8.197291916328615091e-01
-4.528129432114812447e-01 3.001794272251669393e-01 8.395550904681159388e-01
-3.237963854933867403e-01 3.621035893642033932e-01 8.740920382379524511e-01
-2.709572079380827003e-01 3.699323834553253088e-01 8.886687927104567342e-01
-2.248851896772448289e-01 3.404192640965614802e-01 9.129848717781609002e-01
-2.160222300399778916e-01 3.160827755963060426e-01 9.238106272932187224e-01
-2.208434487641057486e-01 2.228422920210252067e-01 9.495101284477125425e-01
-2.277994069870727112e-01 1.547716645355387000e-01 9.613288521797505037e-01
-2.207878686022841930e-01 7.102003335165486819e-02 9.727326826732978216e-01
-1.905297619865345959e-01 4.311032588452809455e-02 9.807343726001880313e-01
-1.619148768828408691e-01 -2.291420541450252864e-03 9.868020683176117469e-01
-1.458113764418393077e-01 -2.891102188305287937e-02 9.888898802767747132e-01
-1.429838969739510302e-01 -6.123463287651619708e-02 9.878288945675870458e-01
-1.460382334279558825e-01 -1.181550739772247172e-01 9.821976445047495563e-01
-1.452597959218842327e-01 -1.881709496281477878e-01 9.713347957345982442e-01
-1.942809344734659771e-01 -2.519930614840058536e-01 9.480265900617106389e-01
-2.008225216591553730e-01 -2.614710120386575243e-01 9.440885682275463875e-01
-2.064532648787107960e-01 -2.974459650054357973e-01 9.321496378387463810e-01
-2.082356959208300773e-01 -3.385743942115119198e-01 9.176084538236746191e-01
-2.226525038965570802e-01 -3.574346999811156000e-01 9.070095356488837579e-01
-2.668018085822694285e-01 -3.850173076930822891e-01 8.835035187898236941e-01
-2.808019262743505218e-01 -4.395882875114721644e-01 8.531778335630534338e-01
-3.056670520102693356e-01 -4.718282272575424208e-01 8.270101433950832748e-01
-3.308217845870608520e-01 -4.697571428585868292e-01 8.184651327796251818e-01
-3.470710995035387048e-01 -4.946866321461461657e-01 7.967601821535185147e-01
-3.632942244709828072e-01 -5.744780492014596174e-01 7.334795685305166568e-01
-3.767289042357911955e-01 -5.660168886974872304e-01 7.332804473204752593e-01
-4.185696049814440767e-01 -6.450039251003429897e-01 6.393507819584089980e-01
-4.319283886461463551e-01 -6.612668478239588365e-01 6.133221201379490672e-01
-4.513227958428768782e-01 -6.752452072996755206e-01 5.833966437779591896e-01
-4.709358764375371487e-01 -6.851552203721439360e-01 5.556813153965208807e-01
-5.099160326011676903e-01 -7.004454480960590201e-01 4.993614061356724809e-01
-5.357748820689554048e-01 -6.923835032504330744e-01 4.832704834465420540e-01
-5.704295628416129471e-01 -6.727932216160990020e-01 4.711256677190885922e-01
-6.129110480209718492e-01 -6.503586427603635922e-01 4.487467916327999573e-01
-6.641275485397729605e-01 -6.253216663426597322e-01 4.097650703427399010e-01
-6.817614136182019724e-01 -6.124270006904291019e-01 4.001681443176556829e-01
-7.017831742240752124e-01 -5.937508173970100778e-01 3.936500263131754718e-01
-7.236223124428302622e-01 -5.763469655298198990e-01 3.797300676262806984e-01
-7.327122511817006911e-01 -5.689465284497120523e-01 3.734067550718188633e-01
-7.397557951141487953e-01 -5.613264451448232162e-01 3.710444522912441645e-01
-7.858556837574862675e-01 -5.375815625867744751e-01 3.056745129591534327e-01
