4.363913744254155347e-18 7.924494460918344307e-01 -6.099375995860107924e-01
1.417410542106845202e-02 8.022469905531547374e-01 -5.968239781408910538e-01
3.075146011906860002e-02 8.128173373001427171e-01 -5.817063897576261189e-01
5.136149483862573195e-02 8.249197405174021336e-01 -5.629115548224637999e-01
7.824667171668781007e-02 8.349926465191034319e-01 -5.446693846952332940e-01
1.240562031800857695e-01 8.130333857209426363e-01 -5.688468793583051353e-01
1.123446739618740586e-01 7.754137718053312200e-01 -6.213792374444365718e-01
6.463989656366553316e-02 7.134475910346853578e-01 -6.977207311088319264e-01
-6.128707293894315733e-02 5.926109354611708291e-01 -8.031538917682043976e-01
-9.210892151312505272e-02 5.482465493691113245e-01 -8.312290103711201805e-01
-1.687073816079507627e-01 4.851104262036136650e-01 -8.580242967303065571e-01
-2.461137671127843485e-01 4.284378000964332855e-01 -8.694073067820872192e-01
-3.704110618890552598e-01 3.655403901442073056e-01 -8.539179517983230827e-01
-6.188220179359424922e-01 3.056180700768695302e-01 -7.236414204287768825e-01
-7.033785804329055757e-01 2.803492982421445512e-01 -6.531943382817457788e-01
-8.226103133728380756e-01 2.877662402297365141e-01 -4.904109127218545527e-01
-8.446422972778447891e-01 4.090646668695641641e-01 -3.453193999301182870e-01
-8.053151451085567292e-01 5.550441600505876538e-01 -2.083110593620072781e-01
-6.785262373760767574e-01 7.307099198337579926e-01 7.526724552424318704e-02
-4.325635564587492765e-01 8.542891501435272428e-01 2.882339632500104387e-01
-2.224249460507968790e-01 8.882273605397951188e-01 4.019692766404031614e-01
-8.727023431821240296e-02 8.574979590114866213e-01 5.070317115261914198e-01
-9.609483003764049402e-02 7.798710700818183295e-01 6.185199250545418970e-01
-1.003268620878930428e-01 7.523277884728386544e-01 6.511047684014950043e-01
-1.391452990383509891e-01 6.806791338065019126e-01 7.192457873049783457e-01
-1.804015739914842098e-01 6.009877012963283915e-01 7.786328114021079383e-01
-2.228830437922229568e-01 5.107570061289699037e-01 8.303315178168809707e-01
-3.219191260548311950e-01 3.558608183382423462e-01 8.773432362831152798e-01
-3.506821125991596011e-01 3.111632834161188188e-01 8.832890053412247866e-01
-4.339018511277210610e-01 2.119136011096165451e-01 8.756836239491357921e-01
-5.226177083825002123e-01 1.187218300051549325e-01 8.442605391496460499e-01
-6.085192314946121783e-01 2.485692554851544334e-02 7.931497198848915797e-01
-7.022121750651615368e-01 -1.127905102896297196e-01 7.029767862304271420e-01
-7.269621959778321818e-01 -1.555912674856633759e-01 6.688178549510266357e-01
-7.632559754974748145e-01 -2.106106958666862372e-01 6.108055751660654842e-01
-7.912231675160055211e-01 -2.445038058473498477e-01 5.605209970305309319e-01
-8.001519112069935824e-01 -2.363922003878375921e-01 5.512491692398197030e-01
