-3.821812658011403130e-17 9.715210127600749646e-01 -2.369534168684601649e-01
6.299910574986694600e-02 9.738211395579574603e-01 -2.184113111190859324e-01
8.055092032581469275e-02 9.752291604131021474e-01 -2.060088199923010288e-01
1.262937136138552463e-01 9.811166112989810895e-01 -1.464926378178281474e-01
1.942688497960725902e-01 9.759819491447346840e-01 -9.858422258432314456e-02
2.589830241326141480e-01 9.619424522519058884e-01 -8.714649600939572416e-02
3.229910901399248857e-01 9.404264331058911353e-01 -1.061832359930411918e-01
4.114117923088848050e-01 8.887723396328649494e-01 -2.020496608577068698e-01
4.530464753995661620e-01 8.421415875836815168e-01 -2.924832261687266288e-01
4.615074770451254582e-01 7.965555890779115744e-01 -3.905253412266404545e-01
4.595915193292273715e-01 7.649165132116411137e-01 -4.513073932219561768e-01
4.346924847422046212e-01 7.060268589041801546e-01 -5.590782755701967366e-01
4.164032319612259170e-01 6.696555566559478923e-01 -6.149551071843034622e-01
3.990934294726611320e-01 6.225607945412858779e-01 -6.731585932392698535e-01
4.063061197628678456e-01 5.976271810304882859e-01 -6.911997464820094361e-01
4.042897231438609684e-01 5.599175587064701975e-01 -7.232165285807887756e-01
3.647295978398829575e-01 4.979498192863432982e-01 -7.867771590051756414e-01
3.427073993496282389e-01 4.678584840414197199e-01 -8.146533479594122440e-01
2.848617286218214084e-01 4.237304815686123716e-01 -8.598292124347831633e-01
2.246166256262033811e-01 3.978636035061438037e-01 -8.895234254910907579e-01
1.591083800032249140e-01 3.760368324792177086e-01 -9.128421681932458176e-01
7.095979442877156651e-02 3.439564244864468101e-01 -9.363005316826036317e-01
-4.036870095745121595e-02 3.076481663133534550e-01 -9.506434524820748244e-01
-1.489443035247724201e-01 2.685733464329714826e-01 -9.516742888369504882e-01
-2.536396134782425427e-01 2.241558480979405910e-01 -9.409681728082521790e-01
-3.344339315050320893e-01 1.749901910226106250e-01 -9.260304414564122233e-01
-4.591051738637968449e-01 9.606504351788901219e-02 -8.831726596455526934e-01
-5.306439057291720829e-01 4.762282602851052732e-02 -8.462559374997307149e-01
-6.436785322293171463e-01 -6.684248436471483795e-04 -7.652956947189368808e-01
-7.652810200868427337e-01 -6.762858075079761222e-02 -6.401338417553582572e-01
-8.582614829804997569e-01 -1.083227400020532610e-01 -5.016506860660719935e-01
-9.420708229670485823e-01 -1.511852050278944537e-01 -2.994087478596124674e-01
-9.615609838015578559e-01 -1.586385887497938352e-01 -2.241300350021250831e-01
-9.821686870914719814e-01 -1.451406528307989663e-01 -1.194941881133286254e-01
-9.926510427479967591e-01 -1.188878206650766239e-01 -2.257417614938059258e-02
-9.907488066666947368e-01 -1.000935555291288248e-01 9.164105100912744994e-02
-9.491897054850277904e-01 -8.343250694296757211e-03 3.145938543091680861e-01
-9.176468359611240633e-01 4.083667225631485570e-02 3.952931199117533656e-01
-8.637229873341653041e-01 9.847070969855771516e-02 4.942530935482426502e-01
-8.103234561322845142e-01 1.420066913600120106e-01 5.685156075701102152e-01
-7.560829830712503252e-01 1.882319900215810859e-01 6.268231334615809169e-01
-6.883020224501741335e-01 2.420508449629223402e-01 6.838506520752429818e-01
-6.196300287414416852e-01 2.890400191419347231e-01 7.297359075832228203e-01
-5.440695676611321252e-01 3.348381233835904247e-01 7.693320067915957461e-01
-4.748756864322958293e-01 3.718868406720503561e-01 7.976172391381826099e-01
-4.132322671413010684e-01 4.011469174513341840e-01 8.175085589842793210e-01
-3.484162255489473559e-01 4.283067007115879954e-01 8.337622586203931041e-01
-2.862993367643852927e-01 4.498081938068730357e-01 8.459936634233565789e-01
-2.260873647290024546e-01 4.710091363289453104e-01 8.526634136659998475e-01
-1.736546903118615093e-01 4.637806360250405491e-01 8.687643927906461006e-01
-1.039412650389049397e-01 4.296322043844172933e-01 8.970018853814626381e-01
-5.449041919873174461e-02 4.001977556205540409e-01 9.148073844322737180e-01
1.278640569634887335e-02 3.710838776723092702e-01 9.285113157959092867e-01
6.329093159427416626e-02 3.377400436484931379e-01 9.391091102178931171e-01
9.432929188764377360e-02 2.875960945219749321e-01 9.530952056891709434e-01
1.233404146785513078e-01 2.274535570246908334e-01 9.659461794032516702e-01
1.544151582427640834e-01 1.644140579766809884e-01 9.742299402320289126e-01
1.602014792913943331e-01 1.227251480156804908e-01 9.794253540098795119e-01
1.482069553590070199e-01 7.142090768577895321e-02 9.863740428095990609e-01
1.166413021404768685e-01 3.294134205808159788e-03 9.931686439446265613e-01
6.801448910879703824e-02 -6.875078119680062827e-02 9.953126942605016181e-01
2.145962950324101573e-02 -9.952409873541473440e-02 9.948037183648275050e-01
-6.993252359475776725e-02 -1.232483547677605817e-01 9.899087256867213913e-01
-1.109050911770406711e-01 -1.444445569884849623e-01 9.832781044584550934e-01
-1.904223643822258172e-01 -2.055938354228731280e-01 9.599325486612043656e-01
-2.380916852524324057e-01 -2.410422493572549341e-01 9.408565158611867929e-01
-3.042706247609898718e-01 -2.821375620626133118e-01 9.098449224900482246e-01
-3.689819317210767391e-01 -3.066230972429001556e-01 8.774021941507517131e-01
-4.556377660252456940e-01 -3.128209894799682256e-01 8.333890176335999600e-01
-5.891739780322698961e-01 -3.055134216553335169e-01 7.480211045138235315e-01
-6.048002822799869449e-01 -3.063272493067517588e-01 7.351055943782550672e-01
-6.461725533159971002e-01 -3.152122250843309437e-01 6.950555981347610324e-01
-6.930220802366136024e-01 -3.143472300539753017e-01 6.487728533638792427e-01
-7.574744605346497295e-01 -2.933654129622340623e-01 5.832402387655013509e-01
-8.107231269692595221e-01 -2.632578734496100470e-01 5.228989419227912938e-01
-8.481082171866023423e-01 -2.393384580506782711e-01 4.726833553643351449e-01
-8.598905844300732682e-01 -2.287168649194391834e-01 4.563735076775713440e-01
-8.921049084044992972e-01 -1.920025483824350232e-01 4.090034887568201882e-01
-9.173525847495329621e-01 -1.536117902985252304e-01 3.672433159836036021e-01
-9.649459182766311205e-01 -3.821744809467777365e-02 2.596513074536692667e-01
-9.741879899088105033e-01 -1.601951564002650208e-02 2.251691262941931670e-01
-9.819372295476944679e-01 1.506412090255774237e-02 1.886063347017582770e-01
-9.901366736640569988e-01 8.501038325692879261e-02 1.113669708844900325e-01
-9.901093846659444475e-01 1.084386495112572291e-01 8.901946803143409581e-02
-9.881496648794383386e-01 1.383638909598857991e-01 6.645053406176912314e-02
-9.835076007214653693e-01 1.761209489179289267e-01 4.116079050935098765e-02
-9.766308839146726761e-01 2.146183371692984843e-01 1.144927660292086036e-02
