-6.749158523722265102e-18 6.661517124678522084e-01 -7.458162615390924177e-01
1.747832215487923196e-02 6.624650438133944386e-01 -7.488888929473901390e-01
3.276282434418833350e-02 6.558412744124736404e-01 -7.541875231784296307e-01
7.140320212893022656e-02 6.607266848474581122e-01 -7.472227450072855826e-01
9.828408395555898736e-02 6.649742943883809598e-01 -7.403711411472567727e-01
1.266786635018476992e-01 6.593222459084173703e-01 -7.411117947136357520e-01
1.587280769897101707e-01 6.497966379491793010e-01 -7.433503392647987651e-01
1.839237151628464184e-01 6.452265420007149421e-01 -7.415219325808883877e-01
2.200607736957205240e-01 6.410790011419859047e-01 -7.352489171533911350e-01
2.565476973792342186e-01 6.348727743588421513e-01 -7.287796919147238039e-01
2.831792587603951250e-01 6.142513537161730097e-01 -7.365492392676555866e-01
2.938120279765445431e-01 5.526582149593294302e-01 -7.798996022913959880e-01
3.105400908350534617e-01 5.154199234436479538e-01 -7.986909004749589425e-01
3.422243535245860224e-01 4.703522344365603236e-01 -8.134194904323439612e-01
3.516922182900044103e-01 4.146247284188753213e-01 -8.392847658440071301e-01
3.256777770069137490e-01 3.438854872339692781e-01 -8.807251314875094161e-01
2.798486654844623001e-01 2.426226495004074613e-01 -9.288804952069820153e-01
2.544878812008253832e-01 1.933080986664835743e-01 -9.475589149556157276e-01
2.189355348046562177e-01 1.205382297382883855e-01 -9.682653390323121556e-01
1.205838737809767081e-01 5.419261430266708590e-02 -9.912228255740560545e-01
-2.823029396418861095e-02 5.348903494480721464e-03 -9.995871346381475231e-01
-2.026146762458541917e-01 -5.664197259020174735e-02 -9.776190361847905130e-01
-2.991713875342495443e-01 -9.140629992519697100e-02 -9.498112282000130691e-01
-4.515896956068771728e-01 -1.465436446351524313e-01 -8.801089177134466812e-01
-6.427350648044951598e-01 -2.176219680259572353e-01 -7.345286349103556933e-01
-7.896953632490818498e-01 -2.314864114021805419e-01 -5.681507498886551044e-01
-8.977751713122910093e-01 -2.053357800921997434e-01 -3.896626222633036152e-01
-9.448510698678954656e-01 -1.910837029289376987e-01 -2.659764543046219121e-01
-9.771243307857613303e-01 -1.897074710413321208e-01 -9.612032884660753895e-02
-9.774920799212437617e-01 -2.071767786896121233e-01 3.983737018223379445e-02
-9.576830253376574786e-01 -2.308672019917522300e-01 1.718823959124704537e-01
-9.207632923441200212e-01 -1.943539811952210705e-01 3.382624564819222690e-01
-9.025640252208825265e-01 -1.668429622623022746e-01 3.969151122351201044e-01
-8.835996406508888068e-01 -1.077124677733054953e-01 4.556859656910721146e-01
-8.615915601189163553e-01 -5.936283953342740699e-02 5.041190700760883603e-01
-8.197361838691304969e-01 3.927409036143249613e-03 5.727278274310912964e-01
-7.502994347187580404e-01 1.512919231622103233e-01 6.435538145692184520e-01
-7.082313251534371190e-01 2.557163912933936856e-01 6.580406653811681217e-01
-6.184280758886099294e-01 4.098328548833081730e-01 6.705100640638508303e-01
-5.057440528846869343e-01 5.294957330089508085e-01 6.810706436905681338e-01
-3.849622537942964384e-01 6.211295279607644826e-01 6.826435179864038805e-01
-2.072056119857607626e-01 7.202830581460267778e-01 6.620106876096590875e-01
-8.614695782084900999e-02 7.650386388251232406e-01 6.381963512609699629e-01
1.800220694481274863e-01 7.754718711290475852e-01 6.051738854240387155e-01
3.872344332221096530e-01 6.992069200951358532e-01 6.009652041659528932e-01
3.931956830214352050e-01 6.368170559774068984e-01 6.632203194034205218e-01
2.690019864858244070e-01 5.982998307223265089e-01 7.547683378522949127e-01
2.268702984465321149e-01 5.757050462641061239e-01 7.855530328302633425e-01
1.990476875284301617e-01 4.883063865341376042e-01 8.496686948214331458e-01
2.293567097478911299e-01 3.565958448528037672e-01 9.056682080802753720e-01
2.451224638484264251e-01 2.279367043324450059e-01 9.423162083583941362e-01
1.793762732151279182e-01 1.452433742934774452e-01 9.729997506840877275e-01
1.487225784025170694e-01 1.323009169563093557e-01 9.799888071023192815e-01
1.418436878065821583e-01 9.041182539233016957e-02 9.857515255167783597e-01
8.847347269813707338e-02 2.005281987901791352e-02 9.958766635701588044e-01
-1.862088442869901800e-02 -8.372616357635813411e-02 9.963148057696814552e-01
-9.861607913591317887e-02 -2.060763624671263783e-01 9.735540055734848153e-01
-1.372529352162660254e-01 -2.647715835771734527e-01 9.544933945840352596e-01
-1.862042186298036028e-01 -3.185913297558189972e-01 9.294232370502059082e-01
-2.181391018500551948e-01 -3.508649644587329419e-01 9.106641032562023952e-01
-2.342571965312975901e-01 -3.415334950350700782e-01 9.102079090199266531e-01
-2.968233896603005295e-01 -2.911060811110843805e-01 9.094795901452191744e-01
-3.414274574149570585e-01 -2.595627923811967275e-01 9.033573202971421079e-01
-4.092780672340801118e-01 -2.327264538487251178e-01 8.822300501343928181e-01
-4.402330141294346078e-01 -2.342063197874936498e-01 8.668000305965104513e-01
-4.298681433690436093e-01 -2.352261947912746565e-01 8.717121179612388193e-01
-4.502726035511052105e-01 -1.882346324785701963e-01 8.728243268991573434e-01
-4.705282539281501752e-01 -1.600782320038491857e-01 8.677431197617460068e-01
-4.984563282879552193e-01 -1.234741304028320330e-01 8.580765862735998395e-01
-5.248489320962692606e-01 -1.057644407317890334e-01 8.445990063658006530e-01
-5.553209919669311878e-01 -1.124952814493465764e-01 8.239923589041926455e-01
-5.819193036783493200e-01 -1.275923005582240422e-01 8.031750300182177726e-01
-5.746364440429925224e-01 -1.323672852659013299e-01 8.076334929712611910e-01
-5.120985657794527857e-01 -1.667289342830982624e-01 8.425891771198165126e-01
-5.868706089406380277e-01 -1.652320131268322223e-01 7.926419558663918563e-01
-6.160802739218476098e-01 -1.506889951385371740e-01 7.731351258535077431e-01
-6.378438209646516421e-01 -1.282835477268557955e-01 7.594067364988441593e-01
