2.301219111100483161e-17 9.493118419982836675e-01 -3.143358500741293970e-01
7.490123643392752883e-02 9.337807575811696292e-01 -3.499189928423519502e-01
1.005684407489223220e-01 9.159703583211893374e-01 -3.884382723191451281e-01
1.374790370829121755e-01 8.816092958992832740e-01 -4.515136362799299086e-01
1.544481755104845644e-01 8.654539135652445925e-01 -4.765871217060783649e-01
1.690692100599298919e-01 8.421208258466371666e-01 -5.121016665517589272e-01
1.694053490400415085e-01 8.159661109772949894e-01 -5.527215695566896070e-01
1.623989705907590841e-01 7.805751574201473808e-01 -6.035967179910555203e-01
1.552534006731457195e-01 7.224314912948470724e-01 -6.737871488570605916e-01
1.591873184657168483e-01 7.119850208950391224e-01 -6.839128070600705156e-01
1.627439094970346278e-01 6.819611117677452095e-01 -7.130522154499779885e-01
1.481848161273194853e-01 6.582093714458058242e-01 -7.381068239829718935e-01
1.172521165818225658e-01 6.302503792610837374e-01 -7.674870686847712342e-01
-2.148866958054995030e-02 5.410192972900016439e-01 -8.407356047173754066e-01
-6.959704246772679959e-02 5.027214613639532370e-01 -8.616422598525658172e-01
-1.843340058485996580e-01 4.224794488196156328e-01 -8.874300477293305400e-01
-2.867684054096328317e-01 3.602644123923137709e-01 -8.876786776882934493e-01
-3.818101833385816324e-01 3.054499925963647944e-01 -8.723080223876420458e-01
-5.361110247377672833e-01 1.939898225656541131e-01 -8.215551825018009291e-01
-5.931797893542107847e-01 1.471282375392799491e-01 -7.915118566517367338e-01
-7.422278842263433374e-01 3.053126595061449178e-02 -6.694517231857268769e-01
-8.060058012722406406e-01 -6.556603656155805294e-03 -5.918713198525412666e-01
-8.462357014348623752e-01 -1.391114107860972650e-02 -5.326270907219584627e-01
-9.343799104376865339e-01 -1.024546259746110938e-01 -3.412290031443155347e-01
-9.492257593845130348e-01 -1.200005456756725458e-01 -2.908097776183520278e-01
-9.734132329880692547e-01 -1.221114790896021263e-01 -1.937923231664873958e-01
-9.893449361041782852e-01 -6.738934757919735896e-02 -1.290553107697209045e-01
-9.949491237388743414e-01 -4.065942799299972904e-05 -1.003804737887640935e-01
-9.957429223188047906e-01 7.319795077228723190e-02 -5.601868130136820889e-02
-9.960510960796631341e-01 8.675265701462905876e-02 -1.887300981305328751e-02
-9.855869050053241986e-01 1.171107500623218001e-01 1.220799938641314586e-01
-9.632243105733496735e-01 1.779809946894428951e-01 2.013000075753889617e-01
-9.309037159417424823e-01 2.722191642498046904e-01 2.435467065287342525e-01
-8.756392752244962496e-01 3.999963194900995056e-01 2.706636364174049847e-01
-8.540769898529845250e-01 4.349763062966983673e-01 2.852158978110192478e-01
-7.993216055946303911e-01 5.012782380033056207e-01 3.313685243560757776e-01
-7.312557827346239936e-01 5.790025749700433710e-01 3.605842459054907079e-01
-6.354978861634739129e-01 6.604791873029799421e-01 3.998870838391154203e-01
-4.231065175291199298e-01 7.724747588193580095e-01 4.735648021246459671e-01
-3.885805550748621662e-01 7.842600681220407433e-01 4.836747851262501730e-01
-3.130062695279282603e-01 7.993880795742113188e-01 5.128408851396932810e-01
-2.421631736221623310e-01 7.927297760300741070e-01 5.594072751909392460e-01
-1.201833901701669233e-01 7.831891810689434186e-01 6.100579147783948830e-01
8.456216667598701053e-02 7.106173227929223346e-01 6.984785326076113909e-01
1.209434145292933721e-01 6.898127603265807872e-01 7.138144339901082436e-01
1.816760271324701081e-01 6.367199836408351521e-01 7.493874055505446163e-01
2.344920528578978147e-01 5.848083562244920097e-01 7.765389002725467948e-01
2.728208164327564633e-01 5.321191006912860955e-01 8.015098656912846842e-01
2.994602908319910495e-01 4.529582152370937309e-01 8.397335228892831571e-01
3.101505410009330888e-01 4.273265093396877989e-01 8.492341822679928542e-01
3.106098897200060271e-01 3.769966166792749762e-01 8.725795364438164725e-01
2.833052504064810795e-01 3.397203910961165141e-01 8.968434595656158415e-01
2.343104385339434270e-01 3.042440598417699982e-01 9.233277697789820104e-01
1.122870981419320652e-01 2.254091847412674765e-01 9.677718259099822307e-01
3.662697659396403627e-02 1.588665682140395496e-01 9.866204326332791430e-01
-1.769873617520174164e-02 1.075260333138274849e-01 9.940447207734640633e-01
-8.356463209055162156e-02 5.532719403906460887e-02 9.949652525909307155e-01
-1.945080858650910793e-01 2.544051347710572872e-03 9.808976156234850974e-01
-2.319386371908855604e-01 -1.483628878053020600e-02 9.726172695943946511e-01
-3.058850149819282715e-01 -5.308669781275750926e-02 9.505872711775823491e-01
-3.627723331144481755e-01 -9.381470837443950384e-02 9.271434812472761910e-01
-4.001027194271083998e-01 -1.283074843393984810e-01 9.074442150179412581e-01
-5.086690273742243695e-01 -1.875479493609990556e-01 8.402866101995465353e-01
-5.413188281241343436e-01 -2.076267560083615293e-01 8.147791458473629955e-01
-6.336570744722338500e-01 -2.224680157574373818e-01 7.409363629463995293e-01
-7.049989234426742302e-01 -2.160852787540890330e-01 6.754877276830703048e-01
-7.159592531114260527e-01 -2.065639440756315282e-01 6.668835617197714782e-01
-6.897759104459860735e-01 -2.633171102501097316e-01 6.744429500098154673e-01
-7.113420403110732870e-01 -2.175804199934665839e-01 6.683197307588233382e-01
-7.302030685365159535e-01 -1.455250759210715561e-01 6.675521934485891817e-01
-7.288351795336930339e-01 -1.023711659462669815e-01 6.769929286609216446e-01
-7.145886846925046942e-01 -1.188221238814900216e-01 6.893796592486090002e-01
-7.161995757251490291e-01 -1.204754850794660104e-01 6.874182316653986158e-01
-7.470076020349087909e-01 -7.312955331459088104e-02 6.607811369387472933e-01
