-2.879912020664621153e-18 4.353991045334598131e-01 -9.002375351936071635e-01
-8.704067676489334396e-03 4.234638051430335004e-01 -9.058712076998950424e-01
-1.513547349966939438e-02 4.066181251153215825e-01 -9.134728336243183033e-01
-2.437937906278872177e-02 3.886545829592618628e-01 -9.210609431635212729e-01
-2.742528457000620659e-02 3.868174375654902519e-01 -9.217484058904155120e-01
-3.925510194769022548e-02 3.734935841056588601e-01 -9.268018016830708028e-01
-4.686899199733063348e-02 3.390625722667910957e-01 -9.395955883660700447e-01
-4.530648544920863607e-02 3.056303129855790224e-01 -9.510717292405330703e-01
-3.796773373820342551e-02 2.936171081876019495e-01 -9.551688044394743837e-01
-1.801383784069587532e-02 2.584421180321920808e-01 -9.658587750149003615e-01
-1.560248803709716374e-03 2.376475630858679855e-01 -9.713501950290734932e-01
6.392269818472517094e-03 2.357448644209366728e-01 -9.717939585044362838e-01
1.656105276359892339e-02 2.344926939785190179e-01 -9.719768042510364969e-01
1.807700606931173307e-02 2.396745878150180198e-01 -9.706849714543186458e-01
1.749543697124402927e-02 2.465500004818425017e-01 -9.689721394073148586e-01
9.634033490755474632e-03 2.615176280039174239e-01 -9.651506181119627881e-01
7.779214955022510300e-03 2.952416084842629518e-01 -9.553909547584742423e-01
2.431308905744515060e-03 3.650828162243133224e-01 -9.309718717741847227e-01
-1.154508769672241142e-03 4.127224502066550449e-01 -9.108561062016962140e-01
5.915071054364586661e-03 4.589773560481819614e-01 -8.884282742964917379e-01
1.917717511128328237e-02 5.138954537015222312e-01 -8.576384428298780005e-01
5.633584595981717263e-02 6.268686607388355148e-01 -7.770855516888025560e-01
8.310615484759784066e-02 6.602917346581406166e-01 -7.463968061082462135e-01
9.139275316056330589e-02 6.674875534994314519e-01 -7.389910219976125738e-01
1.045955573359597379e-01 5.763978533535568660e-01 -8.104475825338685047e-01
8.840295090866187588e-02 4.703959274710657890e-01 -8.780162809932836598e-01
3.992925756782307600e-02 3.763930241252583797e-01 -9.255992360519347262e-01
3.291186333690538507e-02 3.193616875049526960e-01 -9.470612027771392327e-01
-6.078234075745211212e-02 2.084249404425271568e-01 -9.761478121952504861e-01
-1.977044102923692370e-01 1.212190917677443830e-01 -9.727378361829821518e-01
-3.113656435496573449e-01 6.155427550133254350e-02 -9.482945255480565994e-01
-4.298569379743146790e-01 5.573696949757396372e-03 -9.028798074924806460e-01
-6.586191514363511912e-01 -8.928154406434186952e-02 -7.471610397034549322e-01
-8.249693787560731240e-01 -1.481448402247511065e-01 -5.454160159269269004e-01
-9.113614720119951329e-01 -9.922183567479020416e-02 -3.994687655592791820e-01
-9.620167963116814658e-01 3.658635062013537026e-03 -2.729657451104295363e-01
-9.742570510672947659e-01 1.462371494939402883e-01 -1.715747491723235985e-01
-9.661413880696627654e-01 2.339256997887042555e-01 -1.088558002000376279e-01
-9.476476131743049036e-01 3.132197958806718363e-01 -6.210765422646213896e-02
-9.005896043455763333e-01 4.337220918768283084e-01 -2.869689116727372480e-02
-7.714656725751627420e-01 6.362702574282599333e-01 9.357084630502998657e-04
-7.419046609842605555e-01 6.704867431772633113e-01 5.000123336093037496e-03
-6.276795371804960721e-01 7.783638655828525321e-01 1.296500519852547550e-02
-4.847100283022162115e-01 8.733485664509769153e-01 4.815049263806245317e-02
-3.296314774716846419e-01 9.332272705621599274e-01 1.429333779735691978e-01
-1.560658226478515431e-01 9.079094388526274262e-01 3.890294459852066122e-01
-7.196499354695737316e-02 8.864365323201420788e-01 4.572212963894269899e-01
-1.588840579322164936e-02 8.679405085028010225e-01 4.964139726692321508e-01
4.343449393759073185e-02 8.586859647108453508e-01 5.106582602337791377e-01
1.401080024661456036e-01 8.270671093317374378e-01 5.443617770440818404e-01
1.464732015238078833e-01 7.612405988757274811e-01 6.317106551726746622e-01
1.151171957350052844e-01 7.098835399037546345e-01 6.948477466465752261e-01
6.661683085500745560e-02 6.542370394215150098e-01 7.533499147778586202e-01
3.860535311964103863e-03 5.740918911827360693e-01 8.187817760217519503e-01
-1.651049923478423165e-02 5.416241833780812698e-01 8.404585935041921640e-01
-3.797700490033024262e-02 5.111358020917519118e-01 8.586605492968812925e-01
-8.979977214156691090e-02 4.555864080585692033e-01 8.856506228279938941e-01
-1.563303249918729376e-01 3.950368368382252138e-01 9.052661084061330854e-01
-3.039924396752539670e-01 2.925795902910098278e-01 9.066343143547082040e-01
-3.919634728242778476e-01 2.323515539927799578e-01 8.901558241839863106e-01
-4.748666577266836275e-01 1.750796034300391157e-01 8.624666891203793817e-01
-5.615773812277188304e-01 1.237236004000633188e-01 8.181218219785257872e-01
-7.010770225760346586e-01 6.409564469119917451e-02 7.101990965550026846e-01
-7.781180959874052228e-01 3.944120575867865464e-02 6.268784730593618404e-01
-8.377893413808826795e-01 3.189198555968503906e-02 5.450613917034001776e-01
-8.999066059235515391e-01 3.852944941301001541e-02 4.343772348352109014e-01
-9.672598882362902772e-01 8.908722108686735475e-02 2.376379086933294860e-01
-9.759684320968676774e-01 1.415685175351727443e-01 1.656622298331011378e-01
-9.680514789826251132e-01 1.795657167412195998e-01 1.750213912947911066e-01
-9.587871954153297516e-01 2.291328240422825513e-01 1.680037584520490124e-01
-9.270149138437060454e-01 3.249015508312659839e-01 1.873027810225599277e-01
