3.857049228617182024e-17 9.809591477458698972e-01 -1.942141870556749195e-01
4.900526997772917948e-02 9.806353085168597605e-01 -1.896124342031750010e-01
6.864913857352288040e-02 9.804689619274137291e-01 -1.843038536495990587e-01
1.022453358570100668e-01 9.781125657021692010e-01 -1.812227913674405444e-01
1.347198508863113320e-01 9.738442472795759697e-01 -1.829697893578233203e-01
1.607530508674555603e-01 9.653663843117235022e-01 -2.054901473981536608e-01
1.913687168166878227e-01 9.372558184233732437e-01 -2.914267404605603295e-01
1.984394891406026651e-01 9.286784682050743811e-01 -3.133338025842298258e-01
1.994349477015631145e-01 9.087245945787003620e-01 -3.666678508446729046e-01
1.755284092086935310e-01 8.881417801242883492e-01 -4.247280965021332788e-01
1.310127720050785205e-01 8.565781589387857498e-01 -4.991087168148691244e-01
-2.060226927184225301e-03 7.804695935965080267e-01 -6.251903461637183801e-01
-6.975595661598958663e-02 7.346225156378459742e-01 -6.748806309522528135e-01
-1.550959740431729628e-01 6.756204049377456666e-01 -7.207512103821651639e-01
-2.837577380206307009e-01 5.801133403491096630e-01 -7.635116622962696553e-01
-5.297704278262193034e-01 4.285837758365192429e-01 -7.318874509721675636e-01
-6.035170123944559872e-01 3.766502649350039200e-01 -7.027814693593317230e-01
-7.480257480767412703e-01 2.983939128321693168e-01 -5.928056620840758129e-01
-8.518379851451447493e-01 2.554486768985801959e-01 -4.572942384664657189e-01
-9.297546163732570701e-01 2.358597731291133537e-01 -2.827127884481012154e-01
-9.362349435586235780e-01 3.406106950409865664e-01 8.630460522751556840e-02
-9.091470033421751307e-01 3.773803121463190080e-01 1.761698791459248847e-01
-7.815651172720801121e-01 4.700968374907552594e-01 4.100791763119295275e-01
-6.113468551557345032e-01 5.291497849835048450e-01 5.884348118042506126e-01
-4.602742829779108980e-01 5.475771054265134996e-01 6.987895949725432265e-01
-3.480250879115230900e-01 4.430035474551464181e-01 8.262120763619548169e-01
-3.037512993876227974e-01 3.567219723299432932e-01 8.834503848985330032e-01
-2.852459903219092818e-01 2.995425463298531099e-01 9.104443903630254908e-01
-2.909498297643812736e-01 2.368684537688685032e-01 9.269528208971712369e-01
-3.397209964164341067e-01 1.197409407553398641e-01 9.328728486245332352e-01
-3.552183366258955255e-01 9.052811630164987744e-02 9.303894848307383558e-01
-4.165906980469786247e-01 5.093461671584161195e-03 9.090798903005891107e-01
-4.976282369489016255e-01 -9.223702012450754606e-02 8.624723009521401140e-01
-5.852975857778750512e-01 -1.932671466925265646e-01 7.874481227940799410e-01
-7.039147128420600863e-01 -3.451764338774330199e-01 6.207715413420130668e-01
-7.251027531567535434e-01 -3.756941747313237712e-01 5.771307342686279318e-01
-7.719735849044125908e-01 -4.408598511856887114e-01 4.579294441530947779e-01
-8.039961715731812619e-01 -4.809597856377635372e-01 3.496681865639825193e-01
-8.254942420260613645e-01 -4.984609863520347850e-01 2.647563058111651046e-01
-8.385206149300619138e-01 -5.068992901714782784e-01 1.998406564264699758e-01
-8.321420651034362459e-01 -4.804559789894833344e-01 2.769506016217430089e-01
