-2.043721095135175858e-17 9.384654192246443261e-01 -3.453732139577594396e-01
3.914425568722737503e-02 9.426034007147385818e-01 -3.316120567888067305e-01
8.689162534148148209e-02 9.444868795000871398e-01 -3.168507217882002847e-01
1.358972237551938078e-01 9.336625265309224098e-01 -3.313702327118802082e-01
1.420086807330574741e-01 9.291033741675175373e-01 -3.414680873917654846e-01
1.329101669186426860e-01 9.085214328767134973e-01 -3.961359533459466453e-01
1.094599923193488589e-01 8.784180519439681589e-01 -4.651883877531902689e-01
7.365639859942132994e-02 8.445510370252863330e-01 -5.303850307134210240e-01
-1.576530892553179575e-02 7.910576543301625074e-01 -6.115384227995355193e-01
-3.383825371583313452e-02 7.798229249864980783e-01 -6.250849368293602826e-01
-1.013107336250848173e-01 7.542185095912723458e-01 -6.487607995573305697e-01
-2.064747653728185028e-01 7.145981692839130650e-01 -6.683693796998182446e-01
-3.119613053468094366e-01 6.819456118661960664e-01 -6.615363379458105708e-01
-5.082262907020532738e-01 6.744718315346347470e-01 -5.355313117881599361e-01
-6.476601030554501870e-01 6.356594790233044412e-01 -4.200873928577537053e-01
-7.498724053232646014e-01 5.885522885800982262e-01 -3.021548929635760605e-01
-8.294230253226905214e-01 5.405268449277249587e-01 -1.410254408858006292e-01
-8.588693899076179639e-01 4.885415088150633078e-01 1.538524138400735597e-01
-8.448777565531164768e-01 4.760606670757189796e-01 2.440242154893538795e-01
-7.688412073650544576e-01 4.944436251938233440e-01 4.054734262101958864e-01
-6.318242854837715639e-01 5.517365695729264941e-01 5.444123713407154064e-01
-4.630611568553785751e-01 6.088168519778924814e-01 6.441400513548953821e-01
-1.842070139589946365e-01 6.649672925156413505e-01 7.237998866349235616e-01
-1.266780447601580928e-01 6.672580256218593187e-01 7.339750678456057331e-01
-1.798587146955070784e-02 6.571660752102285175e-01 7.535311924666855399e-01
2.384911276415540432e-02 6.235736690811323202e-01 7.814007288511171101e-01
4.002122525290734145e-02 5.834541930728186498e-01 8.111593592599435354e-01
5.688373781395876516e-02 5.179916446755050696e-01 8.534921771279910807e-01
2.954927754666156550e-02 4.584188064122363682e-01 8.882449201228515001e-01
-1.444191379187307819e-02 3.987136443612521175e-01 9.169617554326880970e-01
-7.421400514320333763e-02 3.376546896070456993e-01 9.383398062679502161e-01
-2.520729462863373627e-01 2.146199478496153834e-01 9.436087683651278590e-01
-2.908271910113954806e-01 1.859054177642003314e-01 9.385407399864639233e-01
-4.077948843455735384e-01 1.120674731017051173e-01 9.061700799376346538e-01
-4.967442786475275707e-01 5.053667330021282406e-02 8.664243569306526727e-01
-5.599473989206360525e-01 -1.012612453250783320e-02 8.284662769503453594e-01
-6.207968875958752575e-01 -1.121096632115482078e-01 7.759140724112864040e-01
-6.258281828156688764e-01 -1.262835320355548963e-01 7.696697701808632441e-01
-6.331615393828541327e-01 -1.450251618494350914e-01 7.603118882911668042e-01
-6.398013925984626926e-01 -1.499643641716097986e-01 7.537671175553313230e-01
-6.645025973144622622e-01 -1.694455331211042748e-01 7.278217566599931576e-01
-7.272589261571812402e-01 -1.989786321063396757e-01 6.568880865792843249e-01
-7.506064729456832785e-01 -2.215298917484694596e-01 6.225065701130814144e-01
-7.619346919914727900e-01 -2.438216817787658142e-01 6.000054271708165077e-01
-7.586946317773477499e-01 -2.420571944109883578e-01 6.048063907947035522e-01
