-1.501620008892423641e-17 6.800617359352647551e-01 -7.331548508444269974e-01
1.489365162648816771e-02 6.761464999410057297e-01 -7.366166504761865186e-01
4.331807299952576684e-02 6.733844565400967097e-01 -7.380223019948697338e-01
9.734123878304139221e-02 6.667475108626997882e-01 -7.388994789486436066e-01
1.362325457322442479e-01 6.607668190083025861e-01 -7.381245859480369820e-01
1.939454608179956296e-01 6.488854118881065558e-01 -7.357532741802090825e-01
2.340371175128532211e-01 6.350125215494086817e-01 -7.361967978073098440e-01
2.506988652640790849e-01 6.123947212863178891e-01 -7.497484806893284226e-01
2.286780830223076322e-01 5.790695287549609827e-01 -7.825501998036612505e-01
2.115933639127284549e-01 5.647824617799422908e-01 -7.976521918818273438e-01
1.425341193135695184e-01 5.290596438043080330e-01 -8.365284921203606228e-01
5.104480826507948321e-02 4.942475679629150243e-01 -8.678212771717024321e-01
-2.520432720909200619e-02 4.662037422658561470e-01 -8.843182756153171731e-01
-7.664338901085979150e-02 4.436403464289406240e-01 -8.929216281070471162e-01
-1.219897805351198988e-01 4.293949278533996661e-01 -8.948399238851421078e-01
-2.586388455865937797e-01 4.051865202744029948e-01 -8.768864415313735172e-01
-4.010444706319161723e-01 3.840195333469411110e-01 -8.316804257547265600e-01
-5.526752628639942655e-01 3.677137887180090825e-01 -7.478881088805079402e-01
-7.652221161932211135e-01 3.410383239259675014e-01 -5.460109655515494875e-01
-8.453308885966701602e-01 3.281617096232602449e-01 -4.215751191917083140e-01
-9.086497042781157552e-01 3.306819435585494626e-01 -2.549611090335800467e-01
-9.273589873958810736e-01 3.588269369093122774e-01 -1.060591242862508471e-01
-9.166022335461335713e-01 3.985468996591605140e-01 3.163406755873221510e-02
-8.586531820604187404e-01 4.937167535291827614e-01 1.376897970879532862e-01
-8.349627647509346717e-01 5.253963705730948508e-01 1.636943348686648037e-01
-7.819476222783833252e-01 5.922309407615087284e-01 1.944747511064644496e-01
-7.123317696769918550e-01 6.663502614305432115e-01 2.203651038624128145e-01
-6.200044570402665212e-01 7.424298180035742156e-01 2.537566523056768997e-01
-4.465262779306892194e-01 8.374240170021085561e-01 3.151750289369656954e-01
-3.751809231067652628e-01 8.654357930359894979e-01 3.320544579868237589e-01
-2.614410145379457151e-01 8.936648589605232784e-01 3.647077128008646141e-01
-1.486882393646360434e-01 9.125837272472925310e-01 3.808972935557357609e-01
-3.966373847241739387e-02 9.175848704113876986e-01 3.955563088139394390e-01
1.097502643815074785e-01 8.851074176925207704e-01 4.522606976223634834e-01
1.732660421970960429e-01 8.583291249666329392e-01 4.829596172097297413e-01
2.725084453638010329e-01 8.022280232745747641e-01 5.311961463323809918e-01
3.508834449654183452e-01 7.569914972074514026e-01 5.512210819669558504e-01
3.931554030600499239e-01 7.235866870278240270e-01 5.673192535079235599e-01
4.428656495154128514e-01 6.603605983283763470e-01 6.064601360804187102e-01
4.530010567646255426e-01 6.376033159214590240e-01 6.230987514801266114e-01
4.654877614732608748e-01 5.901934229165812784e-01 6.595398907303651193e-01
4.745067296031112436e-01 5.498807112409325182e-01 6.873678541847343393e-01
4.565967924778073783e-01 5.263844868937332944e-01 7.172438504836406992e-01
4.120227903581636930e-01 4.981897243086081950e-01 7.629182255122666234e-01
3.950685687130906509e-01 4.871304623243642995e-01 7.788611806288981976e-01
3.544348553316843953e-01 4.699998247766651871e-01 8.083786847981035972e-01
2.992449287938023228e-01 4.571751834835715567e-01 8.375221335570509629e-01
2.253188016284227713e-01 4.493096480777193369e-01 8.644953891010684899e-01
1.114359302377263411e-01 4.512757140400729394e-01 8.853994936579052677e-01
6.290891917514455922e-02 4.474116196418947422e-01 8.921128350705596066e-01
-1.397695633756745187e-02 4.443188674480541556e-01 8.957596712965015806e-01
-9.667981736283799699e-02 4.366351028919056021e-01 8.944287561551582666e-01
-1.886320492986454933e-01 4.167898318159555804e-01 8.892154891094853353e-01
-3.287809584589015954e-01 3.559364276578508846e-01 8.747641629725200207e-01
-3.705028406206720137e-01 3.285408219379981620e-01 8.687856890006403487e-01
-4.529211810941344285e-01 2.635024694773370757e-01 8.517211118057598229e-01
-5.306115336605190524e-01 1.907751004428417385e-01 8.258669756065171175e-01
-5.929257866678119271e-01 1.202389251242741430e-01 7.962296229036669448e-01
-6.535058584505653023e-01 4.366918261111300825e-02 7.556607012812478485e-01
-6.731550474853302823e-01 1.424367164041788480e-02 7.393641862189584968e-01
-6.950693266833682937e-01 -1.162137966689495358e-02 7.188487842645120418e-01
-7.152735907033138663e-01 -2.598432710587150751e-02 6.983612998922860138e-01
-7.305878510449520524e-01 -3.415296760052007746e-02 6.819640508924181832e-01
