-3.144186300207962859e-17 9.612616343578824774e-01 -2.756375705734121495e-01
3.957269132251377275e-02 9.642379743326882080e-01 -2.620670352339025122e-01
7.351893764998781999e-02 9.632246772203522100e-01 -2.584437791872062906e-01
9.001122490738970583e-02 9.551144850456971813e-01 -2.822309335394759811e-01
1.066728562392107449e-01 9.423113708089606577e-01 -3.172856476204147236e-01
1.172939900143981640e-01 9.219282507172422703e-01 -3.691753247929060455e-01
1.028614771300032510e-01 8.900085898953984387e-01 -4.441894037851856214e-01
7.584384868942739555e-02 8.496919714102639798e-01 -5.217961904200855150e-01
5.376621499308179009e-02 8.135271107041593952e-01 -5.790361251896637418e-01
-1.075388569446217302e-02 7.614649650060044683e-01 -6.481168575271551990e-01
-4.617713540915242831e-02 7.366022825697741139e-01 -6.747479155050450927e-01
-1.103819774949179461e-01 7.040414002719995734e-01 -7.015279935593117244e-01
-2.298060682510633113e-01 6.513764805946860026e-01 -7.231167620260703366e-01
-3.566376716869006924e-01 6.033528175086231293e-01 -7.132846197263422727e-01
-4.717474215678941207e-01 5.786480498175969878e-01 -6.652975309486238720e-01
-5.729929495959892316e-01 5.735145636286861359e-01 -5.854571931568404164e-01
-6.542507852011432146e-01 5.814638838810967103e-01 -4.835862506374619119e-01
-7.208037537466089884e-01 5.923631633189089252e-01 -3.599275362175197168e-01
-7.660582256254323541e-01 6.035831285241262112e-01 -2.210027192426430309e-01
-8.149881509458096751e-01 5.788174410587932917e-01 -2.765291565243504709e-02
-8.136933386949058988e-01 5.533860374710611874e-01 1.779523646811544957e-01
-7.784745937196291266e-01 5.458583113468088444e-01 3.098645040443783749e-01
-7.098652125872420005e-01 5.650123632976038479e-01 4.205382375947829265e-01
-6.043832132722611883e-01 5.934004779642182426e-01 5.315983486303673677e-01
-4.641002183534317926e-01 6.207457894168694201e-01 6.318905381832555790e-01
-2.841212720100210753e-01 6.360850288094571647e-01 7.174057003647794639e-01
-9.198847334896699535e-02 6.202518030374730706e-01 7.789902577052489896e-01
8.704533815074752545e-02 5.743263676956301689e-01 8.139854620788788964e-01
2.381774561076483721e-01 5.188346928352598475e-01 8.210250062651142100e-01
3.184821551118801053e-01 4.667519710749488127e-01 8.250525524916232367e-01
3.183586296372375446e-01 4.242890233662556243e-01 8.477184718917059048e-01
2.809707637739434771e-01 3.719427241033468889e-01 8.847112748749551558e-01
2.323925247797682392e-01 3.163423458109091424e-01 9.197397646472266208e-01
1.658273475942588504e-01 2.676974527682918215e-01 9.491255789257927455e-01
7.809509781750161028e-02 2.272711309866277951e-01 9.706951059508510671e-01
-1.053508929117696023e-02 1.791849626486591573e-01 9.837589954121006564e-01
-1.037145680805791753e-01 1.261919431987140461e-01 9.865692483751922204e-01
-1.977657978466442201e-01 6.641392542827512235e-02 9.779968710130353404e-01
-2.857479123677005295e-01 1.293678646534576239e-02 9.582174962572174159e-01
-3.586012963476170046e-01 -3.303396693378560234e-02 9.329061406628353925e-01
-4.130677146820184165e-01 -7.038010292770040255e-02 9.079767090621109205e-01
-4.477426667257488613e-01 -8.563366995125555603e-02 8.900524585461206950e-01
-4.775096597229974704e-01 -7.815205626437907171e-02 8.751438630150338849e-01
-5.013779961497581983e-01 -6.532309411620848549e-02 8.627589456806217250e-01
-5.165326931097635743e-01 -6.123999262252999981e-02 8.540747275574704922e-01
-5.225672600269282153e-01 -6.835682563957652669e-02 8.498534009677370937e-01
-5.155788179320850428e-01 -7.988292057720149109e-02 8.531103102763500923e-01
-5.069476787831653786e-01 -8.355345562772398260e-02 8.579177530678722130e-01
