-1.897353801849632760e-18 9.878013869741668618e-01 -1.557190415200160605e-01
2.895140226700767747e-02 9.894591793918048328e-01 -1.418885077237395931e-01
8.020338015564945633e-02 9.887292114454934167e-01 -1.264197937270149508e-01
1.449236224560781772e-01 9.834195896476749521e-01 -1.090094232229792126e-01
2.447576342290993245e-01 9.644804089531137103e-01 -9.935412035848842360e-02
3.912832121107902017e-01 9.152178816230006619e-01 -9.629993290636069958e-02
4.458417829870474636e-01 8.896612672431427615e-01 -9.863029002418940983e-02
4.981582204542561176e-01 8.570170150771539985e-01 -1.317581999804704473e-01
5.177402747401406158e-01 8.348511255524833086e-01 -1.869989467236521374e-01
5.218645985619504435e-01 8.121349141399056837e-01 -2.609486961123625437e-01
4.306981590402477189e-01 7.909111315747674453e-01 -4.346937746856540663e-01
3.854088603227104337e-01 7.826628705071502212e-01 -4.887727912990424972e-01
2.321643306159589248e-01 7.760383108591853984e-01 -5.863994062654446227e-01
4.619211130618370437e-02 7.544935088133306600e-01 -6.546799477696146896e-01
-1.805462714093348242e-01 7.120402893105332032e-01 -6.785290489571975669e-01
-5.346242215879452031e-01 6.109318746440144388e-01 -5.838999796501398443e-01
-6.384304249635708306e-01 5.652434238527720423e-01 -5.224045025380524843e-01
-7.568157645685692492e-01 5.379401144335951290e-01 -3.712820111231654452e-01
-7.508435921137736058e-01 6.325028391920511917e-01 -1.901947911896618715e-01
-6.600178638820562993e-01 7.485562893528108219e-01 -6.356021575575711291e-02
-4.868803921749262908e-01 8.655545478921810032e-01 1.173149962227839349e-01
-3.647709929524334260e-01 9.108018655625839122e-01 1.933444707981401001e-01
-1.363779273400670122e-01 9.513305990938165646e-01 2.763533103876766317e-01
1.304363107539156241e-01 9.523590992088353246e-01 2.756782816818242887e-01
3.363210120547494020e-01 9.114477868993308141e-01 2.369622514384534528e-01
4.852083539241324739e-01 8.266180719069723404e-01 2.850884362422181906e-01
5.287229476675328055e-01 7.971000260727134634e-01 2.916909204014322410e-01
6.035595150212633708e-01 7.307239024925584747e-01 3.189960660468138531e-01
6.510440825806660392e-01 6.726136996698712789e-01 3.517561848114501566e-01
6.767562747620083918e-01 6.209442960693686286e-01 3.955112207626541587e-01
6.947168160927279512e-01 5.541866788800925425e-01 4.585255395175236171e-01
6.904805888263287894e-01 5.216020469540706417e-01 5.011665003443163124e-01
6.832291086531897539e-01 4.486557381789613719e-01 5.761128480498061144e-01
6.743694339306950392e-01 3.836606494028743652e-01 6.308964833312664666e-01
6.754067134243005865e-01 3.346368811132687804e-01 6.571483312465828952e-01
6.264202854296024858e-01 3.004413418084954102e-01 7.192583862108292703e-01
5.734417319031166471e-01 2.725748310646713968e-01 7.725720300282816755e-01
4.755849821125629484e-01 2.068959549506083628e-01 8.549929757688474741e-01
3.392353922496872398e-01 1.417749479470641061e-01 9.299565649963487113e-01
1.804560958237436674e-01 5.906951313425942707e-02 9.818077154403165308e-01
-6.649752669162188601e-02 -1.140316900885909590e-01 9.912491375024931051e-01
-1.395454559571072950e-01 -1.643048781805085679e-01 9.764891052786053294e-01
-2.708941673179999232e-01 -2.515075862698041287e-01 9.291718270383708678e-01
-3.706231978022919149e-01 -2.993260342526689599e-01 8.792282812042462314e-01
-4.415824204472096337e-01 -3.254630638404543697e-01 8.361092990916727530e-01
-4.797990086079156891e-01 -3.432956651983912200e-01 8.074286331279412199e-01
-3.881308662022205369e-01 -2.369507491083981676e-01 8.906226884590819903e-01
-4.510879787888891768e-01 -2.132002529611687347e-01 8.666402295817152712e-01
-4.814147786307364507e-01 -2.165822056843695054e-01 8.493126391952570131e-01
-5.158113811404444471e-01 -2.244645544433230833e-01 8.267734168951899054e-01
-4.836235887146818069e-01 -1.320587072051048472e-01 8.652564488578218249e-01
