1.883801274693563954e-18 4.632864097659001867e-01 -8.862086111781031228e-01
1.535877923191891585e-02 4.806685728487300469e-01 -8.767678318552010186e-01
3.899988272397605232e-02 4.981055792056601761e-01 -8.662389053325356691e-01
6.783031047293493210e-02 5.126724816508279048e-01 -8.559006808848363956e-01
9.723489737352314366e-02 5.212567794368778706e-01 -8.478424055352826727e-01
1.235397059213081405e-01 5.231622741853499958e-01 -8.432313893173626340e-01
1.466836928419806285e-01 5.176345741773903386e-01 -8.429343639159763146e-01
1.545642482957681474e-01 5.047530169812339818e-01 -8.493140084780812504e-01
1.580972009518269994e-01 4.864955105818083991e-01 -8.592597937963483146e-01
1.640333373260803862e-01 4.711831775575065495e-01 -8.666484162752963183e-01
1.729684965660669427e-01 4.576444390837617338e-01 -8.721487640141352138e-01
1.683768650202545625e-01 4.399616039787304644e-01 -8.820901418508281244e-01
1.537250561418500305e-01 4.218833971569162511e-01 -8.935228068256149125e-01
1.235048474315159073e-01 4.007328033492889574e-01 -9.078324586512306338e-01
7.894898364888398856e-02 3.805228232248188958e-01 -9.213953760388760017e-01
1.855670955393926014e-02 3.605445560021619533e-01 -9.325573825066929556e-01
-7.549951769851959149e-02 3.370535963321220629e-01 -9.384533531438168374e-01
-1.576922713730774250e-01 3.224726044697626137e-01 -9.333512559137036035e-01
-2.728488531846845477e-01 3.018213630264493519e-01 -9.134863809256592582e-01
-3.878139254050774198e-01 2.782440883545966859e-01 -8.787380648166007724e-01
-5.015216623008207364e-01 2.497696510442315720e-01 -8.283061895581032008e-01
-6.185606602930664444e-01 2.240731185146707660e-01 -7.531095186604110925e-01
-7.040552139991150815e-01 2.144125598119230314e-01 -6.770033307418502622e-01
-8.032936413328423120e-01 2.020371835816140160e-01 -5.602680628454850265e-01
-8.843271505546412836e-01 2.016490128051913744e-01 -4.210738253876636361e-01
-9.370438283070300356e-01 2.218843735605259548e-01 -2.696593936827685889e-01
-9.547232202667149670e-01 2.898514235408885531e-01 -6.700540989259158586e-02
-9.410639185768214787e-01 3.364401694177087121e-01 3.473778281671244944e-02
-9.041573897203342147e-01 4.031012893412455056e-01 1.414523423119502243e-01
-8.523834431951369250e-01 4.706267216373136719e-01 2.279319079192675956e-01
-7.851357709623542069e-01 5.385797509978020869e-01 3.057673510538609918e-01
-6.721299558200020119e-01 6.120035663743607079e-01 4.167648704419143479e-01
-5.868330768277459919e-01 6.464701528446642476e-01 4.875482349695026696e-01
-4.668389932839742129e-01 6.861770303234840940e-01 5.578731373762764179e-01
-3.512661064164079860e-01 7.140380056748812931e-01 6.056086598909353746e-01
-2.504104011539312613e-01 7.283997572651725871e-01 6.377526359098527609e-01
-1.466695045088535210e-01 7.305251155291776488e-01 6.669491075248614731e-01
-8.110284526091975088e-02 7.203471755052797132e-01 6.888557724459810627e-01
-1.219818618236678288e-02 6.998914461607275150e-01 7.141450607859062272e-01
4.570386551642891676e-02 6.661294681664845507e-01 7.444344755027756388e-01
9.650233511171206480e-02 6.243887392693924232e-01 7.751296675986319995e-01
1.458588336269169838e-01 5.615552922236106692e-01 8.144819546365963392e-01
1.742096864888098562e-01 5.298288930178255418e-01 8.300194752275251719e-01
2.017910257323246581e-01 4.856816570003280042e-01 8.505255492854473243e-01
2.172302149878948541e-01 4.387145538461202365e-01 8.719750993806605344e-01
2.254541305947687369e-01 3.899051720057179482e-01 8.928294304294344119e-01
2.248366812290647776e-01 3.329641260358164878e-01 9.157419710524929979e-01
2.207466728635508746e-01 2.969911482891487431e-01 9.290140818402943257e-01
2.023682589361773809e-01 2.456580373389486149e-01 9.479974770356280889e-01
1.699177241458273702e-01 1.794547164538352890e-01 9.689808933944858982e-01
1.381024729080942981e-01 1.143348979642892227e-01 9.837963397391580322e-01
1.002745174113347792e-01 4.462986756677068262e-02 9.939583472555058030e-01
7.071165989230954185e-02 -3.486565281416243237e-03 9.974907042262662893e-01
3.382297323121467858e-02 -5.961581055488614223e-02 9.976482153613488446e-01
-7.126454254789069132e-03 -1.209919576431849747e-01 9.926279060329826764e-01
-4.997795889291607729e-02 -1.805811324528716899e-01 9.822894981760398325e-01
-1.049952797026454526e-01 -2.376834616203014616e-01 9.656513673745581450e-01
-1.349921712973159438e-01 -2.657058024613096481e-01 9.545562006643861785e-01
-1.793816380726368231e-01 -3.127509261181394273e-01 9.327427759755761993e-01
-2.057062347812095571e-01 -3.676529836483434233e-01 9.069268044261393769e-01
-2.283213194866768048e-01 -4.182065192612556270e-01 8.791886500150283279e-01
-2.651605623286759639e-01 -4.681912816889343687e-01 8.429037904387506330e-01
-3.116989721720316853e-01 -5.184270699338439092e-01 7.962895980148857467e-01
-3.745362286550976694e-01 -5.671082105104979787e-01 7.335604208218959865e-01
-4.436868240599221025e-01 -6.100319933797061500e-01 6.565081638554102206e-01
-5.058130186517730831e-01 -6.360513771646195691e-01 5.827450864394927432e-01
-5.567084301875346863e-01 -6.471488035053983845e-01 5.208398505103679632e-01
-5.963215598690573271e-01 -6.573283037062510603e-01 4.607820508461640263e-01
-6.365055408834029427e-01 -6.614496124100510688e-01 3.966675014005057731e-01
-6.775751938301584065e-01 -6.549131486668817725e-01 3.346350615360765279e-01
-7.196220265491328760e-01 -6.364859860581515427e-01 2.775423003019568680e-01
-7.677419500296601695e-01 -6.073740271945308189e-01 2.041300792488758009e-01
-7.912933272034110566e-01 -5.910225780053942612e-01 1.566754052530673347e-01
-8.224344054333531107e-01 -5.615111802355057247e-01 9.114188515724454265e-02
-8.514573568626125910e-01 -5.243010203206099895e-01 1.134942885352946407e-02
-8.777919993788069197e-01 -4.739874368855798714e-01 -6.940544287874922391e-02
-8.959108267070681197e-01 -4.203627945547043221e-01 -1.436624917757477471e-01
-9.019099240279375707e-01 -3.894527179819489704e-01 -1.867754518034758227e-01
-9.063158721948693097e-01 -3.473935217509379059e-01 -2.406434724922607571e-01
-9.080170907488521737e-01 -3.093971485503714258e-01 -2.824506459133883096e-01
-9.095797606291524673e-01 -2.775382569461431470e-01 -3.092526070789224368e-01
-9.085653124817909543e-01 -2.400626573680464115e-01 -3.418756988910697237e-01
-9.041000572948639791e-01 -2.104228329281103149e-01 -3.719211176875177882e-01
-8.992057205809730336e-01 -1.712579807598237358e-01 -4.026161647282943679e-01
-8.945140694545491433e-01 -1.374982356665627736e-01 -4.253690335890059071e-01
