1.802486111757151122e-17 8.808110383556140288e-01 -4.734679658761565824e-01
1.715256640698954033e-02 8.672100873291775924e-01 -4.976469169000986570e-01
3.516953968280675524e-02 8.512207357074333958e-01 -5.236280765774458112e-01
5.199521260426291647e-02 8.340301658656249506e-01 -5.492633068869572366e-01
6.625394183644975343e-02 8.161283515210843165e-01 -5.740600395730480754e-01
7.442946853145898656e-02 7.861604438482693302e-01 -6.135242544043525426e-01
7.511303498813079460e-02 7.775677669866292163e-01 -6.242967240970426213e-01
6.949110777257598570e-02 7.551764511075990116e-01 -6.518278251448554883e-01
5.719845123099553258e-02 7.283255419619684146e-01 -6.828398363471337440e-01
3.456789723974659084e-02 7.007876592975901264e-01 -7.125319059920240949e-01
-5.200144611377434389e-02 6.442283257242228389e-01 -7.630633747839302705e-01
-7.105842662479097682e-02 6.328565388324606245e-01 -7.710014923867576364e-01
-1.585010829773174090e-01 5.866995514450578098e-01 -7.941417021093812867e-01
-2.540194544644174823e-01 5.422892684826615683e-01 -8.008723156921704334e-01
-3.489816417584879482e-01 5.037852557320684488e-01 -7.901975891019440423e-01
-4.988122460970437766e-01 4.809972859188245686e-01 -7.209909528436169168e-01
-5.273620506480136694e-01 4.756439007893433768e-01 -7.040256722437181480e-01
-6.174953821004548482e-01 4.697034134010232287e-01 -6.309343519923773513e-01
-7.093728505955428920e-01 4.643361038519192574e-01 -5.302661044207643837e-01
-7.852371824968629177e-01 4.698934702368530725e-01 -4.032402433452743074e-01
-8.043596704314709411e-01 5.426041561473682329e-01 -2.420459673594618499e-01
-8.022313171684971600e-01 5.624786099760145097e-01 -2.001067891740524463e-01
-7.902292171598598314e-01 6.028155115238861272e-01 -1.102326785173548263e-01
-7.742377151756116849e-01 6.304084358859871617e-01 -5.604609141975511188e-02
-7.502111714008952159e-01 6.607753417884594249e-01 -2.364626798548088993e-02
-7.089261500628538659e-01 7.041924500243718077e-01 3.920085567602978049e-02
-6.903266438123024651e-01 7.202873017128039734e-01 6.808324194785955741e-02
-6.403485730120653807e-01 7.523933543401758461e-01 1.544601741101887249e-01
-5.726427655761943125e-01 7.747233528661571222e-01 2.681118974552739731e-01
-5.122973845623838285e-01 7.705533121527000651e-01 3.792083634376282597e-01
-4.687742343661495670e-01 7.819366985353436439e-01 4.108840671991028093e-01
-4.567766278074740782e-01 7.870679886241582768e-01 4.145830357985647030e-01
-3.960667619138152351e-01 8.071454125168393556e-01 4.377755168578138512e-01
-2.958559753006261284e-01 8.184901307878815757e-01 4.924866979744242368e-01
-1.877475727386981319e-01 8.198017930073222548e-01 5.409952579392047767e-01
-4.309517329026880950e-02 8.127759410296617748e-01 5.809802713710935373e-01
-9.309900590256591293e-03 8.068749657384187701e-01 5.906488935193439094e-01
4.675526559642316504e-02 7.903439872173090297e-01 6.108766872360196221e-01
9.375844951460250709e-02 7.635337055844377829e-01 6.389253740313611818e-01
1.174711149703797503e-01 7.160301440052422306e-01 6.881143582453775887e-01
1.267686788199582359e-01 6.460002241108373511e-01 7.527372798785709751e-01
1.266710482212634881e-01 6.269182985410277631e-01 7.687183440616915941e-01
1.095215223114062997e-01 5.833611805709515430e-01 8.047948615351974144e-01
7.332060500925302593e-02 5.185842030497054278e-01 8.518770528828552013e-01
4.168321561844259837e-02 4.550946028866472703e-01 8.894669257252632022e-01
5.641687670884287624e-03 3.798606186124494077e-01 9.250265303155317254e-01
-2.288905308956244201e-03 3.687857860568972135e-01 9.295115948254129012e-01
-4.498734699094591311e-02 3.658063272445827852e-01 9.296030709709092177e-01
-1.147795729289887712e-01 3.725011009218675562e-01 9.209063901669027885e-01
-2.048154980187468222e-01 3.632152633297752731e-01 9.089143437396147718e-01
-3.550385850972671009e-01 3.281313338035454774e-01 8.753727382483627029e-01
-3.910556332913121547e-01 3.183024979628538698e-01 8.635733966848089249e-01
-4.800985889214425262e-01 3.113316333159549254e-01 8.201085044141778191e-01
-5.525196744260686410e-01 3.101223179185998990e-01 7.736576486411195219e-01
-5.887355722258571511e-01 3.076386006277687102e-01 7.474950952345310595e-01
-5.917652833561610759e-01 2.850469997959912960e-01 7.540305413719703420e-01
-5.910880136559175657e-01 2.810833645575358530e-01 7.560470238558690825e-01
-5.982547723631913561e-01 2.854250941022165589e-01 7.487481171938975555e-01
-6.105664638296910418e-01 2.877289419089542055e-01 7.378486628262331815e-01
-6.211445354597907587e-01 2.765815598672297093e-01 7.332681002265480918e-01
-6.141268082647245441e-01 2.679813190035083004e-01 7.423168299558633443e-01
-6.114139455580697158e-01 2.702694524253456132e-01 7.437253594323764982e-01
