1.778091562876227272e-17 9.976766455635390773e-01 -6.812716710009773802e-02
-5.512245652298145872e-03 9.985095347807144694e-01 -5.429847235300327979e-02
-1.289201061397675201e-02 9.996788129977721704e-01 -2.181895748412952807e-02
-2.352081942618275412e-02 9.991030720112035191e-01 3.521111403090193548e-02
-1.155054869025632161e-02 9.957016095904930308e-01 9.189607980678796140e-02
9.388679494968894812e-02 9.918063938573926652e-01 8.663340486019066589e-02
1.464468530558415971e-01 9.862861867697612084e-01 7.611095201877655925e-02
2.311145702544055158e-01 9.715155014814608192e-01 5.238020425072030528e-02
3.062379859433888574e-01 9.518157004158062096e-01 1.628399236382570281e-02
3.800377416658076157e-01 9.244638236198664538e-01 -3.062603023065824451e-02
4.414224040565573604e-01 8.887564332667395872e-01 -1.235243438513758119e-01
4.715482663934179586e-01 8.570838298039913372e-01 -2.074838334663335615e-01
4.923513691379938217e-01 8.175274754234286290e-01 -2.987289009047141564e-01
4.877088002475558071e-01 7.681712246994149007e-01 -4.147928346836414204e-01
4.530783265421791106e-01 7.116507049635742987e-01 -5.369108903184833803e-01
3.451702780575672258e-01 6.113957070674305161e-01 -7.120763782946170073e-01
2.821382493477341269e-01 5.463939692027526274e-01 -7.885757025637153417e-01
2.338249987532362295e-01 4.982921897956106294e-01 -8.348836826449206328e-01
1.530703232072443687e-01 4.209438574188349991e-01 -8.940781537732490625e-01
3.960751027172458583e-02 3.664005688681447048e-01 -9.296138274913809951e-01
-5.879603256935071048e-02 3.203929198946889323e-01 -9.454583033827875793e-01
-1.792291861113432527e-01 2.718859709531787350e-01 -9.454918918979223763e-01
-3.055612405093494077e-01 2.184904530361480024e-01 -9.267654774701346021e-01
-4.541346258119560164e-01 1.561895412227907731e-01 -8.771354335855146012e-01
-5.948927670615363761e-01 9.795845513441231445e-02 -7.978137230992882190e-01
-6.681290821860237372e-01 6.486073959255667098e-02 -7.412129343156174111e-01
-7.862607376060910536e-01 3.857634034793085056e-03 -6.178828134515307324e-01
-8.754262387369039500e-01 -3.802656131028500641e-02 -4.818535889311944542e-01
-9.254363552220775668e-01 -4.023067820422750185e-02 -3.767612572498729717e-01
-9.963385107642743765e-01 -3.896074379442636404e-02 -7.610277531741585499e-02
-9.973067415232416133e-01 -2.028021393748792936e-02 7.048387216196368155e-02
-9.858852378217808354e-01 8.590589154388521970e-03 1.672019725453957606e-01
-9.713743604350272287e-01 5.400225927950107890e-02 2.313344070434640853e-01
-9.279369372203239985e-01 1.284855754920303794e-01 3.498921225644361366e-01
-9.055707001103201481e-01 1.550157376397058862e-01 3.948567185520879264e-01
-8.631081485734553027e-01 1.934014783991355457e-01 4.665192300635966904e-01
-8.214711210045301248e-01 2.187764932647077720e-01 5.266137515773375855e-01
-7.716210641114414903e-01 2.484087608564812533e-01 5.855715335885738337e-01
-6.850229009562852633e-01 3.095618490881064111e-01 6.594809222066910781e-01
-6.047860884964444406e-01 3.637322148604309469e-01 7.084720622818488911e-01
-5.587539147612953228e-01 3.917812305589599697e-01 7.309593217961135592e-01
-4.734366340247568306e-01 4.377833035571094822e-01 7.643320827297072073e-01
-3.635852871241256334e-01 5.017029298501588519e-01 7.849203202660980372e-01
-1.852274159150701649e-01 5.731123979849782613e-01 7.982687415083555837e-01
-1.148517605545653075e-01 5.762361819756359749e-01 8.091729949026094104e-01
-8.257796660622840693e-03 5.539435317714729301e-01 8.325132866224173034e-01
1.014188485990318994e-01 5.236258711745079841e-01 8.458901608279789652e-01
2.230901847820924433e-01 5.059199472308647527e-01 8.332321263896457220e-01
3.631639876033082026e-01 4.790704810123705415e-01 7.991266434869007673e-01
4.190515747299287108e-01 4.559198007833795696e-01 7.851960984174658487e-01
4.782580730370170619e-01 4.086456906231590303e-01 7.773531469737808841e-01
5.217072088852531264e-01 3.384739699178950234e-01 7.831072467326417597e-01
5.509066070188134434e-01 2.686151372325383813e-01 7.901568315167333267e-01
5.612533818444916944e-01 1.449643232029810824e-01 8.148496710230805906e-01
5.611339327709861102e-01 1.388669526351508643e-01 8.159930630580097821e-01
5.424173326081991320e-01 6.930875528824838316e-02 8.372453246967700435e-01
5.100461877976945058e-01 2.389552134263961576e-03 8.601436951775189854e-01
4.650970467109398210e-01 -6.562959236217869030e-02 8.828235915216221530e-01
3.596929801665007531e-01 -1.644927417358776622e-01 9.184569113111161753e-01
2.868215014733087043e-01 -2.156687459482811986e-01 9.333918889264531948e-01
1.875668977987855479e-01 -2.650019917663813396e-01 9.458290560191048302e-01
1.035504207449289560e-01 -2.958754061073305408e-01 9.495973117192205715e-01
3.229876272729272774e-02 -3.247592857044553916e-01 9.452450456231007436e-01
-1.800596950341369074e-01 -3.610634116785531034e-01 9.149927425784628587e-01
-2.760857024216621936e-01 -3.861423811602065492e-01 8.801538197328141466e-01
-3.393468655510570309e-01 -4.050238045884209104e-01 8.489990709991345197e-01
-4.792520537814413117e-01 -3.765334355134704603e-01 7.928051720862406837e-01
-5.530603504900530876e-01 -3.633614998127978613e-01 7.497283969342590781e-01
-6.165855241388983332e-01 -3.562882737243384668e-01 7.020548108437766333e-01
-6.746234004326654432e-01 -3.483820610320363942e-01 6.507789233985212807e-01
-7.671733175619681599e-01 -2.941325105864043832e-01 5.700273388506050809e-01
-7.887107955315159069e-01 -2.815083965110775077e-01 5.465238363564804969e-01
-8.076069283138492816e-01 -2.764524900338515279e-01 5.209079286145994470e-01
-8.431687629851613019e-01 -2.521330673641187792e-01 4.748635103560116533e-01
-8.832803452603670280e-01 -2.115957969900598701e-01 4.183814651402091300e-01
-9.269566345838700094e-01 -1.442902361877502482e-01 3.463116015120325519e-01
-9.553702411489786162e-01 -8.470145994635137898e-02 2.830077119265468899e-01
-9.664001698514939065e-01 -5.701545259955516365e-02 2.506390828978426466e-01
-9.745492084540708921e-01 -2.923061459205464341e-02 2.222597837489150852e-01
-9.827674846811741416e-01 2.113686681244118792e-02 1.836336132487497441e-01
-9.860650591337428716e-01 7.729507942562439948e-02 1.473131693099931361e-01
-9.861995191661355742e-01 1.014955685369407501e-01 1.308019799691349516e-01
