5.637851296924623057e-18 8.454367563786668871e-01 -5.340755479929020222e-01
1.463731439383046673e-02 8.548650214464348362e-01 -5.186439473615039875e-01
2.911175468808013117e-02 8.644262616290108170e-01 -5.019160726108236048e-01
4.658380887592665498e-02 8.707387039799880935e-01 -4.895345321239980008e-01
6.739949195886425770e-02 8.728789013316839984e-01 -4.832594873291979343e-01
9.658416181235550402e-02 8.652336564868489122e-01 -4.919778647148691508e-01
1.197468068131357088e-01 8.507962059385631992e-01 -5.116703218075123738e-01
1.315170395982633300e-01 8.280091897543038204e-01 -5.450725180906937917e-01
1.345866203717757115e-01 7.960042334966156430e-01 -5.901387140938725295e-01
1.179382304540326359e-01 7.493557700113571141e-01 -6.515800056386454875e-01
7.917881895575938633e-02 6.907078350278841317e-01 -7.187860608413771946e-01
1.860313150596045600e-02 6.180516777273202811e-01 -7.859173284491293154e-01
-6.024796877740568046e-02 5.328643172707197007e-01 -8.440531983458190446e-01
-1.114028174022783091e-01 4.645788170944991080e-01 -8.784964057877018284e-01
-2.195041122921684018e-01 3.591113576350949410e-01 -9.071146440799564559e-01
-3.680876156592998161e-01 2.845776324956638126e-01 -8.851706492430790885e-01
-4.394986174057209372e-01 2.496626851705702477e-01 -8.628496444525430853e-01
-5.394809906242870046e-01 2.185336415396988696e-01 -8.131440882589238139e-01
-6.343302473115635109e-01 1.776941123641689879e-01 -7.523629043066655253e-01
-7.519261362038368590e-01 1.259076369177663524e-01 -6.471123184265256123e-01
-8.449487144395038118e-01 1.039584621235922351e-01 -5.246468413322692426e-01
-8.987904357494234109e-01 1.324203741823810898e-01 -4.179002238654100920e-01
-9.277697165400063950e-01 2.082727814304056457e-01 -3.096220302021787107e-01
-9.330291464864537421e-01 3.056457181851998661e-01 -1.898349461026945517e-01
-9.039120970646846720e-01 4.223882387614211198e-01 -6.731342017865950267e-02
-8.344144215032099909e-01 5.499166621978611724e-01 3.666384901543465191e-02
-7.295322715573727690e-01 6.767729893545332276e-01 9.879770056265894940e-02
-5.989487420225644287e-01 7.872045549718035273e-01 1.468652207339499194e-01
-4.410160260275123312e-01 8.741546528044088493e-01 2.033679123345267792e-01
-2.707950600518567175e-01 9.337829231188878865e-01 2.339219697742299098e-01
-1.565199750028191394e-01 9.545635949237498696e-01 2.535938498295330357e-01
-5.778311648721640159e-02 9.554144763291076980e-01 2.895587848258135422e-01
-1.375599668797844455e-02 9.255310425965979082e-01 3.784218040033827668e-01
-2.332367168150970699e-03 8.631779832416621723e-01 5.048943744093902231e-01
-3.715799706949640419e-03 7.893712652557799414e-01 6.139048773393375180e-01
-1.777067421832058056e-02 7.127316125299962835e-01 7.012117024395824183e-01
-3.762759984650205364e-02 6.418445737977689358e-01 7.659110306139687019e-01
-8.951819208710670717e-02 5.779487401610239328e-01 8.111484124571414212e-01
-1.734894642517348928e-01 5.052876834198591904e-01 8.453317471725749765e-01
-2.553053522221873650e-01 4.217025010633295157e-01 8.700495260177075751e-01
-2.895655005327829601e-01 3.587118969276486546e-01 8.873993440969893953e-01
-2.949981118633043242e-01 3.135994327642439572e-01 9.025693933249840928e-01
-3.093538631671862160e-01 2.785185047529173952e-01 9.092456377974746928e-01
-3.619566787021105125e-01 2.219694443180872390e-01 9.053822002513947087e-01
-4.258450453643832789e-01 1.369478807182078484e-01 8.943720005151087893e-01
-4.740784593430605320e-01 5.278637711555582424e-02 8.788988637937384940e-01
-5.117916494445315934e-01 -1.527561131400754363e-02 8.589737849654255353e-01
-5.563195032202723489e-01 -6.957726694382276866e-02 8.280504901643239712e-01
-6.133471103561083382e-01 -9.955855560978635332e-02 7.835135073645538295e-01
-6.725213045391660316e-01 -1.215688561674754115e-01 7.300247311913958814e-01
-7.218704184252647815e-01 -1.473432661693504231e-01 6.761605289552777842e-01
-7.349641262305045553e-01 -1.769184592871346773e-01 6.546201890544602886e-01
-7.219595223127764916e-01 -1.783084553894526414e-01 6.685660347927758762e-01
-6.988370123687670521e-01 -1.397080575365717559e-01 7.015044467448895427e-01
-6.762491218062612885e-01 -7.616407972809034754e-02 7.327251587160317214e-01
-6.585833137994898667e-01 -1.114360952645102910e-02 7.524253044333402141e-01
