-3.848917712323540741e-17 8.764360781669371381e-01 -4.815176494814489838e-01
2.799820097226425261e-02 8.888262968217068849e-01 -4.573861724560275288e-01
5.807736307702931339e-02 9.016894889268866065e-01 -4.284622762007328500e-01
1.233922609648607643e-01 9.226162802651418637e-01 -3.653757759738636701e-01
1.344389059971713707e-01 9.251024196844953584e-01 -3.551220501144294328e-01
1.750331529835093547e-01 9.272459285016495523e-01 -3.310211139146342352e-01
2.058293306351559049e-01 9.236850305405602812e-01 -3.231712407590552893e-01
2.264830485490569312e-01 9.150081031007368804e-01 -3.338642514806697270e-01
2.551608442178205371e-01 8.902220901804823727e-01 -3.773473905040037324e-01
2.577591219172566950e-01 8.866677945730619959e-01 -3.839016221263663042e-01
2.541290497756138467e-01 8.686575232659801138e-01 -4.252650391195542112e-01
2.379200586724758981e-01 8.440047723717566397e-01 -4.806673862543546227e-01
1.910395209149261531e-01 8.128304869922209352e-01 -5.502418734271795620e-01
-5.063766646391123366e-02 7.108839402817029862e-01 -6.961156321012560433e-01
-1.580286070156653455e-01 6.821001218240853037e-01 -7.138700409313257778e-01
-2.910823783905813200e-01 6.083163616040657695e-01 -7.381085213345756069e-01
-4.161008823517882704e-01 5.363305343012874093e-01 -7.340997737958588898e-01
-6.322214143577079559e-01 4.306938345349763941e-01 -6.417834266277337996e-01
-6.685564367351178872e-01 4.105153070337904109e-01 -6.200880633819031429e-01
-7.998959999385673036e-01 3.438647558218564937e-01 -4.909768639005077095e-01
-9.201761665972257864e-01 2.694497499407104701e-01 -2.798986412037411386e-01
-9.710878149569299733e-01 2.213068813783493072e-01 -8.461695403095308154e-02
-9.337655145446372984e-01 2.338208422834882061e-01 2.572029743072589691e-01
-9.207145894648440798e-01 2.380029566134566621e-01 3.092463896487285258e-01
-8.142440459301948374e-01 2.676024455456204598e-01 5.135484817673624525e-01
-6.611235225965211848e-01 2.923157670037672129e-01 6.895963766946545670e-01
-4.763452347254158448e-01 3.141719188022727427e-01 8.200720668961792859e-01
-1.598716821350322226e-01 3.463182657705395351e-01 9.189869843580217301e-01
7.899106411352616389e-03 3.455943773192089452e-01 9.381336109572064874e-01
1.359055864549010006e-01 3.242101119535448772e-01 9.360592651370237549e-01
2.240121803115936172e-01 2.934539830859713150e-01 9.293254410901385931e-01
2.740428929927171131e-01 2.137045421967078418e-01 9.376360395731364594e-01
2.779026770067798413e-01 1.969728882451319274e-01 9.401977123099186651e-01
2.597972782380633117e-01 1.249657551325234067e-01 9.575270321916948824e-01
2.028966612115832846e-01 2.991950287443781442e-02 9.786783176248183835e-01
1.100375331453661981e-01 -9.054388248080928736e-02 9.895859593082337868e-01
-1.276097227573265713e-01 -3.862620188525661136e-01 9.022503821816049152e-01
-1.697829917300228697e-01 -4.351140004578420983e-01 8.841287293492878785e-01
-2.147333475401187464e-01 -4.867901616034923107e-01 8.466988820236321933e-01
-3.126463355052419013e-01 -5.970803701641431704e-01 7.381758421309781992e-01
-4.023099413026745008e-01 -6.698468026615541637e-01 6.236620717967378269e-01
-4.891854390000422437e-01 -7.097588371887919578e-01 5.065140258597402578e-01
-5.092809634266873831e-01 -7.137712597595244901e-01 4.807940702312817893e-01
-4.917642392066889911e-01 -6.791282042961439558e-01 5.449142504037415291e-01
-4.741598650263805226e-01 -6.421144889516702259e-01 6.023654842648243912e-01
