1.859406725812640104e-17 9.642130574892370243e-01 -2.651286098618125253e-01
2.103147441870760123e-02 9.554922998926688171e-01 -2.942654276832286642e-01
5.997909234016420010e-02 9.415063889970556321e-01 -3.316145774235129684e-01
7.629506201645519514e-02 9.369154266535588693e-01 -3.411283436046977924e-01
8.825859360083436467e-02 9.312034921760554695e-01 -3.536530458157000623e-01
9.521372479292815327e-02 9.189490406466453987e-01 -3.827100825764413461e-01
9.989559707411652112e-02 8.709402458066762831e-01 -4.811277979075950784e-01
9.935544306028445960e-02 8.487093343048527361e-01 -5.194429341112534182e-01
9.619940307831872928e-02 8.255994779339570488e-01 -5.559956626472478680e-01
9.293206337887799373e-02 8.012581192749552716e-01 -5.910575757843776756e-01
7.329378700099102584e-02 7.297459564744878113e-01 -6.797785373165206035e-01
5.340686791461435323e-02 6.837669359761217036e-01 -7.277434188815294913e-01
2.609052245503157633e-02 6.304245784651374418e-01 -7.758119201875391946e-01
-9.793915744840437851e-03 5.712049692063597695e-01 -8.207490252009712606e-01
-7.229549075209272535e-02 4.409329779153185469e-01 -8.946236476885927047e-01
-8.400566563870792702e-02 4.129433367815590339e-01 -9.068742188133421811e-01
-1.211147151078332262e-01 3.498036098774338631e-01 -9.289610650081437937e-01
-1.838061332349116561e-01 2.644077939790515641e-01 -9.467332379653528029e-01
-2.546061114888856225e-01 1.764818053139709797e-01 -9.508048697738306076e-01
-3.636178021359410817e-01 -4.771485791199426077e-03 -9.315360040777661554e-01
-4.196308934603631413e-01 -1.006615457036175304e-01 -9.020959851757548442e-01
-4.798394863620521478e-01 -1.958465025248744829e-01 -8.552182264057380801e-01
-5.452516201469633783e-01 -2.919174406493339480e-01 -7.858020606818578724e-01
-6.761851235734505083e-01 -4.129520296844719773e-01 -6.101182670904323757e-01
-7.534647096022621948e-01 -4.521109464330589356e-01 -4.773747202139868584e-01
-7.935081783222583951e-01 -4.610644583446193434e-01 -3.971955893348687594e-01
-8.218584479481684246e-01 -4.604413834136295569e-01 -3.354734325939550121e-01
-8.777290054635306094e-01 -4.390284550539942932e-01 -1.919526207711291788e-01
-9.052398784039566992e-01 -4.140591624685598382e-01 -9.537175956762156126e-02
-9.313404329681448379e-01 -3.629673098145730914e-01 -2.932115148967346513e-02
-9.574679724989312302e-01 -2.867252821631204873e-01 3.230625647246585658e-02
-9.710875757972471378e-01 -2.190092694249956840e-01 9.499400001134603033e-02
-9.744002937918035956e-01 -1.948331322946840749e-01 1.121789553289262997e-01
-9.817591733686468203e-01 -1.259181768704599469e-01 1.424553903512649211e-01
-9.805751487741490857e-01 -5.879320935930285909e-03 1.960556329001744424e-01
-9.691601016475890340e-01 8.488105080087622600e-02 2.313523386295759099e-01
-9.578043540292032754e-01 1.843716535302994397e-01 2.204947001113716498e-01
-9.446475733841248612e-01 2.188953484974210939e-01 2.443886014233831172e-01
-9.242540493113589051e-01 2.672898579563755539e-01 2.725996774855328209e-01
-8.513483426266451604e-01 4.080879836625548873e-01 3.296516299020755270e-01
-8.400603150655402418e-01 4.307478153540463262e-01 3.297802095634327912e-01
-8.276826451876626578e-01 4.519330169063642821e-01 3.327130702047417787e-01
-7.832316986226619537e-01 4.998359770329193763e-01 3.697459970523095940e-01
-7.084732045410330192e-01 5.509819725353777287e-01 4.410040639136832419e-01
-6.952882965952820182e-01 5.671122163472719357e-01 4.415403930415834899e-01
-6.748611333075609231e-01 5.837895612051343663e-01 4.513891879285005793e-01
-6.402764422880037332e-01 5.985081145587464180e-01 4.814915515960282999e-01
-5.612198996252658612e-01 6.009316854675470498e-01 5.691338451240968155e-01
-5.448062401395687981e-01 5.947233608272379790e-01 5.911770333760785201e-01
-5.429150551974957217e-01 5.926743502868943025e-01 5.949624839869381843e-01
-5.010294600450396763e-01 5.507170582998843766e-01 6.675928413820042540e-01
-4.948672046747162323e-01 5.458937676224326907e-01 6.760964755184113439e-01
-4.831200929967023883e-01 5.224921605774992539e-01 7.025645293337219321e-01
-4.842629132840132744e-01 5.035161861214275669e-01 7.155144171373573059e-01
-5.039445433055718127e-01 4.485884414716073132e-01 7.381113110165790081e-01
-4.997316473933882675e-01 4.365721372767893960e-01 7.481129924998405345e-01
-4.857375526488177386e-01 4.000280694193250608e-01 7.771978986225998032e-01
-4.811880017014084077e-01 3.465164644341950928e-01 8.052232279899970147e-01
-4.890806500905942045e-01 2.986956678805208210e-01 8.195004671727597056e-01
-5.322499490470965489e-01 2.033549377263467739e-01 8.218009254324775137e-01
-5.283682471742721098e-01 1.697308579123663064e-01 8.318764519147775482e-01
-5.191075335776286215e-01 1.504579297800008875e-01 8.413618602891785869e-01
-5.213154358783735898e-01 1.342050922347666209e-01 8.427450442056595437e-01
-5.534385509889230281e-01 7.474079688181199665e-02 8.295297363933089585e-01
-5.514221080680025144e-01 3.738758001861852004e-02 8.333881614195104426e-01
-5.425174414614842844e-01 2.121934496234743894e-02 8.397764971166161718e-01
-5.347349938233145750e-01 1.270255919684896984e-02 8.449243347014160355e-01
-5.852703500796213598e-01 -4.045245562256639255e-02 8.098285103352325098e-01
-5.901480765117798066e-01 -4.497497263850833843e-02 8.060412518138337923e-01
-5.939253328697305934e-01 -4.275717378683797226e-02 8.033831732525532621e-01
-5.892913622596059886e-01 -2.779699774218046329e-02 8.074422686995889054e-01
-5.999850990132987727e-01 -2.510231761834658473e-02 7.996172550740696661e-01
-6.685489385421332642e-01 -8.225725075754893034e-02 7.391049055932429335e-01
-7.016707057145766813e-01 -1.058089378345284381e-01 7.046010853073796376e-01
-7.363848290149543896e-01 -1.294319497164934107e-01 6.640668294601105304e-01
-7.128174606083260700e-01 -1.218867623476978385e-01 6.906771206694869436e-01
-6.916792408188828789e-01 -1.326337917445805648e-01 7.099211964068048442e-01
-7.429457785273286818e-01 -2.119836370680195092e-01 6.348972419091422070e-01
-7.811986424186441180e-01 -2.307714849527938428e-01 5.800631024431309735e-01
-8.144440493772607814e-01 -2.806593528409203064e-01 5.078496018477182128e-01
-8.477570900523292430e-01 -3.219622286414642875e-01 4.214833799739061693e-01
-8.598496718632987479e-01 -3.549802340010432267e-01 3.669435586914453484e-01
-8.649162887724038962e-01 -3.772153285073152063e-01 3.311018111628055705e-01
-8.623664758383157158e-01 -4.290376469267903059e-01 2.687950127322432659e-01
-8.536003572487361746e-01 -4.685543259193059029e-01 2.276472573239887998e-01
-8.375616041628943798e-01 -5.140165070925860613e-01 1.851420796804882640e-01
-8.194493967782903177e-01 -5.509481105102682630e-01 1.579837512051838755e-01
-8.019968093386367070e-01 -5.798881667215323166e-01 1.432858398690774193e-01
-8.234595167803383520e-01 -5.412558363248560767e-01 1.701662242284655568e-01
-8.178834128670974257e-01 -5.492685518363249475e-01 1.713790562481170010e-01
