6.613633252161577047e-18 9.838285335601381076e-01 -1.791128598200248945e-01
3.919924922653794490e-03 9.782677719569433661e-01 -2.073084671184433070e-01
-9.581994482897422064e-04 9.698458236227738283e-01 -2.437173778278456937e-01
-1.213134508772128160e-02 9.577748180819933843e-01 -2.872633431441725671e-01
-2.093671720296043023e-02 9.432089781740152779e-01 -3.315395562594199430e-01
-2.453916844252592572e-02 9.284501786922971789e-01 -3.706455110997444735e-01
-2.580233024845947007e-02 9.142169347267072865e-01 -4.044028140513525882e-01
-2.644645914925838892e-02 8.990200222195969815e-01 -4.371082067940860738e-01
-2.935094410741453247e-02 8.902712071478524614e-01 -4.544839929012997604e-01
-4.122486849551544597e-02 8.754533397058363864e-01 -4.815412341798208651e-01
-5.140324767392139005e-02 8.615459353954865174e-01 -5.050705963843958868e-01
-6.237577070295574622e-02 8.454372563969279053e-01 -5.304197476765429853e-01
-1.123854212957340476e-01 7.953705533638416592e-01 -5.956132973010899168e-01
-1.466879267316547886e-01 7.668679442916618294e-01 -6.248169397263882985e-01
-1.881587543641301263e-01 7.217662766683090592e-01 -6.660703604128509481e-01
-2.269430362639573151e-01 6.729551122654124917e-01 -7.040087181045007192e-01
-2.751507691157426549e-01 6.229943479428222686e-01 -7.322363666783512359e-01
-3.264074157317153335e-01 5.806719673649451963e-01 -7.458406433494135790e-01
-4.033687855805341838e-01 5.242164866041927329e-01 -7.499937986354561215e-01
-4.766157470904154314e-01 4.638734779167153488e-01 -7.467655764099575544e-01
-5.515032897218561381e-01 3.973849620759508650e-01 -7.334366457587629951e-01
-6.998699360079014831e-01 2.780700287796090686e-01 -6.579203080668684089e-01
-7.057336162337443097e-01 2.735181845498482200e-01 -6.535502013144800504e-01
-7.797576115255023810e-01 2.065571367121585289e-01 -5.910264093433714727e-01
-8.280091881668761866e-01 1.611362338902510016e-01 -5.370622854370773469e-01
-8.657863747763770990e-01 1.203297279151593624e-01 -4.857311085687658903e-01
-9.158740556798602439e-01 6.059513818963888077e-02 -3.968664049277829120e-01
-9.336366432970307772e-01 4.085609973336586792e-02 -3.558839662131884074e-01
-9.565837952230697994e-01 1.426452067641851597e-02 -2.911081691854419118e-01
-9.737872712976574086e-01 -8.786605137861107362e-03 -2.272908837345085087e-01
-9.887247507865292162e-01 -2.875131717824648894e-02 -1.469582557824883340e-01
-9.979881072960317123e-01 -3.726847737575220143e-02 -5.129130813088035590e-02
-9.987443568759469814e-01 -3.619571317203187921e-02 -3.463495281387213992e-02
-9.991167816193989859e-01 -4.166334838013787539e-02 -5.460960377916860078e-03
-9.974647575638120323e-01 -5.629062664542128919e-02 4.353645334695150498e-02
-9.909717881727322375e-01 -6.279014507862679118e-02 1.184580631563039582e-01
-9.773399632597205011e-01 -4.980533708492718148e-02 2.057328962838583797e-01
-9.642570800541566678e-01 -4.471597056087334154e-02 2.611680791027704562e-01
-9.366021045682846324e-01 -4.226804323576402456e-02 3.478360393048416377e-01
-9.019321923973269151e-01 -1.771975214336626164e-02 4.315139982681078790e-01
-8.642405581800919334e-01 2.221543971077525118e-02 5.025880339154724652e-01
-7.698519801596386269e-01 9.188867106875579782e-02 6.315729576014963431e-01
-7.199962449144421406e-01 1.271205869271087863e-01 6.822358563491146555e-01
-6.839747720299937939e-01 1.680325508484112884e-01 7.098898316512879392e-01
-6.532592836140652670e-01 2.083470829844234207e-01 7.279037033728567030e-01
-6.094200271317373740e-01 2.547366248351419227e-01 7.508105503376686363e-01
-5.621395683002687882e-01 3.022530776550348408e-01 7.698325680297284368e-01
-5.180868628515218344e-01 3.609723445877466297e-01 7.754256695412482525e-01
-4.810140638814364156e-01 4.138855302499156452e-01 7.728675424663735694e-01
-4.367131298188924871e-01 4.550420307597453640e-01 7.760273142653124623e-01
-3.447649069846318026e-01 4.787612986686248240e-01 8.074185889667205851e-01
-3.381913819766513840e-01 4.823649703288798718e-01 8.080536025266774613e-01
-2.948037661728212799e-01 5.135031056427831198e-01 8.058568731142876640e-01
-2.618892453502381645e-01 5.362846356346260279e-01 8.023794692987346044e-01
-2.079965038136255551e-01 5.503088862542602211e-01 8.086393411842540679e-01
-1.457406424212570328e-01 5.481320849306775544e-01 8.235963104678090119e-01
-1.412293831895042318e-01 5.374742489525474731e-01 8.313697691381418675e-01
-1.412803954174334520e-01 5.046657464732990928e-01 8.516761909359926719e-01
-1.322384203368264788e-01 4.687224623843845306e-01 8.733912373290334541e-01
-1.142450864241409819e-01 4.473827819282459872e-01 8.870156180485684327e-01
-1.031982460417635444e-01 4.332840797142800127e-01 8.953295640601022232e-01
-1.032578489699329388e-01 4.121879447712810118e-01 9.052286533309306105e-01
-1.037591600392285263e-01 3.597611879921559508e-01 9.272572050528516963e-01
-9.646232210249801320e-02 3.178708309364177698e-01 9.432142679446622324e-01
-7.507728160981561039e-02 3.018664601333502784e-01 9.503894159935919461e-01
-1.561219905920706481e-02 2.389097592734169551e-01 9.709162611494637218e-01
-1.457063374822102284e-02 1.867334239861369594e-01 9.823025628586077307e-01
-3.070132887023874213e-02 1.235041702016314996e-01 9.918690177379310136e-01
-8.424745599160879395e-02 4.360501636038543148e-03 9.964353226298354738e-01
-1.175263512566831342e-01 -9.439208458086056908e-02 9.885735638427572969e-01
-1.558543528690126967e-01 -1.648761559765349882e-01 9.739226221226112701e-01
-1.865429521348116182e-01 -2.182974510115483213e-01 9.578872323455875915e-01
-2.221666322095346424e-01 -2.943130258569091606e-01 9.295277458707855711e-01
-2.376746905085934392e-01 -3.206213099888840512e-01 9.169038755903784477e-01
-2.544780428151741658e-01 -3.271008754698792598e-01 9.100801849242718955e-01
-2.698457603138056937e-01 -3.308028096145255170e-01 9.042968355533487212e-01
-2.724656455354872442e-01 -3.551783877332940209e-01 8.942095866686445849e-01
-2.880428342127168695e-01 -3.740053075579106712e-01 8.815618841449633925e-01
-3.492559936679749955e-01 -4.402287576496868304e-01 8.271752485569237034e-01
-3.642629306878675255e-01 -4.741850024518479145e-01 8.015367120577988613e-01
-3.728987315362979893e-01 -4.793775557805798893e-01 7.944455267873669069e-01
-4.553347022682438516e-01 -4.829767796913627120e-01 7.479329777388150635e-01
-5.019793397205983831e-01 -4.913165724661393563e-01 7.117757850010049125e-01
-5.307891844443602958e-01 -5.041644645895725363e-01 6.812349332807297042e-01
-5.808793668276015509e-01 -5.356761727969765463e-01 6.128867750992416097e-01
-6.107699996375325346e-01 -5.386431319575177845e-01 5.803650436904040921e-01
-6.419234057166992580e-01 -5.358530932635681143e-01 5.484485423747060828e-01
-6.675335500093122487e-01 -5.355089800932825161e-01 5.173288043898361943e-01
-7.441202776723204737e-01 -5.071225686100437891e-01 4.348697652898169674e-01
-7.903529329399536785e-01 -4.669460255600234033e-01 3.966152425297230222e-01
-8.394789273727676360e-01 -4.141420047642044855e-01 3.517975701834124003e-01
-8.885253691565727641e-01 -3.551597810241708397e-01 2.904895838202109504e-01
-9.515955197275413058e-01 -2.701594195749987826e-01 1.465600724937394794e-01
-9.711200700259254859e-01 -2.251179265872988167e-01 7.904257537477488160e-02
-9.831238027840561999e-01 -1.811337513909931085e-01 2.565448316458347755e-02
-9.932328818696865014e-01 -9.944554300639678324e-02 -5.999188569298473384e-02
-9.922800097575869005e-01 -3.620911720961578900e-02 -1.186140045120443604e-01
-9.877545828996917576e-01 -5.351686596518764882e-02 -1.465497492932682222e-01
-9.868699476223967704e-01 -4.909681155372311312e-02 -1.538740055208335511e-01
-9.880579909123552440e-01 -2.648158795133142424e-02 -1.517897628096697149e-01
