3.239053990300444497e-18 8.913471279444763473e-01 -4.533214064051389602e-01
7.651454638840851120e-03 9.005549624130272379e-01 -4.346748381436187358e-01
5.344534665528820339e-02 9.042268340294794537e-01 -4.236949699275653347e-01
1.711289079131561863e-01 8.869675330986037665e-01 -4.289562822776093465e-01
4.340969640829125398e-01 8.080205810068961103e-01 -3.983246997655014443e-01
4.680629890993934228e-01 8.033761990485203119e-01 -3.681083006911056721e-01
5.994954962373193474e-01 7.500729494578771694e-01 -2.792771392053620128e-01
7.418543184587393924e-01 6.549479403680291689e-01 -1.438588391159743018e-01
8.661977861556575675e-01 4.996989847584084599e-01 1.523118660556710413e-03
9.293404938918464753e-01 1.676926127213413664e-01 3.289459439657969608e-01
9.106298601273029591e-01 -1.441627896395475221e-02 4.129714623861587275e-01
8.272588197448246250e-01 -6.380830927756837856e-02 5.581857619301463513e-01
7.326555185810279536e-01 -3.937450416882180143e-02 6.794597409076010841e-01
5.557563868098039928e-01 4.855675867310819266e-02 8.299259483274835647e-01
5.211711669944355529e-01 6.853990150771517575e-02 8.506955369548914181e-01
4.017525163441340585e-01 1.360733679789232209e-01 9.055821078941592717e-01
2.747087946385572965e-01 2.458243881122338381e-01 9.295727235442512448e-01
1.458615261504373484e-01 3.919023771496297770e-01 9.083704871766447031e-01
-1.323075445956545769e-02 6.126474334255614940e-01 7.902455754090009776e-01
-4.284578895086627731e-02 6.784759224875746009e-01 7.333721163050940239e-01
-2.412361826251284078e-02 7.180404551330616947e-01 6.955831767906914820e-01
7.142221616800867312e-02 7.663118981613823433e-01 6.384864460377757123e-01
2.139166859506882734e-01 8.025574394204679773e-01 5.569032302857800376e-01
4.851391613874919684e-01 7.870108886581161922e-01 3.811218377655671286e-01
6.261384792469805172e-01 7.367187596959161588e-01 2.553352187192156064e-01
7.524687796533821027e-01 6.512656411820350044e-01 9.820285261998676352e-02
8.544434803200846584e-01 5.097339854565684503e-01 -1.004868300279392890e-01
8.938528628681954302e-01 2.445028864108865774e-01 -3.758262871049284359e-01
8.894133918875645195e-01 1.861077514154035606e-01 -4.175017643006552759e-01
8.470609133353059761e-01 4.849304540613519343e-02 -5.292789752548234805e-01
7.866745092759067637e-01 -5.162678424750356126e-02 -6.152055685734428847e-01
7.106314963893163306e-01 -1.324023028274747549e-01 -6.909938542023822405e-01
5.912368498989715171e-01 -2.722313394871943015e-01 -7.591634113434003739e-01
5.698088824274719633e-01 -2.925834423578416721e-01 -7.679275791145874219e-01
5.144481516878474103e-01 -3.481576244290798261e-01 -7.836640656409208372e-01
4.670574765636912873e-01 -4.082469840226345958e-01 -7.843415796847569288e-01
