-5.542983606832141419e-18 8.467419516198785301e-01 -5.320038226995732478e-01
8.170719013698448524e-03 8.499812230910471778e-01 -5.267496176965356103e-01
2.808577166494984761e-02 8.527406479844057419e-01 -5.215789266305915772e-01
6.229945193350833882e-02 8.565720173730815290e-01 -5.122530208229070237e-01
1.009313561260426206e-01 8.604551866652914160e-01 -4.994294075155730761e-01
2.260513029234983151e-01 8.477789310342568330e-01 -4.797621207859176229e-01
3.273486426825248929e-01 8.349722362680139787e-01 -4.423394972139617076e-01
4.289287587277178515e-01 8.033729600444187158e-01 -4.130520633113554663e-01
5.556091483139398157e-01 7.418142200493769156e-01 -3.755131652051532654e-01
7.630289191215289257e-01 5.770830374706005239e-01 -2.911392045876618484e-01
8.290700727051865115e-01 5.258276133316470702e-01 -1.901266304402420837e-01
9.240929134687195790e-01 3.719694436799279025e-01 -8.769846204659498268e-02
9.729436664358454001e-01 2.292727108212233023e-01 2.854200439811621984e-02
9.875718008461255026e-01 7.815269980859017307e-02 1.363601616535006777e-01
9.333802289501283989e-01 -1.397136417520656593e-01 3.305774440481099030e-01
9.026162163238443670e-01 -2.028920759442439659e-01 3.796297822198123617e-01
8.151242195892470788e-01 -2.717727812487236161e-01 5.115780116574150105e-01
7.267493931746937808e-01 -2.767894459917554784e-01 6.286675767906210188e-01
6.364009654953283190e-01 -2.291985197665795393e-01 7.365200945347130101e-01
4.564338941055170462e-01 -7.975273319445426445e-02 8.861758301035340679e-01
3.336071451849635383e-01 6.383760349516040544e-02 9.405482619523217735e-01
2.525747094451319397e-01 1.831269154499056695e-01 9.500897583841803051e-01
2.039949294921967193e-01 2.975242845105227629e-01 9.326657326545105819e-01
2.204171207258047160e-01 4.576153737335387217e-01 8.613968090338270933e-01
2.350327501257545582e-01 4.980991288797168570e-01 8.346597295770245006e-01
2.973610395207312851e-01 5.763108824272499264e-01 7.612109950408457726e-01
3.760277040834346662e-01 6.504533550869872061e-01 6.599345411613356527e-01
4.568433219614676521e-01 7.095915777768012633e-01 5.364456840421408801e-01
5.538068720248033872e-01 7.808684221215693722e-01 2.890371184319988074e-01
5.765759557826444226e-01 7.897799091755164369e-01 2.093032782257435720e-01
6.075355108740659871e-01 7.942474932527078257e-01 -8.457096947370845719e-03
6.078941807513607021e-01 7.477957817596618817e-01 -2.669571759497921248e-01
5.810767727053940401e-01 6.222998397229728695e-01 -5.244927966169278255e-01
4.098558665728732064e-01 3.343168441664964297e-01 -8.486756838406258607e-01
2.749389654853840459e-01 9.558116417044149049e-02 -9.566989110026467014e-01
1.911498694866945458e-01 -3.666476389302488620e-02 -9.808758445817129523e-01
1.614241366680604362e-01 -8.193272542934688929e-02 -9.834781525812816838e-01
