4.255493527005604903e-18 9.926081719231453215e-01 -1.213631617559121911e-01
-1.255191569904847218e-02 9.918684181486070450e-01 -1.266471100801914162e-01
-4.979311171008823922e-02 9.876058593945916675e-01 -1.488466073368702736e-01
-6.614262403033713267e-02 9.857122881998756636e-01 -1.549078376911481869e-01
-1.063205105237727960e-01 9.810453194476891348e-01 -1.620062660261830934e-01
-1.385684060547592855e-01 9.772317389844410451e-01 -1.606764611412912769e-01
-1.426482698313263076e-01 9.758756627493911928e-01 -1.652820678947536093e-01
-8.932039505990703454e-02 9.685590407913565736e-01 -2.321965794917520975e-01
-2.978247950181574927e-02 9.579234742644028300e-01 -2.854743795298277931e-01
4.732422424063844474e-02 9.397524454433809904e-01 -3.385642613791461364e-01
1.260482153504466352e-01 9.247766832994390729e-01 -3.590263687149689020e-01
2.574796957615878568e-01 9.101960782929687799e-01 -3.244184108995971094e-01
2.971642065296395963e-01 8.980432168667776827e-01 -3.243637078915883598e-01
4.119300169685662372e-01 8.598224869873919429e-01 -3.016934735639686394e-01
5.336022013583434642e-01 8.056625946260347337e-01 -2.572478849786246080e-01
6.468544259377345673e-01 7.416593417197063776e-01 -1.775409036944891050e-01
8.098598229148753491e-01 5.851080980363885242e-01 4.213764161087873994e-02
8.746577135803874636e-01 4.231260407140726154e-01 2.365126587393623359e-01
8.839703937231513375e-01 3.155779703262736047e-01 3.449737492414265971e-01
8.634105142645953634e-01 2.191084766816472906e-01 4.544378497700151676e-01
7.742210494007129018e-01 1.122437775130696036e-01 6.228828951532184854e-01
6.532671530320661724e-01 4.999182494119999709e-02 7.554752439414726961e-01
5.348148678368540576e-01 2.456259187010735590e-02 8.446121809571958128e-01
3.934498126722648093e-01 2.435185513207104718e-02 9.190235209502456426e-01
1.401997144725683764e-01 7.326921862855430290e-02 9.874085586338471332e-01
6.638246264375699535e-02 8.920750660595631876e-02 9.937984651922633361e-01
-7.914192031919387027e-02 1.315285360322980546e-01 9.881481673602349192e-01
-2.042943558955366279e-01 1.841209067588574222e-01 9.614381456149553307e-01
-3.086016667259280921e-01 2.405339408882730956e-01 9.202762816539040713e-01
-3.947339193155557924e-01 3.423835158197099382e-01 8.526187078857196955e-01
-4.399454570676694654e-01 4.387571598418975594e-01 7.835433296844476203e-01
-4.520508925624055485e-01 5.245102003110843070e-01 7.214839154847174640e-01
-4.493086289730509608e-01 6.113109430756773488e-01 6.514757760702104550e-01
-4.143281360418530901e-01 7.218653274014822374e-01 5.542947273604852398e-01
-3.203290677507399375e-01 8.169296492643424168e-01 4.795990372246177746e-01
-1.655191578898742855e-01 8.788298547467836563e-01 4.475058600478596382e-01
6.076295758554757509e-02 9.023327640294291907e-01 4.267358034480678852e-01
3.563357167470834197e-01 8.666392310865795867e-01 3.492295808089633802e-01
5.365434454911550688e-01 7.977950318944726504e-01 2.750349399348698820e-01
6.418076641857599629e-01 7.405881765866416666e-01 1.990278244178229072e-01
7.198151214317206614e-01 6.835089746131562949e-01 1.211679519572281816e-01
7.838800851904271783e-01 6.208961562652793864e-01 -4.469359780829879059e-03
7.968935317687410036e-01 6.023730499876169819e-01 -4.590651014571242583e-02
7.989658361466036585e-01 5.850522213209038425e-01 -1.391671333254899390e-01
7.793438619599604156e-01 5.811824631738480296e-01 -2.342009592732557377e-01
7.589637745742915387e-01 5.685641308174471664e-01 -3.173465267365393472e-01
7.213355690421335842e-01 5.354320808784512886e-01 -4.393034072265238899e-01
6.417344980461137105e-01 5.053411417813589157e-01 -5.768944135980300647e-01
5.725772243511060289e-01 4.817803787057333142e-01 -6.633573613434492477e-01
5.114166045185402076e-01 4.618747640248540010e-01 -7.246549240705623118e-01
3.466192797588025787e-01 4.309783066170453925e-01 -8.331343073748631589e-01
1.904096729931998022e-01 4.190183300046545489e-01 -8.877881478994485986e-01
1.045617504007728543e-01 4.242525286295563136e-01 -8.994868716688166899e-01
-1.314910074135394085e-03 4.271464636391024694e-01 -9.041814915226400462e-01
