-1.808415342387931224e-19 7.933894229349564009e-01 -6.087144023061527021e-01
9.704389530800884914e-03 7.894452645489177245e-01 -6.137442456798463120e-01
3.937335963680423795e-02 7.884274345073645218e-01 -6.138663690633706649e-01
7.780914830592515485e-02 7.891039309168085270e-01 -6.093116793986038671e-01
1.241181388824166426e-01 7.906349335301333658e-01 -5.995757579173516261e-01
1.811020572589034927e-01 7.861338305428953177e-01 -5.909277835171968807e-01
2.472498026272944571e-01 7.766737135090043820e-01 -5.793491847279125251e-01
3.166960069422161128e-01 7.573761173697017846e-01 -5.710385766520956752e-01
4.031925438095571024e-01 7.276359563818942666e-01 -5.549609784449571759e-01
4.877910313710852042e-01 6.926769809030722813e-01 -5.312800672347284259e-01
5.752047101335311385e-01 6.478779762414564880e-01 -4.993933012581115438e-01
6.480838977584488791e-01 6.156469611109804951e-01 -4.482924054019108429e-01
7.049713742233378877e-01 5.920331767642937892e-01 -3.905279492379986617e-01
7.504606644931988146e-01 5.819301742890368168e-01 -3.133146394606514673e-01
7.952353071320241718e-01 5.642437623236598032e-01 -2.218778559691718111e-01
8.434676086888064361e-01 5.254294816803869450e-01 -1.117419029454310708e-01
8.799421575275953034e-01 4.739333344490117006e-01 3.299990763201531008e-02
8.816108947006709995e-01 4.333997438030702809e-01 1.868873789652878981e-01
8.515176862601298025e-01 4.163814702655612709e-01 3.186598518886311626e-01
8.010069609463111862e-01 4.147841189636291559e-01 4.316734682269927070e-01
7.512674724118816316e-01 4.170659192167093798e-01 5.115204824088511737e-01
6.943684794073285982e-01 4.175874674619909910e-01 5.860657999100736815e-01
6.223217873080980622e-01 4.052633555002437271e-01 6.696844075610072222e-01
5.537000522124343460e-01 3.794830769436277063e-01 7.412211859447517259e-01
4.995661839556241879e-01 3.654128091076813689e-01 7.854343427607737294e-01
4.298060925044865921e-01 3.848309540929005790e-01 8.168058885793934021e-01
3.259179093821327200e-01 4.241160733853254206e-01 8.449278505530476435e-01
2.154057614593739844e-01 4.599521935980814269e-01 8.614199542235019269e-01
1.071497393318329300e-01 4.889270744027574556e-01 8.657189204800139759e-01
1.478450667617403798e-02 5.128270045992647796e-01 8.583646554443442600e-01
-6.775669024384405048e-02 5.401700081933061837e-01 8.388238153364765415e-01
-1.607031800334647598e-01 6.431455216323467283e-01 7.486910750979927087e-01
-1.962438193166932132e-01 6.906343197492738062e-01 6.960693929231874799e-01
-2.330766296414738536e-01 7.677365523529048330e-01 5.968717373910804591e-01
-2.474805876793703951e-01 8.250126150501650990e-01 5.080428561942007537e-01
-2.329092905140125735e-01 8.758170593618430644e-01 4.227265557343578006e-01
-1.963086846541698960e-01 9.237602154718381753e-01 3.288312099554611123e-01
-1.513908148490410166e-01 9.606140782615305573e-01 2.330266375869790296e-01
-8.011312497448158654e-02 9.912974459326477916e-01 1.044569810698748047e-01
8.182213554175509981e-03 9.998291862601945690e-01 -1.657255814988064374e-02
8.916033314514289210e-02 9.918245413531566745e-01 -9.129356035913682721e-02
1.559383279074643969e-01 9.735238376083699130e-01 -1.671363978841728382e-01
2.115030203486568394e-01 9.496307804638430827e-01 -2.312311682689591474e-01
2.571457614928857605e-01 9.179128633764911394e-01 -3.021788089761009988e-01
2.829410530674055235e-01 8.792022671286762181e-01 -3.833376239881801095e-01
2.889683987902753604e-01 8.426171948817074986e-01 -4.544155888504121110e-01
2.769561713199679698e-01 8.113622821747705771e-01 -5.147684200025599566e-01
2.570710102153477838e-01 7.788613931915102651e-01 -5.720921480868619291e-01
2.458298410030924641e-01 7.266325580757730940e-01 -6.415394101819874573e-01
2.309236363920134927e-01 6.626660309817767880e-01 -7.124240349246703241e-01
2.241734383728104241e-01 5.973767095967321694e-01 -7.699917768129042051e-01
2.374850443127583255e-01 5.584268195296486770e-01 -7.948335303431581789e-01
2.541591590410318124e-01 5.433810114864848773e-01 -8.000876190964837376e-01
2.688990743750770407e-01 5.279588757855532277e-01 -8.055760133466496331e-01
3.017464211803759233e-01 4.879761002766890843e-01 -8.190411606650729315e-01
3.091852617972334905e-01 4.703445940989500751e-01 -8.265472985191288924e-01
3.079628527359846157e-01 4.582574348217354210e-01 -8.337619592937286495e-01
2.989818683524212428e-01 4.444180116279486392e-01 -8.444539498025666058e-01
