1.451475658414969061e-17 9.945955496780328753e-01 1.038252982690221760e-01
2.916219209498738078e-04 9.931067236996123926e-01 1.172132684437972583e-01
4.371900269422857033e-02 9.905169705675549441e-01 1.302489148557308130e-01
7.250160246090794902e-02 9.885468665632944907e-01 1.323578869901320676e-01
1.544888288840848833e-01 9.812257279416212175e-01 1.154524689015337113e-01
2.636198717189375262e-01 9.617257673934240803e-01 7.475367259486659366e-02
3.845718831874813115e-01 9.229047201489164465e-01 1.874417745553037806e-02
5.073253972892840524e-01 8.607443213018146633e-01 -4.171516045693968167e-02
6.160753179924032263e-01 7.827494340270572115e-01 -8.805978702495681487e-02
7.077256255174978472e-01 6.984358525057288158e-01 -1.063569411014732013e-01
7.757863456471298935e-01 6.218682440464059491e-01 -1.069365837967117538e-01
8.263034176705440492e-01 5.537363428573193191e-01 -1.029501070663838558e-01
8.734643341473468103e-01 4.814303150817458299e-01 -7.269737748242902087e-02
9.226214633498552864e-01 3.851071680685417831e-01 -2.149661527775445502e-02
9.639190786665824406e-01 2.599430082264433395e-01 5.735540303017841457e-02
9.796018451652349635e-01 1.224501609851908340e-01 1.593304208981060066e-01
9.604175575111243424e-01 1.480181340707664890e-02 2.781708495587347230e-01
9.175481194708032806e-01 -6.076239945845649665e-02 3.929546783887974959e-01
8.336435040880031400e-01 -1.367247915811036496e-01 5.351119877735681651e-01
7.912645153193629266e-01 -1.649161869580675621e-01 5.888150117614405765e-01
7.311373723942131697e-01 -2.157064817884553898e-01 6.472316868038310300e-01
6.614326421525900113e-01 -2.643898044682955750e-01 7.018581702796229393e-01
6.082255456525771375e-01 -3.020021408260608609e-01 7.340683841115218655e-01
5.553027477885107421e-01 -3.136455394718672962e-01 7.702371932514885389e-01
4.948523532781817225e-01 -2.791873726284326285e-01 8.229067744403846252e-01
4.174820381361939448e-01 -1.956655404314953661e-01 8.873690011045575199e-01
3.328507702618816455e-01 -1.259540227044786964e-01 9.345298009697882158e-01
2.328400096390572382e-01 -8.133174943955742697e-02 9.691081861404250430e-01
1.245982988982631823e-01 -4.678022992391756701e-02 9.911038664034786949e-01
1.986761104857929019e-02 -1.301667678798423475e-02 9.997178822831065403e-01
-7.333692255768708979e-02 3.920042635756661870e-02 9.965365133115560159e-01
-1.499179293851787831e-01 9.753787608028706424e-02 9.838754886562663948e-01
-2.243207100327787584e-01 1.820897706274034467e-01 9.573523564932869823e-01
-2.916331752967880608e-01 2.821263069554529879e-01 9.139774822116737418e-01
-3.428642305600714812e-01 3.962989372204844263e-01 8.516990499938138504e-01
-3.683075846889645177e-01 5.251990576778678976e-01 7.671476213056132032e-01
-3.623443334502238211e-01 6.504925972400191769e-01 6.675072770782706222e-01
-3.371052682663147060e-01 7.536479904815910347e-01 5.642470598506966750e-01
-2.867208938869955648e-01 8.240488608143277105e-01 4.886047523297856188e-01
-1.984174750317100611e-01 8.714655080402708975e-01 4.485291226867585967e-01
-6.789283346245200690e-02 8.941436775998797826e-01 4.426032613668839932e-01
7.775089466425660900e-02 8.595639557742219550e-01 5.050788100016462279e-01
1.936358364551730438e-01 8.147169653689405600e-01 5.465724372673119724e-01
2.790646666542402343e-01 7.522905082593026593e-01 5.968097712069717620e-01
3.165614590138986495e-01 6.769004574482763159e-01 6.645258560607751885e-01
3.325296714153578859e-01 6.193280514490902000e-01 7.112360946385293259e-01
3.538313490969504094e-01 6.028544996671990619e-01 7.151012715883273696e-01
3.786521140157177445e-01 5.962072509029463507e-01 7.079261900241993200e-01
4.096625511750556781e-01 6.089449255306483844e-01 6.792368304466551709e-01
4.358794662406320075e-01 6.316068518976487578e-01 6.411566700469730762e-01
4.556404085341130838e-01 6.569998467642574891e-01 6.006188637252485307e-01
4.698413865529345590e-01 6.837311493690588771e-01 5.583554305856458511e-01
4.797564528953320862e-01 7.149481855732963131e-01 5.086087276588364681e-01
4.930228395402367902e-01 7.498622679346796938e-01 4.411746352857792708e-01
5.059297080431149896e-01 7.805353794515396126e-01 3.671507210177445968e-01
5.126287835925964487e-01 8.121404095749549246e-01 2.786389875229226543e-01
5.107735459409238343e-01 8.318948555115934784e-01 2.169362444136063162e-01
5.098860117834717043e-01 8.469567735079042148e-01 1.506003944105915315e-01
5.084597274263076283e-01 8.572867500164064181e-01 8.079686771077371210e-02
5.042254302381169451e-01 8.633340665183121265e-01 2.027326047137960677e-02
4.967284812478819367e-01 8.672913263914964199e-01 -3.265839988810348427e-02
4.906633283535287715e-01 8.667112304734615469e-01 -8.978385812725679649e-02
4.858507340851063727e-01 8.600434359993226474e-01 -1.558022861945299875e-01
4.790904483062905506e-01 8.483470798176091510e-01 -2.253432370997911771e-01
4.688925476817336069e-01 8.312902408952904665e-01 -2.984900569881406285e-01
4.545323072622121652e-01 8.079261024244266398e-01 -3.750410573206152676e-01
4.272441055526153830e-01 7.809088294671786556e-01 -4.556795741864520521e-01
4.001241261840619012e-01 7.460890238079284087e-01 -5.322141037202730018e-01
3.685000839530264694e-01 7.014585932772700039e-01 -6.100520715841279973e-01
3.260489048235796772e-01 6.451934708151179088e-01 -6.909540483135516720e-01
2.539592508171492624e-01 5.666993392277670516e-01 -7.838090059722486735e-01
1.746502668404740499e-01 4.897511531628178649e-01 -8.541903138459491229e-01
1.242940404948146144e-01 4.354180798413284093e-01 -8.916064643354509878e-01
5.570769167628444180e-02 3.615412585329501605e-01 -9.306903735757183771e-01
-2.569228868740483160e-02 2.730469777992146074e-01 -9.616575555865605196e-01
-1.206655756770285692e-01 1.706834732271753363e-01 -9.779094900928404499e-01
-1.907340678534569234e-01 9.359493741325033977e-02 -9.771696388297597125e-01
-2.630560535839454595e-01 3.850836663882609145e-02 -9.640117314491822853e-01
-2.748553869273620553e-01 4.658749214602511679e-02 -9.603562473647755393e-01
-2.783217117385192174e-01 6.434226740664478195e-02 -9.583303696533427285e-01
-2.688917436618571966e-01 8.842135100120537827e-02 -9.591031721757611317e-01
-2.464705042317949513e-01 1.189936795970958083e-01 -9.618174435721513760e-01
-2.188712446141948542e-01 1.500577486276455652e-01 -9.641462805808234116e-01
-1.914071620363843595e-01 1.776827921816513389e-01 -9.652938017431320628e-01
