9.012430558785755608e-19 9.996299793743826934e-01 -2.720118262082654031e-02
4.348245647425279942e-02 9.987705367092171160e-01 -2.380527211663003434e-02
1.067305457988691197e-01 9.936346629642688333e-01 -3.603813465427645885e-02
1.873481940575140170e-01 9.807844290518776820e-01 -5.442938464442166613e-02
3.822452738588230092e-01 9.196356045679200397e-01 -9.032665953963682492e-02
4.457127190374809977e-01 8.903966679564849773e-01 -9.237935797679483474e-02
5.860301857565137773e-01 8.079778710033865829e-01 -6.115865720420049501e-02
7.344034851197291935e-01 6.787110079151050801e-01 1.699640802730134626e-03
8.452777488601381783e-01 5.245840361578026911e-01 1.015732065572718390e-01
9.070972512901162021e-01 3.935714669847799052e-01 1.492517238673122804e-01
9.125510582398165260e-01 3.556703213218807003e-01 2.018642827153466768e-01
9.169168247598815658e-01 2.474120318769516269e-01 3.131306803153836027e-01
9.134168125253279147e-01 1.054203491501695816e-01 3.931364605084679553e-01
8.634159725072391156e-01 4.879578339704034040e-02 5.021273045175377314e-01
7.300623537562098697e-01 1.174499274544951177e-01 6.732120573555382403e-01
6.646187043661256899e-01 1.357306864708185679e-01 7.347510861215877931e-01
5.465959810583117529e-01 1.165347484376457327e-01 8.292481449466598820e-01
4.202156220478535098e-01 8.385065019866072555e-02 9.035418636943156612e-01
2.849940411930727002e-01 6.846953549939527317e-02 9.560807074682231566e-01
5.511023617963626414e-02 1.132632828879591574e-01 9.920354281061068979e-01
-1.000496033385152306e-02 1.304915742564268510e-01 9.913989357553280035e-01
-9.157097146570812585e-02 1.832758610077587502e-01 9.787873701456776265e-01
-6.919429286292540227e-02 2.189514416780496964e-01 9.732792076389507052e-01
2.071938882665708484e-02 2.521810768151646620e-01 9.674582220556056100e-01
3.323867227906184690e-02 4.257527463143215840e-01 9.042288370047363300e-01
2.747441230230099687e-02 4.945019613935441871e-01 8.687421751282603521e-01
2.196498733791264757e-02 6.141946481555474735e-01 7.888488280452272683e-01
7.599894644285558332e-02 6.944768992947172315e-01 7.154900394034643396e-01
2.007318864979970308e-01 7.621836054164747853e-01 6.154533787195409777e-01
4.512904064488836298e-01 8.053319850753525300e-01 3.844182134886346414e-01
5.612707270665882042e-01 7.990075321596313840e-01 2.157826093324465844e-01
6.187305434047862818e-01 7.831889467138749561e-01 -6.154338634840925137e-02
5.863244209476066171e-01 7.543749733659641521e-01 -2.951983620543228160e-01
4.981403664476479198e-01 7.318575363190640282e-01 -4.650169049060397519e-01
3.126112026446109526e-01 7.224140801911013154e-01 -6.167593799227824025e-01
2.611749300352954606e-01 7.118267121064283387e-01 -6.519895611532523505e-01
1.918461914566138848e-01 6.730391267661157695e-01 -7.142922179790961446e-01
1.401659497269067411e-01 6.346051573862829809e-01 -7.600196055075719714e-01
1.209199418830823047e-01 5.928213663675860889e-01 -7.962042421596737807e-01
8.438239946480499687e-02 5.653310389711849737e-01 -8.205366701350542691e-01
7.588625178008842620e-02 5.671449112861438602e-01 -8.201145812586199124e-01
7.514530421332699106e-02 5.832686561851626594e-01 -8.087959309780443640e-01
7.905749668416903186e-02 5.907116943384338459e-01 -8.030003775776505259e-01
