-1.912600394900210166e-18 9.564207925968611912e-01 -2.919918962717835687e-01
-2.296460176159712332e-02 9.525617761758292668e-01 -3.034776592019269859e-01
-6.098405971466112213e-02 9.455235989873238545e-01 -3.197906631200746475e-01
-1.082934260563750140e-01 9.365758853558833197e-01 -3.333138833634384235e-01
-1.805098514943448973e-01 9.204933535232364683e-01 -3.465662701894628439e-01
-3.313332545676929142e-01 8.697189161636350585e-01 -3.657967759353988324e-01
-3.890275024548532912e-01 8.488667774353146900e-01 -3.578865693209550836e-01
-4.464787126638523618e-01 8.313931060697389297e-01 -3.308205893195599323e-01
-4.111131386580766933e-01 8.465744175948823891e-01 -3.380794916829337193e-01
-2.959740635792809660e-01 8.730438818293777548e-01 -3.875483635479051170e-01
-2.019375904600066718e-02 9.166061697293484967e-01 -3.992810309915625910e-01
6.920148462965211578e-02 9.201816708531123101e-01 -3.853269354081368947e-01
2.329783815115704648e-01 9.268298945816884071e-01 -2.944612372757160479e-01
3.831865008710035880e-01 9.119755678345724537e-01 -1.465219069731392432e-01
5.539674590727193815e-01 8.325314074077110327e-01 -3.392634411634509739e-03
7.245759650972909416e-01 6.520994854729853518e-01 2.230603771385608614e-01
7.786895291444569933e-01 5.358841239726109817e-01 3.262986712735602146e-01
7.617105166589980270e-01 3.809671843155712501e-01 5.240811895935094666e-01
6.237767457595129184e-01 2.501983512130509513e-01 7.404750883722847066e-01
4.220562471657249293e-01 1.237819998564228946e-01 8.980793621612340738e-01
1.864031374714498202e-01 8.910916134636528985e-02 9.784239509052032879e-01
9.545225854915634356e-02 9.454943268054963323e-02 9.909335351665372604e-01
-6.947433801341661164e-02 1.375732183350156512e-01 9.880520866606898878e-01
-1.958595890072093171e-01 1.947023108607447983e-01 9.611087511511965387e-01
-3.149818522819527455e-01 2.566052625822861644e-01 9.137506070849452655e-01
-4.258013239517557946e-01 3.638293891547464409e-01 8.284451750769125100e-01
-4.572422683338839278e-01 4.034700544392448296e-01 7.925537352253646528e-01
-4.756807040257697294e-01 4.796372164504497659e-01 7.373438874861661940e-01
-4.371663843341770384e-01 5.811981169121323010e-01 6.863630972786736173e-01
-3.553427206946582206e-01 7.026288502601487629e-01 6.164772904425754874e-01
-1.905171447210075031e-01 8.684578935383679976e-01 4.576943354666467290e-01
-9.223368861551380082e-02 9.297926568816720083e-01 3.563405139656417031e-01
7.952766448580528280e-02 9.882244772861040749e-01 1.307200561277390427e-01
2.816161226583456800e-01 9.493674725373256740e-01 -1.392614862299328682e-01
4.788368944772563585e-01 8.024452104131698515e-01 -3.560855413694031246e-01
6.312219269149881296e-01 5.874855972441971330e-01 -5.063788621302812709e-01
6.690087984939681043e-01 5.076487563810779813e-01 -5.428811727094635664e-01
6.961899601962209250e-01 3.792172471724624128e-01 -6.095193342043578877e-01
6.886062081879916752e-01 2.907183110015267302e-01 -6.643074240841932987e-01
6.669108825219048908e-01 2.205715043531390751e-01 -7.117429917050446253e-01
6.887451887155745522e-01 9.897524893466663753e-02 -7.182158207109254899e-01
6.925035573446098880e-01 5.249514337040570716e-02 -7.195019687169599276e-01
