-3.054739620977908743e-17 9.544756817891769662e-01 -2.982887407749170716e-01
-9.475650340308679198e-03 9.572309396990500430e-01 -2.891697427697130229e-01
-6.310922390994808638e-03 9.580440131982366214e-01 -2.865516376389983799e-01
2.198928798883749425e-02 9.568558238970339413e-01 -2.897298802127110662e-01
5.394249412340491184e-02 9.554203460780132939e-01 -2.902794681473626626e-01
9.093931545938191419e-02 9.542149065930489726e-01 -2.849630729399830198e-01
2.090119783834064882e-01 9.448706644324014192e-01 -2.520583670250334252e-01
2.331148620174846864e-01 9.411109635919997496e-01 -2.448828603914670055e-01
3.282251723116293429e-01 9.224695142322218988e-01 -2.032688652331431645e-01
4.988483999577552619e-01 8.562659197992344984e-01 -1.340110012273558748e-01
6.777367427524257915e-01 7.352196736979225156e-01 1.117760845853535412e-02
7.991371361534227447e-01 4.691409169473860774e-01 3.758811483252008645e-01
8.254824940310684367e-01 3.970825509364575567e-01 4.011285327548298474e-01
7.491932379989154622e-01 2.731885402505576654e-01 6.033883605212067014e-01
6.291026061551009407e-01 3.096703966010086462e-01 7.129755650776776754e-01
4.566591067424655148e-01 4.274321228478715762e-01 7.802334526197499676e-01
1.569061462670819085e-01 5.149747109076003859e-01 8.427226758484942515e-01
5.149700318734105886e-02 5.266207915530203287e-01 8.485390978421638586e-01
-1.325359220262656290e-01 5.457575859130686657e-01 8.273952421853699724e-01
-2.560700007925766908e-01 6.073050123909178311e-01 7.520696620785585207e-01
-2.910506124258855909e-01 7.292956190190845733e-01 6.192071067793772920e-01
-8.589898491590269858e-02 9.265232335057708157e-01 3.663005080046000117e-01
-3.706902465738624169e-02 9.484828606449187127e-01 3.146524280436772125e-01
1.729060015961585151e-01 9.800345570599120482e-01 9.816201699441191864e-02
4.171667914181270698e-01 8.993536615678484614e-01 -1.309001893138779515e-01
5.908751456146207337e-01 7.205008105688867071e-01 -3.629671393728057804e-01
4.989481750574369934e-01 4.347681561289476471e-01 -7.496848464675593959e-01
3.670555451247122236e-01 3.192106231082009193e-01 -8.737132280606001444e-01
2.437235061926064095e-01 2.060823442520132165e-01 -9.476966391819576785e-01
1.662599408226144437e-01 8.671120677801921750e-02 -9.822620824895770264e-01
1.594872321803793846e-01 6.649340866084979540e-02 -9.849580952386263188e-01
7.889289031595460300e-02 6.559725918406809908e-02 -9.947225298771174007e-01
4.170665000846730114e-02 2.959103343033765016e-02 -9.986916070968033798e-01
1.055085304435115362e-02 1.090205731949983256e-02 -9.998849056997705098e-01
-1.615883903214956202e-02 -2.493962754797740978e-03 -9.998663271012335763e-01
