4.328677173648376453e-17 9.736835610189753520e-01 -2.279041969806775980e-01
-1.636332605515855229e-02 9.720250383549098316e-01 -2.343065649348068935e-01
-3.679634577211809282e-02 9.684855988497811374e-01 -2.463365051274366557e-01
-6.693829140389918886e-02 9.573956821477681567e-01 -2.809141736344678009e-01
-8.609131749269578748e-02 9.504127010426445255e-01 -2.988377197563868437e-01
-1.194640007242800672e-01 9.352560254650406080e-01 -3.332034203940357209e-01
-1.649122427355959319e-01 9.120816148549244495e-01 -3.753812462544566797e-01
-2.219378274855654254e-01 8.814795606529829408e-01 -4.168181676486897858e-01
-2.411656272972689530e-01 8.629366366385354814e-01 -4.440489853127541631e-01
-2.267310332402429907e-01 8.598731381008691832e-01 -4.573961356836928616e-01
-1.982968267462908718e-01 8.540806109619101250e-01 -4.808582727595331896e-01
-1.693969099850028970e-01 8.652622386846513525e-01 -4.718325393547568303e-01
-9.583215166129424589e-02 8.938879089149855961e-01 -4.379276253030415234e-01
-4.811497068153498119e-02 9.357741429470008976e-01 -3.493017363084829907e-01
-1.124380246897183425e-02 9.572567169471153381e-01 -2.890210282413184784e-01
1.159599659213075840e-01 9.785553257730090770e-01 -1.702432398211725650e-01
2.820366099125597992e-01 9.591122057154858327e-01 -2.364587737019724356e-02
4.422878896789570469e-01 8.926482941582478681e-01 8.695082276611784677e-02
5.994769635813264053e-01 7.562780131705477693e-01 2.620514013130287312e-01
6.461103772654157584e-01 6.983746759396128878e-01 3.079191328842409980e-01
6.666689470691440356e-01 5.769654288160344091e-01 4.718722379679146650e-01
6.228496147643894920e-01 4.297203023589780679e-01 6.537574620058727026e-01
5.063681482828841229e-01 2.775276870960428632e-01 8.164371876021351282e-01
2.801848161582797814e-01 1.212004130078672137e-01 9.522641065802457394e-01
1.693030875137810642e-01 6.676235108727709977e-02 9.833001846006133029e-01
-1.423825581006742634e-02 2.076279951580732239e-02 9.996830388817015134e-01
-2.006312681162093492e-01 -6.607967475285568028e-03 9.796445421784001351e-01
-3.880083707660214043e-01 -1.054997521558259828e-02 9.215954656130030953e-01
-6.366178236910706723e-01 4.958355261331304914e-02 7.695837952225135226e-01
-7.007603276885311372e-01 7.809144953215944873e-02 7.091097860330433100e-01
-7.833539865340921615e-01 1.688244413628459395e-01 5.982096954911952924e-01
-8.107078245509021786e-01 2.673151692899748966e-01 5.208602725102149389e-01
-8.001303342039103317e-01 3.767450979426970603e-01 4.667489469328092722e-01
-7.011466745449035365e-01 5.791335564820524473e-01 4.159298793439494268e-01
-6.467410343105053361e-01 6.466233406038737197e-01 4.044802713671761807e-01
-4.860860984018844366e-01 7.817038672588638715e-01 3.907164814196735225e-01
-2.928793259010628036e-01 9.019411634386427234e-01 3.173701910304215223e-01
-9.513730314795186549e-02 9.781581800795260406e-01 1.848119809245173384e-01
8.445715489230014306e-02 9.939928379063015518e-01 -6.960766608984203518e-02
1.742484306234727554e-01 9.666144776876043343e-01 -1.878668037466355023e-01
3.168800809205308266e-01 8.726388427770581657e-01 -3.716025624138168948e-01
4.144408625734765650e-01 7.386143141434106107e-01 -5.316838029993127268e-01
4.823364727913648231e-01 5.770550723565567308e-01 -6.590591555260834067e-01
5.099524994144517542e-01 3.910150439272476186e-01 -7.661955910624429489e-01
5.137284027840011147e-01 3.432984630170353157e-01 -7.862755836620771710e-01
5.511871654153088773e-01 2.509179939491748557e-01 -7.957593034290952883e-01
5.962829516519706496e-01 1.869846129742954999e-01 -7.806941757692741346e-01
6.457473579547812204e-01 1.404326939545282038e-01 -7.505258211168308602e-01
7.765470827276016452e-01 6.404420249255028674e-02 -6.267957948441776894e-01
