-3.930232875259953573e-19 8.938725753361232984e-01 -4.483211115506015587e-01
-2.436855815967700969e-02 8.941149613740427826e-01 -4.471740256547916958e-01
-2.776637356462358444e-02 8.971984045087737503e-01 -4.407539579470395319e-01
1.931318287502178238e-02 9.053621482011410260e-01 -4.242008740819038226e-01
3.576970658866700931e-02 9.082589636942202116e-01 -4.168766999481520741e-01
1.117937619438199026e-01 9.221863847206083209e-01 -3.702356366240062702e-01
2.017476340536844548e-01 9.327719901477166120e-01 -2.987211183522329727e-01
3.091173852954230417e-01 9.337729087035275821e-01 -1.803180442425960095e-01
4.963628630460905078e-01 8.562416184859620305e-01 1.430880811291709298e-01
5.349972850662544355e-01 8.245594756277896398e-01 1.840640544054198968e-01
6.243340496457431277e-01 7.263517683653204493e-01 2.874371288569359528e-01
6.654821976101871206e-01 6.222375252122541722e-01 4.122546626560399385e-01
6.528384924057768490e-01 5.133992674251379729e-01 5.569767455115913757e-01
4.996744807938060529e-01 3.961445750970042368e-01 7.703212893751893997e-01
4.511008734230727013e-01 3.713613184803851164e-01 8.115409867243003061e-01
3.118807038883367744e-01 3.594242556910515751e-01 8.795138605860903791e-01
1.512474007883316818e-01 3.820815195120013108e-01 9.116676676301370685e-01
-2.516557145187601693e-02 4.211527333489999969e-01 9.066405402397174074e-01
-3.046882462305680606e-01 5.081989920939442573e-01 8.055425854935539531e-01
-3.411659755701247909e-01 5.196372821809647213e-01 7.833153082130243083e-01
-4.500665085604730331e-01 5.754219998256132618e-01 6.828833428843303910e-01
-4.902047775370304561e-01 6.475207944427592288e-01 5.834518804872327324e-01
-4.912545752277792110e-01 7.171892219997650919e-01 4.942757956497019212e-01
-3.762947332384815602e-01 8.282016547703351383e-01 4.153122834358002335e-01
-3.440120208747057262e-01 8.476581253378625558e-01 4.038953231251893317e-01
-2.138868622275685860e-01 9.187493608423901170e-01 3.318915818729736844e-01
-3.385594092555389151e-02 9.743188773024704652e-01 2.226128940472651974e-01
1.428596688893190858e-01 9.854058908980574127e-01 9.255455249872812651e-02
3.254178887814032639e-01 9.315056410559088285e-01 -1.624821169916084163e-01
3.765615559305640625e-01 8.961379167729761619e-01 -2.348153076716735788e-01
4.591312176560023994e-01 8.229955087159230853e-01 -3.344800705679417674e-01
5.530453041254014268e-01 7.398183548506754859e-01 -3.831575308027789228e-01
6.129951460757573356e-01 6.466151754214851666e-01 -4.540107551613759007e-01
6.693004079094385661e-01 4.837196519699161201e-01 -5.639612240840341517e-01
6.820159218853419913e-01 4.575217346993663003e-01 -5.705507379476163488e-01
6.970820007222403580e-01 3.920795686683302694e-01 -6.002918424416031629e-01
6.962847426895407699e-01 3.627426585603206188e-01 -6.193587980793932024e-01
