2.656295322589485863e-17 9.815279372893801479e-01 -1.913187830875531237e-01
-1.644075902261106850e-02 9.751591741686653769e-01 -2.208908078731702251e-01
-2.402763122732092319e-02 9.736772215546111164e-01 -2.266612825296555611e-01
-4.261583595612239428e-02 9.698397105185545541e-01 -2.399890597820072691e-01
-6.788873888931006018e-02 9.650547984960998749e-01 -2.531011819913645544e-01
-6.361122453598096194e-02 9.649001806861218222e-01 -2.547517789010124156e-01
2.249872664634425604e-02 9.641483739908017769e-01 -2.626338443793470034e-01
3.276186306438620688e-02 9.641540814465363596e-01 -2.633117176345422528e-01
7.585163669022405852e-02 9.653109762063801780e-01 -2.496307520371734701e-01
1.532228045862596144e-01 9.574715817358138148e-01 -2.439640998470453404e-01
2.477445364634908442e-01 9.446721568424800708e-01 -2.141302319511464713e-01
4.716731251121639712e-01 8.647407957642446741e-01 -1.500706017789677771e-01
5.015565639101026152e-01 8.532662880237836811e-01 -1.426692710336086023e-01
6.217261498490199711e-01 7.817427752094441296e-01 -3.896419156904137177e-02
7.541370489226802976e-01 6.521945245094850074e-01 6.615765681399615739e-02
8.588101361205944251e-01 4.912354387710539116e-01 1.408623387944004934e-01
8.998093268394797839e-01 2.760599076092016824e-01 3.304929015310204554e-01
8.989887791303715625e-01 2.521554389593562151e-01 3.580920935722519682e-01
8.637208166345056171e-01 2.015437436014171357e-01 4.617598803235985483e-01
7.840943715874258979e-01 1.870039501102764290e-01 5.914009311266303914e-01
6.528100953018419750e-01 1.939396894119766734e-01 7.313847229243537473e-01
3.405530321877351385e-01 2.851132860923451529e-01 8.854002294000069551e-01
2.787840634753122604e-01 3.064854028409881304e-01 9.100428973882528361e-01
5.115560155367012557e-02 3.898782248652046811e-01 9.176839703991400699e-01
-1.266423792047443597e-01 4.748122173561812320e-01 8.702455932027968188e-01
-2.234798143797734893e-01 5.476404030365917830e-01 8.061483505529979388e-01
-1.643670404927931594e-01 6.723946907576906495e-01 7.201533443386582967e-01
-1.465202085876468607e-01 6.893056858340891324e-01 7.094994712078185328e-01
-3.572163698461039427e-02 7.496865133657906188e-01 6.602730065446930086e-01
9.016671600910899920e-02 8.150864920689318005e-01 5.711367167726211225e-01
2.209647476029085178e-01 8.628155072587777585e-01 4.532230229251827947e-01
4.749075073681470749e-01 8.493585295596667306e-01 1.873434137066884442e-01
5.346319254744336114e-01 8.362388965497875581e-01 1.217222278312663775e-01
6.214424144701542474e-01 7.829188458811090490e-01 -1.544052961422454420e-02
6.870615724638936550e-01 7.009553187757402437e-01 -1.882457243891767495e-01
6.994990217556836809e-01 6.229088736839337725e-01 -3.493093991296474798e-01
6.252477305994675882e-01 5.684478642613489674e-01 -5.333183173281601519e-01
6.127061560164536180e-01 5.604524150912832958e-01 -5.572108279396041919e-01
5.572272212164375293e-01 5.190924080036518617e-01 -6.480260543308538068e-01
4.964169837619678560e-01 4.675297057812056178e-01 -7.313484562661459742e-01
3.883924012298399231e-01 4.195772858203663525e-01 -8.202283763749672607e-01
2.169701468075286091e-02 3.687482527546834254e-01 -9.189910471079653087e-01
-1.307446037675623896e-01 3.167896702463544600e-01 -9.393243428546583784e-01
-2.711181887744356089e-01 2.801636234878519538e-01 -9.206717271733282359e-01
-3.825211106712470555e-01 2.520241276576392631e-01 -8.888272151374045915e-01
