-2.089799687465809797e-17 9.921535976791806544e-01 -1.250249519586330016e-01
-3.580953217647556142e-02 9.928623567466764444e-01 -1.137629902944602700e-01
-7.559944721772358933e-02 9.910490396015653181e-01 -1.100296536629536692e-01
-7.871978637268731149e-02 9.902941913479412772e-01 -1.145452304374376951e-01
-7.564045393007740037e-02 9.874837425017263248e-01 -1.383993497962905661e-01
-4.753666406017725832e-02 9.863145874789930323e-01 -1.578727338591877638e-01
-1.713531681631165048e-03 9.881258949483620047e-01 -1.536368430477352276e-01
1.749448391119689805e-01 9.720364590254013670e-01 -1.566506482381943843e-01
2.289209257779869500e-01 9.619890085489837261e-01 -1.489038521056201825e-01
3.496016937586817752e-01 9.230271796945065388e-01 -1.606221692863910033e-01
5.053417866252838397e-01 8.524732706544899674e-01 -1.338618747440909751e-01
6.622198872114440915e-01 7.473106108902490829e-01 -5.469617749445210286e-02
8.549443847493700677e-01 4.520575452961251850e-01 2.543896120645705028e-01
8.936127644875007103e-01 4.073647338192818990e-01 1.884415049434492728e-01
9.286513835384836435e-01 2.298001363633883909e-01 2.912018289424507800e-01
9.140352550628352279e-01 1.106749650407347907e-01 3.902442883828663445e-01
8.514188672948853620e-01 3.939951060574025526e-02 5.230043890621973723e-01
6.274554931347608999e-01 2.015315682462349295e-02 7.783915816637638763e-01
4.466702713513285850e-01 4.680376630054288584e-02 8.934736012613997413e-01
2.783662924080731460e-01 8.873488892672125317e-02 9.563672551578422665e-01
1.213683387294164917e-01 1.618729550603818790e-01 9.793195968498134008e-01
-7.633360147151455055e-02 2.512837240995030585e-01 9.648987881063342265e-01
-1.080687183926893752e-01 2.668838908964982215e-01 9.576503228657669009e-01
-1.315642952761843509e-01 3.143443488583129164e-01 9.401481088367535932e-01
-1.081879658995345272e-01 3.819875813052903690e-01 9.178130810590220401e-01
-5.622314806636349860e-02 4.811215894730909159e-01 8.748491148560386677e-01
6.787777084005459927e-02 6.231066424453152175e-01 7.791859343996855314e-01
9.386323008444424909e-02 6.457687010739484590e-01 7.577416965901904167e-01
1.841076021087278969e-01 7.184499195674354244e-01 6.707712754131023303e-01
2.891276986481912115e-01 8.125801565223317313e-01 5.060816763137583330e-01
4.082191640077617589e-01 8.681945663663386270e-01 2.821264061883766439e-01
5.618753592084031467e-01 8.266904784286369656e-01 2.964681416036339667e-02
6.003330080679641911e-01 7.935833318691148941e-01 -9.912504629801595357e-02
5.822772536548835864e-01 7.873825379503552879e-01 -2.024399634632039480e-01
5.382983609136848813e-01 7.876981746048166144e-01 -2.996105144381285279e-01
4.959222427414966550e-01 7.866692956975870343e-01 -3.677125893424189051e-01
4.862389000242806625e-01 7.806589508998315052e-01 -3.926109199744093892e-01
4.596936280368762451e-01 7.495803907125915266e-01 -4.762467912768048595e-01
4.209994157129232084e-01 7.247070802153615654e-01 -5.454898164540772365e-01
3.436103157841082223e-01 6.919098314770720792e-01 -6.349745947611726837e-01
2.363491981006888287e-01 6.114879801433549256e-01 -7.551301256719674670e-01
2.107335587091238582e-01 5.891717366024872282e-01 -7.800436090518257926e-01
1.460186363742203841e-01 5.300341876115408635e-01 -8.353097136956968427e-01
9.135337346060203034e-02 4.666226809768550532e-01 -8.797259998177501261e-01
4.964734058032974073e-02 4.122415004199471711e-01 -9.097208840654430473e-01
-2.233477428915448676e-02 3.337136356009871574e-01 -9.424098722272724604e-01
-3.747060138348484032e-02 3.177204914053626261e-01 -9.474437415346068647e-01
-8.645268254736628022e-02 2.677367267115355887e-01 -9.596056371500518711e-01
-1.412618152945131489e-01 2.132910935373091843e-01 -9.667223018826852643e-01
