6.776263578034402713e-20 9.834536023953076578e-01 -1.811601830858321494e-01
-5.801461042950437422e-03 9.857174509449426747e-01 -1.683076051531000317e-01
-1.782119869986419428e-02 9.900131063438456502e-01 -1.398443926094628531e-01
-4.087931822728429337e-02 9.967589574941352337e-01 -6.928536639491350568e-02
1.987920121671795173e-02 9.977772984604033057e-01 -6.360251595687532733e-02
7.674859767702606195e-02 9.942559889235659254e-01 -7.459679111216518943e-02
2.559605539713379896e-01 9.586594105111146957e-01 -1.243234871179520196e-01
3.263536308349758164e-01 9.347201103890450113e-01 -1.406827028284566017e-01
3.884884896590521386e-01 9.120707240967212970e-01 -1.311628287591845854e-01
4.544579049936103288e-01 8.846390026241388593e-01 -1.043160947552539131e-01
7.103657577149091740e-01 7.028080753350778309e-01 3.796445060746464484e-02
8.200723319929157373e-01 5.656554964242757055e-01 8.669042429650183901e-02
8.895235670947211348e-01 4.342901875897233199e-01 1.419149623766510770e-01
9.292365719327133622e-01 3.202645792580073314e-01 1.842552377964624954e-01
9.428608957712907301e-01 1.999401653377159971e-02 3.325861851132817515e-01
9.293916781056115184e-01 -1.126875218401732631e-01 3.514720914803277085e-01
8.936412552642651885e-01 -2.119819484563272849e-01 3.955615760136052539e-01
7.892332990351501598e-01 -3.170430583799353497e-01 5.259225216961049831e-01
7.604885867773234498e-01 -2.937412471985434981e-01 5.791141416643817985e-01
7.258730686390792997e-01 -3.016487187966143679e-01 6.181555942259582270e-01
6.808129656185135659e-01 -3.450205513978786831e-01 6.461072085643594365e-01
6.341892642790752932e-01 -4.026606204967014269e-01 6.600518174919121073e-01
6.089461692840822948e-01 -3.960147860284400911e-01 6.872822216244871552e-01
5.972535887977621361e-01 -3.942776208251565495e-01 6.984506484961179318e-01
5.498895179905765040e-01 -3.848589277480065074e-01 7.412861281156865045e-01
3.663585628161331598e-01 -2.627496697178893226e-01 8.926051840060293951e-01
2.660758704892321469e-01 -1.650658757060442239e-01 9.497141084667501953e-01
1.501057165470617294e-01 -8.691792621046637302e-02 9.848418898296138480e-01
2.819310524541692939e-02 -3.693642057194725797e-02 9.989198414547348914e-01
-1.297171073233592542e-02 -3.603201939181462782e-02 9.992664450982153834e-01
-9.186365264281344534e-02 -3.784651476992220015e-02 9.950521145361637121e-01
-2.331499040872249129e-01 4.654709281684309141e-02 9.713261503606387404e-01
-2.862351002671231770e-01 7.098986906714110923e-02 9.555259838774139425e-01
-4.067429409829091402e-01 1.138340761245123928e-01 9.064226293917490018e-01
-4.385391118023150292e-01 1.246196307222219857e-01 8.900299967182530025e-01
-5.038785749396382796e-01 1.922365362802219702e-01 8.421113322095732379e-01
-5.571143520945939231e-01 2.686263498702751717e-01 7.857884466226220388e-01
-6.046732538574698390e-01 3.644453416466436058e-01 7.082018420065576692e-01
-5.678685046157856409e-01 4.135017192537291386e-01 7.117174226050964059e-01
-5.267332056787539241e-01 4.452917125174444823e-01 7.240631331580590357e-01
-4.873508860795301434e-01 4.581848808769761194e-01 7.433409236502774853e-01
-3.472583950156922228e-01 5.387236056183943855e-01 7.675861409904702892e-01
-2.939601750380882450e-01 5.949756704371610416e-01 7.480583981745192457e-01
-2.579105143994155913e-01 6.178172972894429016e-01 7.428216163603458266e-01
-2.101379338700196109e-01 6.584913068450323204e-01 7.226556908780008559e-01
-1.454307478658606878e-01 7.119410255298075363e-01 6.870151917845359613e-01
-8.646021267521830644e-02 7.596780070714116428e-01 6.445261493501752703e-01
2.989003826186459323e-02 8.487216190363606749e-01 5.279945065935844895e-01
6.198906398214961561e-02 8.681280721121064081e-01 4.924540652259195017e-01
9.294050757279652408e-02 8.840202869319584433e-01 4.581159180216826110e-01
1.464942996891063498e-01 9.075616381716828940e-01 3.935369017992209617e-01
1.949494582347586769e-01 9.249276480963833924e-01 3.263488233790136639e-01
2.625526571230186179e-01 9.365776441392253959e-01 2.321387919677810330e-01
2.780088779336568616e-01 9.359753889810770167e-01 2.160118862743219403e-01
3.102660397629551925e-01 9.309460704912748685e-01 1.925471329484467198e-01
3.449875794081723734e-01 9.258759686774494790e-01 1.540690127173028612e-01
3.851300185722229541e-01 9.185288801490919530e-01 8.932841164273758183e-02
4.477076140484291256e-01 8.927906767145987743e-01 -4.982669861180583082e-02
4.785576888949493179e-01 8.715700017252555609e-01 -1.065282614716091120e-01
5.099844855742258209e-01 8.455779189285153041e-01 -1.578410830364301853e-01
5.389097154273090329e-01 8.166233304483644373e-01 -2.066462068015724185e-01
5.965596495151279655e-01 7.514900542580138509e-01 -2.817432925939409305e-01
6.187789844325288779e-01 7.229004352637984354e-01 -3.074532958354149748e-01
6.293088777908073528e-01 6.976855187172765760e-01 -3.423525278216584811e-01
6.283226495836856662e-01 6.731233291243534644e-01 -3.900200402654775966e-01
6.574297846214148811e-01 6.034150710679917484e-01 -4.513051410084428228e-01
6.666286316706486748e-01 5.819086052296771339e-01 -4.658203973599377434e-01
6.724333351928188929e-01 5.623030134585212947e-01 -4.812990035071006978e-01
6.690739634295235216e-01 5.311124316281295998e-01 -5.198649982743249742e-01
6.597277051545757942e-01 4.997127306408750136e-01 -5.612900692929791990e-01
5.477329353089903652e-01 3.912000516340548018e-01 -7.395614586897496512e-01
4.540415444811261581e-01 3.213545225205360345e-01 -8.310099558614154613e-01
3.342842936434938794e-01 2.920423186411376659e-01 -8.960833081505192865e-01
2.674656205326073066e-01 2.711995664253264993e-01 -9.246150209702533873e-01
2.065779925735200251e-01 2.539421401515499221e-01 -9.449015411351306959e-01
1.395529614475545244e-01 2.348235998790148826e-01 -9.619682156345280566e-01
