5.644627560502657460e-18 9.998224999077999220e-01 1.884061246661372646e-02
-2.307225117391621151e-03 9.999592522539865191e-01 8.727573769731999248e-03
-7.093759384971112109e-03 9.999615662764221868e-01 -5.152140117700650807e-03
5.064711943205752603e-03 9.994939126386765960e-01 -3.140489279017264629e-02
1.420588558798256511e-02 9.990396818634331710e-01 -4.144764018459408395e-02
4.824789202151268108e-02 9.972007696386192555e-01 -5.712062628881033749e-02
8.289889479214400392e-02 9.935336638337405324e-01 -7.757984320263115741e-02
1.213303963902482852e-01 9.868501231706416910e-01 -1.067977963718082374e-01
2.333238233044391263e-01 9.625311095089045255e-01 -1.381805221663160721e-01
2.724931469186280264e-01 9.516854323386271242e-01 -1.415709107014002377e-01
3.683610932361557344e-01 9.172478888764131755e-01 -1.515467430914547720e-01
4.716237983925422594e-01 8.675169511208961071e-01 -1.580674928873596063e-01
5.713219331283265756e-01 8.037245362525966552e-01 -1.661869987455715236e-01
6.963452263205491821e-01 7.064564906788886045e-01 -1.265802218288957226e-01
7.197030602010547895e-01 6.845160438064292752e-01 -1.160400401104358381e-01
7.833850903415597866e-01 6.156847919588033236e-01 -8.508840803065662040e-02
8.355159362533595147e-01 5.455088492170088177e-01 -6.582716530891200013e-02
8.849792983505911925e-01 4.640165460679055998e-01 -3.873353154705225232e-02
9.545276617961746535e-01 2.927343414302553959e-01 5.642294048808632612e-02
9.662536415426949965e-01 2.434666929209046426e-01 8.413007573774766712e-02
9.741545777117978089e-01 1.187375801387588192e-01 1.921568260196360733e-01
9.717652917679364677e-01 2.447192203500098487e-02 2.346771031589798273e-01
9.655416447705551519e-01 -3.012089321232918129e-02 2.584996402431977147e-01
9.316708085838422138e-01 -5.450513089333452327e-02 3.591917247641293054e-01
9.122843274368844790e-01 -5.490419882731802786e-02 4.058606101411689204e-01
8.453400902795463745e-01 -5.432708972619306603e-02 5.314590286071452230e-01
7.487492866062945840e-01 -3.359576998507045331e-02 6.620013822082815302e-01
6.469556668438714020e-01 1.297901425702819092e-02 7.624171498120420054e-01
4.677699016395110987e-01 1.163876214595801623e-01 8.761536627162748170e-01
4.284356641844628832e-01 1.352880727966543073e-01 8.933868249609377976e-01
3.101757991021726890e-01 1.883352243132788706e-01 9.318373339452523663e-01
1.861282000424187566e-01 2.476877964581528646e-01 9.507928526417697146e-01
6.707529758625806193e-02 3.195232387765797877e-01 9.452014623007308769e-01
-1.059091513966511494e-01 4.382013518485568526e-01 8.926157218470547328e-01
-1.476298727944714007e-01 4.658623970605054732e-01 8.724549545184141497e-01
-2.177355504447290035e-01 5.340192756282556852e-01 8.169544928146267315e-01
-2.574916024870458342e-01 6.157586960785585983e-01 7.446739574151135521e-01
-2.637965738209732125e-01 7.117967358444449166e-01 6.509660317416795516e-01
-2.329817556747998397e-01 8.353432114281815757e-01 4.979168812598544491e-01
-2.132442602406261767e-01 8.660690879701743450e-01 4.521628250275984695e-01
-1.620330078510377747e-01 9.109989434533564134e-01 3.792442872260751163e-01
-5.052511687395413315e-02 9.508764860053637857e-01 3.054195817673853730e-01
1.249600966493016330e-01 9.589700721423058960e-01 2.544825632155923167e-01
4.012669157658543817e-01 8.840347516016446860e-01 2.397236331119166619e-01
4.412796103883694920e-01 8.747063922136352199e-01 2.004021778227347561e-01
5.454201953125409341e-01 8.327268503479251516e-01 9.530374208211198073e-02
6.252640891132750234e-01 7.781228176769287019e-01 -5.974696206388686870e-02
6.774148550034561067e-01 6.992605358435071139e-01 -2.283502074281913707e-01
6.843716343552528336e-01 5.113430401901282174e-01 -5.197727978059614173e-01
6.851603340953806853e-01 4.631680400133478259e-01 -5.621660638036595214e-01
6.506005106760928136e-01 3.473922398285422264e-01 -6.753055658107047776e-01
6.160892478955377616e-01 2.272356826420635634e-01 -7.541869683054105433e-01
5.355700982475747329e-01 9.867149367126124004e-02 -8.387065077843174343e-01
4.167436786369250190e-01 -8.001671293156924214e-02 -9.054954621464372799e-01
3.732809117621253558e-01 -1.445911265343013674e-01 -9.163813436782626276e-01
2.998341443578969590e-01 -2.579340977974589610e-01 -9.184603894946032909e-01
2.196590786022409036e-01 -3.721977862343502363e-01 -9.017863921738139554e-01
1.497183558549257387e-01 -4.663561159844580306e-01 -8.718350686936082727e-01
3.496704824252502841e-02 -6.082051003139229417e-01 -7.930093703666658556e-01
1.124715431376940161e-02 -6.296478798752774830e-01 -7.767992333212040412e-01
-3.514027624447222525e-02 -6.948385331468178716e-01 -7.183067407729378795e-01
-6.799576624214050125e-02 -7.528442745064314323e-01 -6.546770762108823360e-01
-8.473759278614942381e-02 -7.981116670497865329e-01 -5.965210032243788429e-01
