-3.309527131512002285e-17 8.099753241934661840e-01 -5.864639581403867652e-01
1.168457045884484496e-03 7.901325756647622489e-01 -6.129348640610197130e-01
2.951017560911279886e-03 7.595973217751016415e-01 -6.503869619291641202e-01
2.441018173605796499e-03 7.334132691205093035e-01 -6.797786537603572876e-01
-1.145233768410930386e-02 7.171776689631625956e-01 -6.967962651321641943e-01
-2.503610450147321365e-02 7.016989676108439378e-01 -7.120335331466259854e-01
-1.557149908217122375e-02 6.931005891866665047e-01 -7.206726730530510494e-01
-1.353490807258238109e-02 6.920256602241421362e-01 -7.217460023130070068e-01
2.696430209895590152e-02 6.996956815397946672e-01 -7.139319853087395806e-01
1.051195316123154089e-01 7.015309007326723245e-01 -7.048434431778543008e-01
2.061684506688490903e-01 6.886094978535736155e-01 -6.952061057086994511e-01
3.024869548512648110e-01 6.640437495313176175e-01 -6.837744809900394571e-01
4.165512022407805159e-01 6.179347149826636132e-01 -6.668146548562461362e-01
5.487051988991734630e-01 5.644049115422903329e-01 -6.167411941227521899e-01
7.095061467004942779e-01 5.110636667263684929e-01 -4.851957917649495355e-01
8.416749954719864313e-01 4.326114121134538859e-01 -3.231571879232076894e-01
9.210415820252220165e-01 3.437133817552437964e-01 -1.831488885656979149e-01
9.636435356112402761e-01 2.642158238441104645e-01 -3.976348456871457715e-02
9.744946191679749736e-01 2.054207412542775890e-01 9.034686643822691099e-02
9.677266174502962004e-01 1.570446609615738509e-01 1.970841656289835930e-01
9.467694867833649219e-01 1.129548502173360197e-01 3.014444239131703895e-01
9.066001475130972542e-01 8.406781552014179482e-02 4.135320724235321821e-01
8.541498229791328889e-01 6.509595308508941969e-02 5.159366209106113210e-01
7.954500999522485793e-01 5.793543076416414472e-02 6.032434204764510755e-01
7.453813275210994238e-01 5.868447115947201392e-02 6.640503063982554632e-01
6.871220444240181413e-01 6.241621210684014653e-02 7.238560026226151800e-01
6.199449710809128433e-01 6.549390644608744927e-02 7.819071434958997369e-01
5.293860033658330799e-01 7.226458799590471105e-02 8.452977515421016275e-01
4.201037115230171759e-01 8.981593558020491141e-02 9.030204700229325088e-01
2.920939271331005616e-01 1.122890909072121191e-01 9.497748669001486732e-01
1.526588599201086083e-01 1.237179500021464984e-01 9.805045340716986857e-01
1.936830905353553386e-02 1.212513014167354020e-01 9.924328644846235337e-01
-1.030019765760432776e-01 1.101931374816026155e-01 9.885585795861512315e-01
-2.146020545927322110e-01 9.451746477381164913e-02 9.721174862213463053e-01
-3.149222209111802173e-01 7.666111671243541759e-02 9.460164205555696704e-01
-4.034085631016711693e-01 6.826597107668262721e-02 9.124698835628509697e-01
-4.854536308167517467e-01 7.979956004399267611e-02 8.706128890291127131e-01
-5.582842293031660130e-01 1.090927435654067135e-01 8.224460423716210000e-01
-6.150413754658500265e-01 1.523358206388887026e-01 7.736393890019765962e-01
-6.554882312336980377e-01 2.110069910760171974e-01 7.251284220268596759e-01
-6.887498563167120391e-01 2.836695054758102130e-01 6.671995556704291008e-01
-7.039362827277960699e-01 3.580959861926574783e-01 6.133848502629327681e-01
-7.066417459200905471e-01 4.525062149165585690e-01 5.439628373196975231e-01
-6.854271104187699137e-01 5.529069759345188739e-01 4.737969525713742192e-01
-6.428856706985004443e-01 6.564636342021237247e-01 3.946561938962567240e-01
-5.754476502014608252e-01 7.575319529579502831e-01 3.082293660982535766e-01
-4.796534849149635682e-01 8.443804830053620591e-01 2.386506533168573641e-01
-3.709515714197155201e-01 9.014226595688424881e-01 2.232310920931010190e-01
-2.545239739103182242e-01 9.473573279678827452e-01 1.942463380618889013e-01
-1.432176435120313673e-01 9.830098769934969560e-01 1.148054368054540475e-01
-3.446590741114812645e-02 9.984613329549820726e-01 4.344039387582468437e-02
7.231006415098124862e-02 9.973563915517794642e-01 -7.175155280193218355e-03
1.637897714608267941e-01 9.809859145411483627e-01 -1.041131415176640707e-01
2.472736007919826007e-01 9.433759537564112563e-01 -2.211279634635770486e-01
3.306839143807029369e-01 8.845001376061690790e-01 -3.291012843252427711e-01
4.218817075511653303e-01 7.695703511109566186e-01 -4.793509148052941815e-01
4.769154331406909031e-01 6.355182971300584738e-01 -6.071805033473475222e-01
5.064048331220146748e-01 4.725622943420384470e-01 -7.212759686533672943e-01
5.052040002541623442e-01 3.088482183682525473e-01 -8.058422278200296773e-01
4.786506154551332104e-01 1.587104540101393624e-01 -8.635418809254811201e-01
4.375415683740478956e-01 2.005713603339158088e-02 -8.989744641751046261e-01
3.938448210085710444e-01 -6.303254909440643428e-02 -9.170131704176269771e-01
3.477157397421597462e-01 -1.092872709620516525e-01 -9.312089221765595948e-01
3.042154139004172864e-01 -1.296434033917863993e-01 -9.437402025464383115e-01
2.732135452682546983e-01 -1.302834450850005599e-01 -9.530900181088537426e-01
2.724240120603930726e-01 -1.888237766906647463e-01 -9.434674021974436275e-01
2.771802084280703404e-01 -2.518841227078792433e-01 -9.272138484640171097e-01
2.686597082863559915e-01 -2.737581400802058806e-01 -9.235141806617354066e-01
2.562401883030520633e-01 -2.822804084835506266e-01 -9.244775480695983649e-01
