-4.065758146820641628e-20 9.750502771694439241e-01 2.219841368021384098e-01
1.961084411837757564e-03 9.865856810929698462e-01 1.632324967959832285e-01
2.128356155851245622e-03 9.900393591352221190e-01 1.407747756637973136e-01
-3.746773783161214816e-03 9.945467725890476673e-01 1.042241757891483600e-01
-5.544721749081938690e-03 9.970604408795171736e-01 7.641814767362717364e-02
7.112685368410211727e-03 9.982900652026591715e-01 5.802030183065627622e-02
3.435362173961329507e-02 9.990637567142303110e-01 2.629522187434189112e-02
3.810770334008349580e-02 9.990793427302491203e-01 1.970456484771469785e-02
5.278023330227402110e-02 9.986060999683272765e-01 -3.226121581161103813e-04
9.886710736463501237e-02 9.915059142003419534e-01 -8.450631448060140494e-02
1.121334035561787901e-01 9.878636573145035404e-01 -1.074778784872508081e-01
1.249371985241425204e-01 9.836807503796909380e-01 -1.294715326138810019e-01
1.415096245756220228e-01 9.752914084682272611e-01 -1.696516864653216938e-01
1.461944619124379841e-01 9.728450306930864766e-01 -1.794428197557667581e-01
1.612582891678207841e-01 9.661729919455495086e-01 -2.012598166789701937e-01
1.792025952488540130e-01 9.579103163639126617e-01 -2.242638081805989059e-01
1.997528712317979682e-01 9.454947265827280400e-01 -2.571740897503191903e-01
2.427265457821755901e-01 9.164347272953093926e-01 -3.181685317246594202e-01
2.473220668085719665e-01 9.129963128187195132e-01 -3.244526591799782866e-01
2.640479710270557390e-01 8.964639841461815584e-01 -3.558524892778605064e-01
2.933100426893662793e-01 8.725562598603285869e-01 -3.906594325446616778e-01
3.333816582675601659e-01 8.426194155306924172e-01 -4.229056520093881777e-01
3.837554802035527679e-01 7.968202067961795976e-01 -4.667004279567719127e-01
3.901605756930695557e-01 7.895672433863532014e-01 -4.736647478397856825e-01
4.176608462088686191e-01 7.550928519852919685e-01 -5.053654147493770177e-01
4.468189893055745654e-01 7.214903691990430801e-01 -5.289654411669759693e-01
4.630327951714885981e-01 7.004997340679157691e-01 -5.430476527584459090e-01
4.771122597134548338e-01 6.950589241044826672e-01 -5.378261649026011559e-01
4.788419376785134074e-01 6.955542313974564239e-01 -5.356442008510691188e-01
4.929930614301542002e-01 7.045471766291737659e-01 -5.104616707310982715e-01
5.027124922120590478e-01 7.108283287791404836e-01 -4.919382452899906388e-01
5.083946502841286685e-01 7.109062718564594929e-01 -4.859497424607079896e-01
5.229880358220541092e-01 7.092452383105640745e-01 -4.727099600397490775e-01
5.250651959199156282e-01 7.081402397393111725e-01 -4.720634924409334854e-01
5.351312516657964480e-01 7.073529337329215183e-01 -4.618293739359019545e-01
5.458648715016815034e-01 7.055641755858113040e-01 -4.518968202923843158e-01
5.592360307263473107e-01 6.989342891232233068e-01 -4.458092881774157190e-01
6.055984333100148387e-01 6.868141520781569920e-01 -4.019164814704891397e-01
6.700466199941048639e-01 6.695329129545309899e-01 -3.205670062640506579e-01
8.195072620947506659e-01 5.379360960762735733e-01 -1.975667074994770511e-01
8.621268447219673225e-01 4.824551225694361789e-01 -1.548365535532726933e-01
9.423391404683320038e-01 3.322757375516573464e-01 -3.987202748679108399e-02
9.801548545219471720e-01 1.965396267106897799e-01 2.585800242639690882e-02
9.945579081947909517e-01 7.853712583885538723e-02 6.845792220169684417e-02
9.707215553903922878e-01 -1.902394311995529719e-01 1.466581764421203971e-01
9.380676987751400686e-01 -3.074201528285995799e-01 1.597555700110444565e-01
9.181675058489573438e-01 -3.668490025706659940e-01 1.496336877712118318e-01
9.113393999388731403e-01 -3.781800337616855745e-01 1.626049205376801920e-01
8.715751991440747748e-01 -4.054269127072991918e-01 2.756550211579580356e-01
8.376629775915509502e-01 -4.214527333939299680e-01 3.474166511369914945e-01
7.215774651532029793e-01 -4.322587777631123340e-01 5.408126393029459855e-01
5.535275961178549586e-01 -4.175619499088447650e-01 7.205894936260951456e-01
3.841495334792812688e-01 -3.986564067276487378e-01 8.327677979500948124e-01
8.828692237768345774e-02 -3.475495638878283167e-01 9.334959667713929043e-01
1.251531606332190356e-03 -3.267249236284435754e-01 9.451186475509972817e-01
-2.270119783228805033e-01 -2.455687742024552089e-01 9.424232270241621467e-01
-4.301794778841062650e-01 -1.299245409910657068e-01 8.933449672190574287e-01
-5.726088598420737696e-01 -9.776845516873943973e-03 8.197703989057543161e-01
-7.165358872903355714e-01 1.641907570756850898e-01 6.779511173498902199e-01
-7.489407714346415501e-01 2.144754517560105989e-01 6.269673049505368745e-01
-7.865008987253484518e-01 3.351896161142063346e-01 5.187140421787616029e-01
-7.795067665928221423e-01 4.630249375187746597e-01 4.218733317854289622e-01
-7.321259936888387942e-01 5.999168792051005061e-01 3.226317830126840258e-01
-5.995086039742623107e-01 7.702653223649148506e-01 2.174414103221952999e-01
-5.601382675158471658e-01 8.135119993282656781e-01 1.563436861957435975e-01
-4.255951542701703061e-01 8.978766430068151339e-01 1.126334701789932641e-01
-2.779882706196649123e-01 9.545384354303972918e-01 1.076052818591047289e-01
-1.374356111025505922e-01 9.818697000311398249e-01 1.305501626258193937e-01
8.499915543304689680e-02 9.861629632116691857e-01 1.423297353515732000e-01
1.469383143845188755e-01 9.812198727899410500e-01 1.249667676141468786e-01
2.747343845914813620e-01 9.542723733170866973e-01 1.178357138006755622e-01
3.946393284338025609e-01 9.134801004717402195e-01 9.906516287503261409e-02
4.971509173819423921e-01 8.623941632091758347e-01 9.548441029319200413e-02
5.885904428576420599e-01 7.992195809281457120e-01 1.216936811740195468e-01
6.789357010379168944e-01 7.320210183252826575e-01 5.649373935374416705e-02
7.441028948160589573e-01 6.680597019045314555e-01 -2.667698931619735814e-03
8.036842609837313578e-01 5.931195207705626249e-01 -4.796710047451228226e-02
8.481240388437171207e-01 5.217940398274006908e-01 -9.174200093753256957e-02
8.623688698824781840e-01 4.930953541768590132e-01 -1.147906962554690186e-01
8.907876195743819059e-01 4.236037461168680740e-01 -1.644909817855139678e-01
9.072751248437548321e-01 3.556152761150758179e-01 -2.244763311205610901e-01
9.072456023484237742e-01 3.054260128753931713e-01 -2.891718652955120872e-01
8.671138560388989003e-01 2.500761393631373286e-01 -4.307847318401387127e-01
8.417041301855704427e-01 2.274076762959790776e-01 -4.897141063827092911e-01
8.124247847141649048e-01 2.059421974507909536e-01 -5.454849039994436044e-01
7.654759741530637873e-01 1.663380693703463975e-01 -6.215932590308261840e-01
7.150447447666994361e-01 1.442669939196928319e-01 -6.840307357472331651e-01
6.302722385719262688e-01 1.447851787834972814e-01 -7.627543230229267834e-01
5.536311165144806035e-01 1.335526438755309520e-01 -8.219831373822611420e-01
5.072915706518936751e-01 1.278659214618271533e-01 -8.522356296672022324e-01
4.579782173065140571e-01 1.207749843828694603e-01 -8.807209294777008646e-01
3.425121529284634314e-01 1.162446809896159755e-01 -9.322942664405542423e-01
