1.299687354266998440e-17 9.913920088853457324e-01 1.309270205812327892e-01
-4.288668873772652490e-02 9.880370768327312314e-01 1.481332735510320076e-01
-1.075534072087850901e-01 9.785769766601107866e-01 1.755544512353317543e-01
-1.719832834453497716e-01 9.633780670569984661e-01 2.057290697224821996e-01
-2.175175023241600059e-01 9.474046684301938859e-01 2.347563213618184264e-01
-1.811630612669458407e-01 9.483868325700173241e-01 2.602736272467863210e-01
-1.478975236572661889e-01 9.546308783570748302e-01 2.584689702522292576e-01
-1.403493012886145030e-01 9.576597744201638118e-01 2.513758741114965889e-01
-1.407980366275621842e-01 9.580379814652956183e-01 2.496780706264078442e-01
-1.416268141499734678e-01 9.593046999334550184e-01 2.442874090069165893e-01
-9.621843275808057705e-02 9.699112519106104502e-01 2.236384953776327511e-01
-6.050315873668489497e-02 9.744166083573098103e-01 2.164523992482422221e-01
-2.162654963398891877e-02 9.797840240524751110e-01 1.988857927617455612e-01
2.019002750263300741e-02 9.845216282049145118e-01 1.740963135341673795e-01
1.476309656180863628e-01 9.814179727647660556e-01 1.225718594334295752e-01
2.099781103785956504e-01 9.717550439681473806e-01 1.077094595859531961e-01
2.808319863171481190e-01 9.557520604202581760e-01 8.758649703919096918e-02
3.533648280061281732e-01 9.331377851038251681e-01 6.623573310326397179e-02
5.089774042743213656e-01 8.580746853643063110e-01 6.818970798530357702e-02
5.821494398814467397e-01 8.095222209999780594e-01 7.599870625859850293e-02
6.559722685390454444e-01 7.503526630986331325e-01 8.167780536062205221e-02
7.328897693199926122e-01 6.741277420889876248e-01 9.178438523022947049e-02
8.327350795981672826e-01 5.386277222076695237e-01 1.281891730061945067e-01
8.662196414474282458e-01 4.694394276553071621e-01 1.711436721977949715e-01
8.865387566062884472e-01 3.953759752194943577e-01 2.402641697261786446e-01
8.894680398172916114e-01 3.068164739477152181e-01 3.386890276608854333e-01
8.568451587326227914e-01 2.412828582975391212e-01 4.556302846039060883e-01
8.036248435425310532e-01 2.282066791033766640e-01 5.496442690084663019e-01
7.454517772625580685e-01 2.119591855910691047e-01 6.319611945520583474e-01
6.577076567214126257e-01 1.884464674272326168e-01 7.293206203064779292e-01
6.323126067149528184e-01 1.812239895640929133e-01 7.532188480088738425e-01
5.749813662178698825e-01 1.634385855828897893e-01 8.016759053663120582e-01
5.016809814510604371e-01 1.481561539996637811e-01 8.522710524723507985e-01
4.256457747703148442e-01 1.306310822504407609e-01 8.954111875391421727e-01
3.160607422617802698e-01 1.430939331740100351e-01 9.378857784878308346e-01
2.443691291224207307e-01 1.445744180832908288e-01 9.588440782357824377e-01
8.595573096141687075e-02 1.992331083595146324e-01 9.761750769448553910e-01
-3.266882964157781424e-03 2.399851753238556318e-01 9.707710559655539084e-01
-9.626047162316400674e-02 2.833601380227331323e-01 9.541702960072817596e-01
-1.789430472482554657e-01 3.260725845521154631e-01 9.282543053738088190e-01
-2.368228345333598106e-01 4.330123260028002630e-01 8.697213752537242826e-01
-2.551783385570346452e-01 5.254521090192380006e-01 8.116551587087375008e-01
-2.209725050603541519e-01 5.989046253534928699e-01 7.697300836900841103e-01
-1.186413687082295831e-01 6.559225925780075572e-01 7.454460263337535642e-01
-3.046002102856958452e-02 6.686472701314389866e-01 7.429555944097286924e-01
1.034132212994591932e-01 6.484876793468946632e-01 7.541680418817469089e-01
1.734459680936275006e-01 6.457341543174597298e-01 7.436019755890777017e-01
2.350376180543294335e-01 6.538605347591160966e-01 7.191826744185861875e-01
2.705415552209454177e-01 7.462174826727893118e-01 6.082489091253000524e-01
2.961331262416476151e-01 8.050811595082669747e-01 5.139547627439332578e-01
3.241246082156079011e-01 8.385357903073848984e-01 4.379508724990147095e-01
3.462402540507199533e-01 8.647299099470006079e-01 3.638129592495916720e-01
3.270834912265828121e-01 9.169397664103292600e-01 2.285560205778899290e-01
3.011634873941193558e-01 9.420931376015224679e-01 1.475163514486817207e-01
2.766627794580768240e-01 9.553194627988830234e-01 1.040309110802403736e-01
2.500844337825229302e-01 9.662185578419030252e-01 6.228542736136943175e-02
2.267748612818054899e-01 9.735282246183591948e-01 2.856498139407225023e-02
2.124120161558459563e-01 9.771594654739859109e-01 6.365094437866841703e-03
1.911164778922932461e-01 9.812949253357254875e-01 -2.312490839760365791e-02
1.676657795905726889e-01 9.837436250575216645e-01 -6.431692244636733058e-02
1.423996146022225018e-01 9.819146595080947559e-01 -1.247635812416469508e-01
7.417615542329764056e-02 9.711978519424361300e-01 -2.264346050165842172e-01
3.029895043774948754e-02 9.565477803826444303e-01 -2.899970990327440656e-01
-1.275848657526077205e-03 9.393390279598956560e-01 -3.429877005980849769e-01
-2.831811469233278325e-02 9.222352675452146764e-01 -3.855907100489819328e-01
-7.145365302322900791e-02 8.975350328383561171e-01 -4.351152034777542310e-01
-8.918599474634265889e-02 8.877788693097707906e-01 -4.515468276360387057e-01
-1.346185295533750825e-01 8.642622155922233818e-01 -4.846944132136336569e-01
-1.872322812450043505e-01 8.310320215872529781e-01 -5.237650732498256856e-01
-2.363215421224483248e-01 7.925308354479522199e-01 -5.621805791674403530e-01
-2.991321332460012972e-01 7.401453851343233747e-01 -6.022497619128303059e-01
-3.423942587543310490e-01 7.003740369985858027e-01 -6.262925673120953718e-01
-3.772687109380662429e-01 6.624408082036212786e-01 -6.471788743258413135e-01
-4.093255820064508055e-01 6.233044962016404122e-01 -6.662912823457168843e-01
-4.354054499925552046e-01 5.659355684129174779e-01 -7.000992976156514835e-01
-4.419543157157072577e-01 5.483113147396947440e-01 -7.099514666149289166e-01
-4.728679889903744660e-01 5.032828366928302488e-01 -7.232580806867056067e-01
-4.975449298395772102e-01 4.656772325967308279e-01 -7.318427138613740057e-01
-5.236458722727868054e-01 4.189641246532848640e-01 -7.417978583854087926e-01
-5.627660503625825372e-01 3.321987063403986085e-01 -7.569269397141741296e-01
-5.726928481405761939e-01 3.084343500075223399e-01 -7.595335104023206441e-01
-6.005336917237404926e-01 2.495501340899326514e-01 -7.596604607851801250e-01
-6.270415205149646454e-01 1.934197181156860346e-01 -7.545911105985344536e-01
-6.531277237200177055e-01 1.354640918064858035e-01 -7.450326545456597005e-01
-6.744624623758529447e-01 8.487542827044845806e-02 -7.334143089153695172e-01
-6.900255690925557461e-01 6.870280808272338779e-02 -7.205169242703761689e-01
-6.889403051621311169e-01 8.352472644323792605e-02 -7.199894971426261669e-01
-6.779305165633500163e-01 1.133706402383551776e-01 -7.263314068963938608e-01
-6.548177432204493886e-01 1.679584089842985906e-01 -7.368878449364874017e-01
-6.312893239725346772e-01 2.262280988288052352e-01 -7.418184661617724940e-01
-6.125896491323292725e-01 2.665249068018466505e-01 -7.441091289792084451e-01
-5.931400788202053631e-01 3.025638007839667742e-01 -7.460831008355039984e-01
