-6.207057437479512885e-18 9.835530797873509590e-01 -1.806193213386017293e-01
-1.789794419086852481e-02 9.818776439456537997e-01 -1.886689055288989225e-01
-5.840365048267053688e-02 9.743699476987317531e-01 -2.172377007608693178e-01
-6.972823318251485103e-02 9.714399225323312459e-01 -2.268092820138161714e-01
-7.843508768354229277e-02 9.683762882984704445e-01 -2.368444664359982688e-01
-7.816007630114391036e-02 9.674199433887500366e-01 -2.408104142397233249e-01
-7.670162852157572098e-02 9.659540753291687709e-01 -2.470821412751416091e-01
-7.774775660365466912e-02 9.628170318969692110e-01 -2.587250460087107684e-01
-8.238907905877630722e-02 9.599367134822811565e-01 -2.678311889244486266e-01
-3.808419184280854852e-02 9.608226572369497065e-01 -2.745349079294057693e-01
-1.120240166448731485e-02 9.582302718462479829e-01 -2.857783272300635780e-01
1.972335038507202348e-02 9.497374499328307129e-01 -3.124256161787499764e-01
1.106682615986889495e-01 9.283791950288712291e-01 -3.547740211913341657e-01
1.270457836979183297e-01 9.241884923373354654e-01 -3.601874504696470636e-01
1.626074475463408775e-01 9.130815772442717471e-01 -3.739530068064397250e-01
2.153263971713843261e-01 8.939003484782472864e-01 -3.931624469244992537e-01
2.872683373040931798e-01 8.624721268871922142e-01 -4.166758125032277715e-01
5.277853202564710688e-01 7.513210440889560582e-01 -3.961809491013611462e-01
6.215969031176915571e-01 7.073120013981298859e-01 -3.366407918132728883e-01
6.984701043196214210e-01 6.522188052531898705e-01 -2.945337730139598320e-01
7.851207819111535313e-01 5.631419728064954722e-01 -2.577915364685726685e-01
9.251671988231544574e-01 3.462174166444484391e-01 -1.555607747273151653e-01
9.439330553999334406e-01 2.984795321498751597e-01 -1.410686209294532423e-01
9.864478211060609958e-01 1.613005099115397134e-01 -3.004732496217035753e-02
9.944039726652688094e-01 3.355818445540500322e-02 1.001727877399279654e-01
9.796171708238442521e-01 -8.273268655287041584e-02 1.830450797012368180e-01
9.141908224701640329e-01 -2.951332514447391198e-01 2.777615956229038119e-01
8.460408614923822235e-01 -4.049330293859814134e-01 3.467623139810896982e-01
7.750063992161305704e-01 -4.856371668435837674e-01 4.043780698235064364e-01
7.462371607702613652e-01 -5.330048713115812520e-01 3.987930629332256949e-01
7.300444017469931435e-01 -5.676862636467860934e-01 3.804832158514048768e-01
7.100595530582946013e-01 -5.470704412199299815e-01 4.433163243713073021e-01
6.751127929046391030e-01 -4.991237197018127958e-01 5.432294444224504693e-01
6.179674484735793172e-01 -4.379690964782992912e-01 6.529160000773730488e-01
5.658708228665418893e-01 -3.373528967865180861e-01 7.523185727190893068e-01
5.068378099966601713e-01 -2.680229016999483016e-01 8.193162750257858562e-01
3.899191949930573275e-01 -5.724531688117596995e-02 9.190680035074334508e-01
3.557523598525161312e-01 5.828228664483507682e-02 9.327611878304193915e-01
3.173490394295959138e-01 1.894686530192537244e-01 9.291884721068069952e-01
3.001094310290896572e-01 2.374009360974598526e-01 9.238912949841262545e-01
2.572891189901750364e-01 4.083596301639904058e-01 8.758108938016176959e-01
2.616230693536152341e-01 5.502538750075365304e-01 7.929527366881229389e-01
2.873938492873241435e-01 6.118551110806172977e-01 7.369111876178433551e-01
3.287319138546914710e-01 6.412582838833016385e-01 6.933420095194542387e-01
4.238636691284349833e-01 7.640593084401521295e-01 4.863671074188065102e-01
5.055394242757749179e-01 8.066397794074791072e-01 3.062060691435944393e-01
5.826431054548524280e-01 7.837970259831871234e-01 2.149168065225173507e-01
6.701113388746934296e-01 7.388414308654921436e-01 7.116272583451158096e-02
7.509085142664863044e-01 6.445575398517314758e-01 -1.438123117899916259e-01
7.806950904562149907e-01 5.949782416468756274e-01 -1.910917782228076789e-01
8.015475500217532634e-01 5.568856139971209984e-01 -2.177152681305903614e-01
7.230810021630310613e-01 3.809112420540018418e-01 -5.762469001979829697e-01
6.029177640461822474e-01 2.491527408492456852e-01 -7.579004430166675910e-01
4.110244018737175820e-01 1.214735868413725772e-01 -9.034949411946058273e-01
2.493063907712646798e-01 -2.153928499099901778e-02 -9.681850973458959730e-01
1.334622068368315415e-02 -2.270953177193613670e-01 -9.737810816931106173e-01
-4.724059257766262399e-02 -2.656497928182866564e-01 -9.629114777530241032e-01
-2.125810625529524212e-02 -2.714419511259757445e-01 -9.622200164657570554e-01
1.266377676977961924e-03 -2.987147566931265263e-01 -9.543416004876583703e-01
-6.969078532702481510e-02 -4.839392691838736993e-01 -8.723221756795367376e-01
-1.063364264062651859e-01 -5.124261845506427049e-01 -8.521220392678596767e-01
