4.011548038196366406e-18 9.969707549380432132e-01 7.777733473363956929e-02
9.142176010746927775e-03 9.940153805926972286e-01 1.088569876624525951e-01
1.936914702478702288e-02 9.895431502912480637e-01 1.429307169757593754e-01
2.969388044365819934e-02 9.848645946370228055e-01 1.707630044671581970e-01
3.123904360159549670e-02 9.782686328322041103e-01 2.049746427523843617e-01
2.765711237509660414e-02 9.728166927686512366e-01 2.299190431559222370e-01
2.642510972709993106e-02 9.657475628154326142e-01 2.581343806856478129e-01
2.366854701091081203e-02 9.588785237330555988e-01 2.828281750567080977e-01
2.233906489408946788e-02 9.526949362437300284e-01 3.031061276767808010e-01
4.134992316132967555e-03 9.344352834541189701e-01 3.561089761218688698e-01
-3.800957620331961353e-03 9.254588903092642038e-01 3.788289786548984517e-01
3.082560893158504609e-02 9.304981398771796641e-01 3.649972513856858392e-01
4.889176856083300715e-02 9.483787513708142880e-01 3.133485900962840742e-01
6.440452640792776462e-02 9.691463668217175087e-01 2.379230477579576952e-01
8.838935264356280463e-02 9.873118956289264059e-01 1.319186987840151870e-01
1.163905499608376692e-01 9.930219883713421458e-01 1.898869376338437054e-02
1.578347476992158771e-01 9.811437543419483376e-01 -1.115577237779232789e-01
2.112981794591327622e-01 9.575668650341289112e-01 -1.960070874891158832e-01
2.748064813595673117e-01 9.287058430749274285e-01 -2.489715944465591968e-01
3.551837217483708176e-01 8.833462378643631707e-01 -3.058495510146312379e-01
4.096221514390129270e-01 8.451160128739764188e-01 -3.434947129643588504e-01
4.650845553020122591e-01 7.920093253827441560e-01 -3.954966307395043623e-01
5.146036856808180460e-01 7.304784703142785940e-01 -4.489813482663052024e-01
5.511898345597192606e-01 6.673978292912374766e-01 -5.007693118945826249e-01
5.831949611922708776e-01 6.000745159090989933e-01 -5.475346679402188776e-01
6.036471062241584029e-01 5.525861183678578703e-01 -5.746814360446518277e-01
6.166553540958462643e-01 5.066840282688162000e-01 -6.025010122499478982e-01
6.211923021955301216e-01 4.763432954609979619e-01 -6.222677788238545338e-01
6.216899663331739712e-01 4.695309922034922034e-01 -6.269308040932913828e-01
6.115172139571863896e-01 4.739185775772294940e-01 -6.335991468280368633e-01
6.003082740336938006e-01 4.813475085698838973e-01 -6.386975435370429999e-01
5.831282162389512802e-01 4.988470407392311401e-01 -6.411810301090409281e-01
5.591534265921662694e-01 5.297948179385781886e-01 -6.377028276679254093e-01
5.290541423810386501e-01 5.573731894246000129e-01 -6.398725202257964373e-01
4.922710501299535912e-01 6.004132038062502952e-01 -6.302167864307222089e-01
4.580169240337532699e-01 6.649719307482157005e-01 -5.899430723516034814e-01
4.293539989025489390e-01 7.451077467355256001e-01 -5.103622139041036343e-01
4.678455262369482504e-01 7.853573785192073942e-01 -4.053817356338481614e-01
5.642065562247955413e-01 7.614051374960268959e-01 -3.192697582102207443e-01
7.044967147194821644e-01 6.647966240994251930e-01 -2.484548802810358226e-01
7.866583535792648352e-01 5.818365101511762116e-01 -2.064822273200788982e-01
8.834445009567820639e-01 4.365142835551577560e-01 -1.702383446276119761e-01
9.435500208897634744e-01 3.013576090024912557e-01 -1.374661761133578186e-01
9.818304475853554258e-01 1.476372081768165534e-01 -1.192150450073138079e-01
9.960177557301980178e-01 -9.334416925051533531e-03 -8.866509420763550586e-02
9.949107246179540454e-01 -9.646409187833869525e-02 -2.910891647356517176e-02
9.764119692433025355e-01 -2.110829551384833525e-01 4.542744069855698952e-02
9.469926733829271415e-01 -3.114336077275544068e-01 7.882883061961845628e-02
9.255299926247398945e-01 -3.667601688770249502e-01 9.424017867844264318e-02
8.887230188095923689e-01 -3.957763530094715043e-01 2.313708586587501226e-01
8.674804020058263232e-01 -4.311531550535648294e-01 2.481626664572383067e-01
8.437096537489272574e-01 -4.600760840525616180e-01 2.765574389773761688e-01
7.814861822137861846e-01 -4.365091693040571430e-01 4.458016286672836781e-01
6.900901864801505248e-01 -4.120463265132680575e-01 5.949734106081652207e-01
5.874823942966447277e-01 -3.861225762549055918e-01 7.111777502831175823e-01
4.467292202096975196e-01 -3.470831826444029655e-01 8.246006719232452653e-01
2.426802576197246430e-01 -2.716228251223650192e-01 9.313041036279015028e-01
1.256822546993585643e-01 -2.319583981477517931e-01 9.645720669718849116e-01
2.191494138290674826e-02 -2.040438688747230056e-01 9.787164221156292587e-01
-8.434310006590120534e-02 -1.747241935493013265e-01 9.809983168486171579e-01
-2.788196808542190985e-01 -5.579649624459181306e-02 9.587211985635754052e-01
-4.037476278824665976e-01 1.056687512387828425e-02 9.148093758425291933e-01
-4.876982991177413185e-01 6.952914346811459034e-02 8.702390862551810935e-01
-5.258536157612202500e-01 1.389800451565910699e-01 8.391439220057087534e-01
-5.862072952166396123e-01 2.419938008056603529e-01 7.731752759927220664e-01
-6.294117972295231178e-01 2.946882409951253057e-01 7.190268632864148524e-01
-6.462349338045215719e-01 3.504143683130130360e-01 6.779308082765213017e-01
-6.356753792459842733e-01 4.348946874504580618e-01 6.377957533943310331e-01
-5.603685860752244396e-01 6.235930644870966155e-01 5.450859910726427726e-01
-4.920577419539667874e-01 7.171299692304966555e-01 4.935623423789848307e-01
-4.130415136950520982e-01 7.990689224586917661e-01 4.369045263272119950e-01
-3.154565068250020365e-01 8.788750367149552600e-01 3.578629097029385475e-01
-8.629996917369209264e-02 9.686479472703222182e-01 2.329666705123514259e-01
3.858155999335716874e-02 9.791427287634444365e-01 1.994767654092947096e-01
1.303480490030196060e-01 9.757827748481799901e-01 1.756626381183319652e-01
2.225009649779090271e-01 9.697260976558325085e-01 1.006211514001407875e-01
3.781967640553001719e-01 9.243607363947941025e-01 -5.024377244767426476e-02
4.729799893502988350e-01 8.748556959852077375e-01 -1.044865583528752223e-01
5.445125095984771901e-01 8.184658146212085983e-01 -1.833571301782662144e-01
5.779554170893201892e-01 7.535627874485004707e-01 -3.132262141487458518e-01
5.394287133124701095e-01 6.075277520527055941e-01 -5.830323264964294427e-01
4.737817177534178747e-01 5.102956640643959707e-01 -7.177250303282572963e-01
4.444855336877915897e-01 4.397554203361109249e-01 -7.804151335201601203e-01
4.007482000488248874e-01 3.718256351111770552e-01 -8.373449571304510952e-01
3.249422636132885400e-01 2.412829559292910542e-01 -9.144370183319877610e-01
2.681985535257166431e-01 1.619548558434411589e-01 -9.496526525816917363e-01
2.205337723005065809e-01 9.665191135535422529e-02 -9.705788290016763575e-01
1.908295254221811788e-01 3.877636453700316482e-02 -9.808570159714609105e-01
1.218435502271286580e-01 -5.438487233904044232e-02 -9.910582399277629850e-01
7.822971841034778717e-02 -1.127441698757846444e-01 -9.905396828580155244e-01
3.548474973240171859e-02 -1.549480137813933345e-01 -9.872851389348619167e-01
-1.435276623723307464e-02 -1.933879843828801570e-01 -9.810173727297933910e-01
-8.680058337640567112e-02 -2.616082491485973160e-01 -9.612631183515369937e-01
-1.256750941956705780e-01 -2.957833055264365019e-01 -9.469519559464271152e-01
