-8.971772977317549191e-18 9.977671920545648776e-01 -6.678795145495471097e-02
-3.679331513668597509e-02 9.979566065264070529e-01 -5.223852459201361320e-02
-1.042831786164828134e-01 9.944298859774861610e-01 -1.530426517173799628e-02
-1.327948208469194313e-01 9.911434738551794243e-01 3.870278052434811267e-04
-1.880373180923083642e-01 9.816799450668610705e-01 3.076446746129940513e-02
-2.511451116804347961e-01 9.649050184913194883e-01 7.671009170434070490e-02
-3.104699192420916076e-01 9.409513058280640774e-01 1.349780326803978747e-01
-3.429517019741907813e-01 9.264039868176985326e-01 1.554341768121776379e-01
-3.071320838076064264e-01 9.450914973693712584e-01 1.116778612622821992e-01
-2.572069760408645656e-01 9.650416089521448582e-01 5.039111496057213646e-02
-1.692770992685341813e-01 9.840511856613779473e-01 -5.466742779450177447e-02
-1.358428085155363729e-01 9.869924090828732233e-01 -8.598090362050027358e-02
-7.428441331002724746e-02 9.912466842463625305e-01 -1.091413620483870084e-01
-1.026474900155978018e-02 9.936674236705057561e-01 -1.118914029939508531e-01
5.263650427138697602e-02 9.925995599544534809e-01 -1.094326824870587717e-01
1.465980047637843176e-01 9.826217528825399450e-01 -1.138574361265960316e-01
1.851715623785091802e-01 9.755520056513725669e-01 -1.183629027858240368e-01
2.512367258414233140e-01 9.581606308227292867e-01 -1.371434035229947279e-01
3.146875417505062833e-01 9.359422025675893098e-01 -1.580631029682554867e-01
3.682390453578670564e-01 9.123639324683016083e-01 -1.788632444212712169e-01
4.719180728753088472e-01 8.575758311532359901e-01 -2.045898978823035563e-01
5.580543295659325942e-01 8.013397359393470420e-01 -2.154762002110098273e-01
6.210013905836589965e-01 7.532377041289407549e-01 -2.167723090519733109e-01
6.748844624620762289e-01 7.059912112233938108e-01 -2.147262722691370140e-01
7.371802968429584935e-01 6.432197339335345987e-01 -2.069627595124322039e-01
7.603179540399064296e-01 6.172521849322188947e-01 -2.022779003276749532e-01
7.967627515740640654e-01 5.759853469785765068e-01 -1.827840194603876922e-01
8.323204505436208045e-01 5.368076939509165424e-01 -1.381309788641324476e-01
8.661167545881494068e-01 4.930075944741050820e-01 -8.237280626849821652e-02
9.125646781210966507e-01 4.085834002725624581e-01 1.689121864905129833e-02
9.219122151532481713e-01 3.849681834721198070e-01 4.332857331377854004e-02
9.357857732858948507e-01 3.419678051867224844e-01 8.580796426612202765e-02
9.426795972157284709e-01 3.165342567252542039e-01 1.056467761580227871e-01
9.449809891437036535e-01 3.022501604999817126e-01 1.251230220012412575e-01
9.354768790918560617e-01 2.781393114854444071e-01 2.179943395846875021e-01
9.206973912829594653e-01 2.640289847480095653e-01 2.874108712239126784e-01
9.056414297395173341e-01 2.652901210459375214e-01 3.308092387083454433e-01
8.913870557506887726e-01 2.787582347353740886e-01 3.573834962716334607e-01
8.818029786725198882e-01 2.733764115019096663e-01 3.843030632698754001e-01
8.756705075643698155e-01 2.447880588245835154e-01 4.162691057943784245e-01
8.570627687127206906e-01 2.496904645359880881e-01 4.506640460545836002e-01
8.214542533910725863e-01 2.679623769083545604e-01 5.033975309309142165e-01
7.519945763046268494e-01 2.890233827552147750e-01 5.924269080900677054e-01
7.018110347872598132e-01 3.101581280300323429e-01 6.412980641384640190e-01
6.585358830019436560e-01 3.191889082908190289e-01 6.815049021268777540e-01
6.090361321834211195e-01 3.182537226802924502e-01 7.264912647067366391e-01
5.160828283604705913e-01 3.103017384125373312e-01 7.983554004386855807e-01
4.510940907525272103e-01 2.962358573151528396e-01 8.418779235310230868e-01
4.127974036342666464e-01 2.926247020611940086e-01 8.625364266489884413e-01
3.696118950074184228e-01 2.926837979959480696e-01 8.818861839600915520e-01
3.165323914643835002e-01 2.873686969107140943e-01 9.040057948872211036e-01
2.894324723276415767e-01 2.782998866938197757e-01 9.158482500002476101e-01
2.763150045694808821e-01 2.784632517074256408e-01 9.198414187773316097e-01
2.661154856240125488e-01 2.912299406623403142e-01 9.188948089813685494e-01
2.536021637314974653e-01 3.225309938176965097e-01 9.119537820403355033e-01
2.389065512551134252e-01 3.330864096837817812e-01 9.121277889919567894e-01
2.009408456242164354e-01 3.579076537362133603e-01 9.118798648708411614e-01
1.574110423625612876e-01 3.768954640456156358e-01 9.127823250502674624e-01
1.330207899234905067e-01 3.842460889205598917e-01 9.135975112692591438e-01
9.820208316525591563e-02 4.055436822335827807e-01 9.087852731324550515e-01
4.681458137926473168e-02 4.302349275059860756e-01 9.015022474315873557e-01
2.007868339450990386e-02 4.408289226350025070e-01 8.973665401838905042e-01
-8.279357985224214053e-03 4.686376752960981773e-01 8.833516748862941803e-01
-4.655318296071195988e-02 5.359981759802375789e-01 8.429346098613372806e-01
-1.056598583129595426e-01 5.818637242647088925e-01 8.063935768135110926e-01
-1.491401187797089245e-01 6.066183936034240665e-01 7.808785753959290865e-01
-2.031246652437622702e-01 6.474037920422145431e-01 7.345806289434611003e-01
-2.722231810303067934e-01 7.180622520530296482e-01 6.405319210517710360e-01
-2.938956864511588218e-01 7.459380451985614391e-01 5.976635828045331333e-01
-3.213147420044807356e-01 8.065842614136595756e-01 4.961639505348766077e-01
-3.247242219972548694e-01 8.498939136018177631e-01 4.150114640234212060e-01
-3.196001686716107848e-01 8.759399070402152931e-01 3.613654818040276662e-01
-2.870086331213216879e-01 9.028908816128367043e-01 3.200220311388346506e-01
-2.528647378968693071e-01 9.262404777191068916e-01 2.795317544806465437e-01
-2.134655844787057000e-01 9.433470245000682430e-01 2.540252656922779573e-01
-1.693368075308050169e-01 9.588452390218803467e-01 2.279053602273279910e-01
-1.043421775221822778e-01 9.773492608423834938e-01 1.841226013306794806e-01
-4.358859338691764562e-02 9.887614162520018679e-01 1.430066301186261601e-01
-1.826642833173924884e-03 9.927057125804810145e-01 1.205488763366941996e-01
4.073408493664094909e-02 9.942859092693920875e-01 9.867251366370007049e-02
9.574367479387699276e-02 9.926674973082914022e-01 7.378609980651856803e-02
1.165197497124376425e-01 9.910947320519861714e-01 6.445448026128838825e-02
1.578068276995918395e-01 9.863605226981044805e-01 4.679662802076078876e-02
2.000189173659135677e-01 9.794574857254003675e-01 2.560207710801801206e-02
2.420366124450629153e-01 9.702667033036311839e-01 -8.959332686537813117e-04
3.120527221154758557e-01 9.477603512616115111e-01 -6.613180170529693591e-02
3.221288116556398906e-01 9.434598226299744095e-01 -7.820864264480481554e-02
3.469255105375362302e-01 9.272408452058679140e-01 -1.409507187643165849e-01
3.616737784585642435e-01 9.071688230038720269e-01 -2.150274506784550788e-01
3.680152011341297769e-01 8.832518312228043733e-01 -2.905701539659035770e-01
3.596335498691104471e-01 8.339848854073790285e-01 -4.184888537590734092e-01
3.589557377896520629e-01 8.169795719770823750e-01 -4.513259988966182856e-01
3.512532825179536244e-01 7.651837968452688266e-01 -5.395506357755692761e-01
3.296730396476227898e-01 7.031624581423251419e-01 -6.299827334052416905e-01
2.988765809190332967e-01 6.311000786959305442e-01 -7.158110644912796250e-01
2.421916562479447532e-01 5.151303309943592312e-01 -8.221824272833366809e-01
2.242096181247903441e-01 4.819883583302575492e-01 -8.470048816709611073e-01
1.864299392028219426e-01 4.086560772181916934e-01 -8.934450673216968175e-01
1.496161800515730667e-01 3.475944609145750208e-01 -9.256311843322269084e-01
1.116729213547520000e-01 2.905857376368115030e-01 -9.503099955899472207e-01
3.134189944794390364e-02 1.893043128122740004e-01 -9.814181384556062149e-01
1.557025902904009967e-02 1.702131352939157960e-01 -9.852842511718046259e-01
