1.241411487495902577e-17 9.995779293511111163e-01 2.905104394243016377e-02
4.389554519220300048e-04 9.999587940899760108e-01 9.067383317834206910e-03
-7.060132187250088044e-03 9.998858941285589941e-01 -1.335489633919504857e-02
-8.981084589704821722e-03 9.996900917680864307e-01 -2.321767732369392143e-02
-3.463313896505262803e-03 9.995067985759787943e-01 -3.121161734437982727e-02
2.249276162530760431e-02 9.987374092909205858e-01 -4.491840332566690575e-02
6.297777236205319429e-02 9.958633582593382494e-01 -6.549787679571331123e-02
1.451568422570952976e-01 9.830479604550743655e-01 -1.120098147086557722e-01
1.521065977715757578e-01 9.816126180215518637e-01 -1.153267144040401593e-01
1.763248372734952107e-01 9.762793104143117073e-01 -1.256513422826483206e-01
2.042420126450362472e-01 9.693488973440587131e-01 -1.365573706855927605e-01
2.442053561166402098e-01 9.580769188455821039e-01 -1.498411212561510941e-01
2.977289667757775371e-01 9.399652617401799137e-01 -1.668015859167502335e-01
3.324017066317985214e-01 9.266027872722281122e-01 -1.758305435571587139e-01
3.969002513664202092e-01 8.997923948350099455e-01 -1.812286860912196707e-01
4.532681319226377625e-01 8.714983627879397954e-01 -1.871860150793931421e-01
5.052577922907494079e-01 8.418359598352120887e-01 -1.898072181393669067e-01
5.863030118066533403e-01 7.893345688811855831e-01 -1.822078942186642625e-01
6.304344853333514465e-01 7.565523423692482874e-01 -1.737265464978691443e-01
6.993595689817426742e-01 6.966086390850931842e-01 -1.601018339235534826e-01
7.478659985724595005e-01 6.473866107854904239e-01 -1.469252338942964309e-01
7.769324737917077117e-01 6.182344472127939694e-01 -1.190046194371797289e-01
8.168985720043137055e-01 5.718603623084197451e-01 -7.518277115001938127e-02
8.385145861259419853e-01 5.425580026009039214e-01 -5.024044852265532879e-02
8.756326286493483213e-01 4.828791119072759486e-01 9.760272960969540446e-03
8.947379424020347471e-01 4.420627048912338375e-01 6.343957259013528749e-02
9.059002690378613609e-01 4.083093891479911419e-01 1.123750207596176803e-01
9.200543235294466049e-01 3.441432727404474257e-01 1.872577090062415295e-01
9.230049096514063578e-01 3.102620276663400345e-01 2.275948394576861600e-01
9.180337266070156543e-01 2.491576454432183896e-01 3.084388829723434533e-01
8.911751366860809487e-01 1.892259197096627377e-01 4.123110804508864358e-01
8.498641663787721567e-01 1.477629581879405518e-01 5.058626363874519916e-01
7.960803810096533928e-01 1.364801397282840723e-01 5.896008806228776322e-01
7.372637681591818204e-01 1.613342410119861237e-01 6.560589903635272169e-01
6.506899072131815398e-01 1.941592284204377294e-01 7.341013817383000850e-01
6.053569950989685644e-01 2.106625863026741763e-01 7.675703115786954855e-01
5.202255083278329861e-01 2.556558673744430688e-01 8.148653250458438579e-01
3.474453677168318211e-01 4.142669108663844524e-01 8.412280564825085349e-01
2.250968149828268539e-01 5.082884122476865052e-01 8.312486474330726960e-01
1.488843856482650607e-01 5.542004647137532825e-01 8.189598797384392004e-01
7.807253673244793357e-02 6.055978646267669019e-01 7.919317554989575569e-01
1.089468374651600055e-02 6.765854596611856620e-01 7.362835198760905309e-01
-1.429219719745922733e-02 7.219244116617566931e-01 6.918243107509993717e-01
-1.072187062803967549e-02 7.810900502610553797e-01 6.243263368410928438e-01
1.709047077922277308e-02 8.263372234695571805e-01 5.629162539109769936e-01
7.312916582841777480e-02 8.647583264816435245e-01 4.968351455824225882e-01
2.364432348686428542e-01 9.038697188836272156e-01 3.565306830696124418e-01
3.620580386426628383e-01 8.974051560346673062e-01 2.521467084390008884e-01
4.595012182584658489e-01 8.700663936621909622e-01 1.784463533913064892e-01
5.329903463794712914e-01 8.423705316727166936e-01 7.958126686422813123e-02
5.729459696235028598e-01 7.942089819869521117e-01 -2.023981443181564477e-01
5.768004452172109664e-01 7.670961234524050765e-01 -2.808287445784704017e-01
5.742802415589708387e-01 7.097834831770546415e-01 -4.079333415694504361e-01
5.586699682447545667e-01 6.548522103037842657e-01 -5.089758827701493793e-01
5.198268494632396486e-01 5.988339692817825632e-01 -6.092437310398417516e-01
4.721444932443315534e-01 5.170808720966882932e-01 -7.139376367798393463e-01
4.458163271110942572e-01 4.748438764229362397e-01 -7.587958193775272697e-01
4.149093722662801076e-01 4.239582891204974335e-01 -8.050525336222611461e-01
3.937150335070588869e-01 3.765384845883779086e-01 -8.385745297911348928e-01
