7.995991022080595201e-19 9.942255457476358860e-01 -1.073105967871556543e-01
-5.994498205929967103e-04 9.976460109172684554e-01 -6.857169649916823595e-02
1.239514716591014892e-02 9.995863466372271189e-01 -2.595180038410829088e-02
5.454172387473695677e-02 9.976571753940065568e-01 4.129601362873396020e-02
6.561455636647403611e-02 9.960093564287200163e-01 6.049869336834960698e-02
8.579274914503831617e-02 9.915445917052615465e-01 9.735978047521864909e-02
9.575015931825306414e-02 9.872836073214189545e-01 1.268975401847311779e-01
9.247881224352318130e-02 9.840213545560989594e-01 1.521500675767437083e-01
7.454029903735695517e-02 9.804062264731869814e-01 1.823386270432762468e-01
5.983980172863002239e-02 9.852429210067794596e-01 1.603607955053461542e-01
6.861454310741901819e-02 9.916400314899632695e-01 1.092798811343838050e-01
7.804727276045461681e-02 9.938506611809098112e-01 7.854607873677735275e-02
1.066049899770402931e-01 9.939195941946731283e-01 2.755388153947202143e-02
1.527210965683636623e-01 9.881684317333448986e-01 -1.412151509641597358e-02
2.067796362423623691e-01 9.770272474175906163e-01 -5.157460459453604151e-02
3.213352394480415430e-01 9.369702513133740807e-01 -1.372239485025195105e-01
3.433577654730242124e-01 9.270910217705652379e-01 -1.503585123688735703e-01
4.147969824580952647e-01 8.890479441200360711e-01 -1.937452358113505579e-01
4.866698302584718805e-01 8.456779226742288103e-01 -2.190464047127718694e-01
5.580479749206680440e-01 7.970054685827705487e-01 -2.310080966894873244e-01
6.694494789823807190e-01 7.058159386828819493e-01 -2.316489926406359590e-01
6.928848725885953241e-01 6.787815167373769665e-01 -2.432410447962927713e-01
7.489673443651375662e-01 6.153796461927033556e-01 -2.456741910058449496e-01
7.975628396860852121e-01 5.542691787358688948e-01 -2.380739260299902793e-01
8.422305892075451217e-01 4.934263776849144301e-01 -2.172050745444397135e-01
9.007292814106323542e-01 4.055844678731140851e-01 -1.555249209277052569e-01
9.147803195223455086e-01 3.806874343418515938e-01 -1.351075288383804529e-01
9.461222808378316751e-01 3.164311196456063846e-01 -6.873118813207741706e-02
9.681465352999064633e-01 2.502796952404274800e-01 7.236044302331018363e-03
9.779578919511502377e-01 1.849890030954438047e-01 9.683713287895397148e-02
9.489707596436433024e-01 1.202369262152834378e-01 2.915434425873213997e-01
9.377042597245940359e-01 1.116627614134547142e-01 3.290017462079382060e-01
8.978506554090899261e-01 8.456725891136715467e-02 4.321025101774868538e-01
8.593177131029199334e-01 5.159271332177146202e-02 5.088332338592529425e-01
8.300896459307642861e-01 2.254554958230180900e-02 5.571740104424923734e-01
7.783845903418614709e-01 2.363052994155718720e-02 6.273428309728369401e-01
7.642629076531198828e-01 2.744087075614313684e-02 6.443207327082868252e-01
7.226186342049347733e-01 3.602618874832044793e-02 6.903074845487803257e-01
6.769872079270646825e-01 4.621151907646702667e-02 7.345425895125229365e-01
6.324383560598012544e-01 5.438868208168032292e-02 7.726989045196025474e-01
5.684412478955320758e-01 7.019069935326735510e-02 8.197242301013613064e-01
5.491704632148325382e-01 7.236715311242444826e-02 8.325711966449531598e-01
5.142518980566774811e-01 7.721380082797714428e-02 8.541563172551041028e-01
4.821582040109617662e-01 7.171988129511767951e-02 8.731435878089800484e-01
4.482084475113666255e-01 6.730692718960687437e-02 8.913915891075836484e-01
3.932303313481279594e-01 9.518359142423742092e-02 9.144998580816867673e-01
3.837652827740599681e-01 1.026454609031676873e-01 9.177080783633333461e-01
3.446216628486549194e-01 1.327086840927184097e-01 9.293138945812697838e-01
3.102836924274715025e-01 1.604655435078463921e-01 9.370031160888983024e-01
2.741412780606808375e-01 1.850378508334607486e-01 9.437200609408440410e-01
1.879892158592512408e-01 2.540999251558407335e-01 9.487324611060907742e-01
1.671186639305142774e-01 2.650253430558563994e-01 9.496488402057918776e-01
1.071804647013109291e-01 3.027101892594128985e-01 9.470368996533036210e-01
5.577785283237250008e-02 3.351284096129016343e-01 9.405199520497888876e-01
1.252700905108117095e-02 3.691757207150387909e-01 9.292751805997865322e-01
-2.852547393668668566e-02 4.361364732844242309e-01 8.994283039840986760e-01
-4.127190798311221320e-02 4.550012842470692598e-01 8.895338447439484764e-01
-8.104003677208802825e-02 5.132162302792107056e-01 8.544247265956049775e-01
-1.349673841222732706e-01 5.717328672891821562e-01 8.092622156535429490e-01
-1.914644289425623536e-01 6.244156996683185579e-01 7.572624422598961402e-01
-2.837473878903556956e-01 7.275454886262379128e-01 6.246318770644105900e-01
-3.068428364718854273e-01 7.560654938039431672e-01 5.781110989981833592e-01
-3.380553220315668517e-01 8.022111966434731789e-01 4.921135999197545630e-01
-3.394908585926357247e-01 8.434306597642754477e-01 4.163780482946164430e-01
-3.058623792709922462e-01 8.806054791246319402e-01 3.619146240239059509e-01
-2.131513174057021454e-01 9.336849034017555837e-01 2.877481833962950430e-01
-1.917606121052901902e-01 9.434931120687667372e-01 2.702750730714869598e-01
-1.277323717416858073e-01 9.700636127842319212e-01 2.065454631824379383e-01
-6.401953627089657095e-02 9.883780990997239613e-01 1.378775985999011744e-01
1.045199947890542444e-03 9.971237949027239589e-01 7.578288194479929074e-02
1.089388524590079316e-01 9.940287102446064837e-01 6.264952861638134821e-03
1.403907696292622798e-01 9.899498520516180067e-01 -1.702122868311078605e-02
2.056608919603098162e-01 9.765441501065382779e-01 -6.375829679962141672e-02
2.429029923904309773e-01 9.620302944813819979e-01 -1.244823231942576158e-01
2.389090461687858602e-01 9.492508164901968248e-01 -2.045613723346022539e-01
1.804283157761693013e-01 9.138915627090209437e-01 -3.636589535202438550e-01
1.742938565850695176e-01 9.070591122710840448e-01 -3.832302420252037822e-01
1.538397487633426375e-01 8.816019375155264015e-01 -4.462189546279959895e-01
1.288028129925138654e-01 8.470257052041365586e-01 -5.157104711838329525e-01
9.728381981265869782e-02 8.036144454385798497e-01 -5.871453665704106095e-01
3.056466718868477983e-02 7.143177677969172468e-01 -6.991537225312285386e-01
1.434435183573073459e-02 6.899371744665330208e-01 -7.237271135307490333e-01
-3.154576794052308536e-02 6.137503804227373294e-01 -7.888696565694410801e-01
-7.349764791206990500e-02 5.304350254774713447e-01 -8.445334685482320802e-01
-1.139301262634469791e-01 4.432336492589912247e-01 -8.891365803374375876e-01
-1.803230085493238710e-01 3.236182965622813046e-01 -9.288459563985019818e-01
-2.162943163893371601e-01 2.723467089647284012e-01 -9.375734844873500062e-01
-2.942425986170305041e-01 1.799054631026463236e-01 -9.386454695490301647e-01
-3.397327122220683560e-01 1.277863021778321007e-01 -9.318005930573091122e-01
-4.603968237422035870e-01 4.624849398136944567e-02 -8.865076657832946516e-01
-4.821779398235006009e-01 4.694701272451420188e-02 -8.748145016766746274e-01
-4.967837052229778783e-01 5.690331045387780895e-02 -8.660069072959633019e-01
-5.025839393907266528e-01 1.091325215999928433e-01 -8.576126611680389145e-01
-4.935089654087845834e-01 1.276419637641781901e-01 -8.603234450760802732e-01
-4.761869480988701331e-01 1.723193309233853887e-01 -8.622946356381911981e-01
-4.559015325144623598e-01 2.245275371501426476e-01 -8.612439710745474208e-01
-4.304723071796687783e-01 2.748483167154066598e-01 -8.597394928407795511e-01
