-3.564314642046095827e-18 9.917228154417355723e-01 -1.283972637259736260e-01
-1.478299270125704029e-02 9.918374211150160491e-01 -1.266490947567681102e-01
-7.325708818424130769e-03 9.917298807758617718e-01 -1.281334365675217135e-01
4.637020861640796243e-02 9.895852383910784811e-01 -1.362749416119611590e-01
1.142548827462595562e-01 9.804000695461948522e-01 -1.605039731671928371e-01
1.903541667041384056e-01 9.563425894333407173e-01 -2.217524359602523476e-01
2.079117801493498285e-01 9.505951511612102944e-01 -2.305245111998384111e-01
2.644937881341205554e-01 9.395927942750030848e-01 -2.172749801172574324e-01
3.412615864030895674e-01 9.178632804419450952e-01 -2.026512473734075059e-01
4.644387293668089667e-01 8.774926578015764811e-01 -1.195964136940121936e-01
7.223896007076389125e-01 6.911716783577583900e-01 2.085607406915576667e-02
7.709269501185824769e-01 6.357769277855507273e-01 3.820125228873078038e-02
8.656794626233529355e-01 4.813869348246099245e-01 1.373524188804463586e-01
8.965942591607243273e-01 3.519819644896539645e-01 2.687516160212550242e-01
8.831294820066691864e-01 2.248657336577503107e-01 4.117252965718694591e-01
7.382581569255106668e-01 8.313161230716140104e-02 6.693758501530808758e-01
6.940214268150163290e-01 6.014598012643754266e-02 7.174376071800804278e-01
5.451109824322872832e-01 4.389877435444637654e-02 8.372137806091606294e-01
3.733076912473247133e-01 6.458454822170524301e-02 9.254567541417536569e-01
2.038873309598041028e-01 9.450268521532780019e-02 9.744224949995663465e-01
-1.310095722965090061e-02 1.643905485861894833e-01 9.863083252488535901e-01
-7.557607351322651046e-02 1.900452701198185324e-01 9.788621212496727564e-01
-1.762179399560870885e-01 2.687069872394663439e-01 9.469655709931180665e-01
-2.538726487187327741e-01 3.597983288346862096e-01 8.978272889594646200e-01
-2.663243852090391162e-01 4.730329966551758969e-01 8.398280216320790359e-01
-1.833232991996552597e-01 6.293393267615214892e-01 7.551983711329818272e-01
-1.308431214606682325e-01 6.760619965801472064e-01 7.251346456669227614e-01
-4.532442014780532075e-03 7.660676684880710630e-01 6.427439492259990894e-01
1.410901480912051253e-01 8.531821823309613251e-01 5.021690291770095627e-01
2.871032333017567995e-01 9.109007066170036193e-01 2.963640263465194824e-01
5.080758529586446581e-01 8.610888984578857208e-01 1.961725243072068303e-02
5.442920691893887719e-01 8.369406959696468196e-01 -5.723997595542049122e-02
5.875135213150247671e-01 7.497517948774132801e-01 -3.044669248869524836e-01
5.352793573222420775e-01 6.062566637622232024e-01 -5.881571790504527275e-01
4.721901582269982800e-01 3.911564143510727343e-01 -7.899576659451910121e-01
3.618043298485612569e-01 9.131852775672351374e-02 -9.277707439832203473e-01
3.133614588675516788e-01 9.100712713767259224e-03 -9.495903185713832073e-01
1.908536153224585918e-01 -9.841422728560321465e-02 -9.766726869254225285e-01
1.446850598323300430e-01 -1.194641592162201116e-01 -9.822395574013890185e-01
1.530167789094313280e-01 -1.442851463767434728e-01 -9.776337053862371729e-01
6.699365724660975852e-02 -3.068293988713642340e-01 -9.494037970626413303e-01
6.506467713683637688e-02 -3.472166648557152846e-01 -9.355250800676341294e-01
