-1.634434775021897934e-17 9.479203707922253530e-01 -3.185074106471159627e-01
2.761163296475467252e-02 9.501923189011278748e-01 -3.104386490537496823e-01
5.985242269800379600e-02 9.541892514594512154e-01 -2.931562039193983393e-01
9.681657705590469842e-02 9.559134404083031722e-01 -2.772292279936220405e-01
1.407054431400420746e-01 9.541780359781564247e-01 -2.640951607425481296e-01
1.907160732517596269e-01 9.489230693709228559e-01 -2.513411781206897344e-01
2.461265492610240913e-01 9.359101122102996273e-01 -2.519801254292991510e-01
3.039969199630812580e-01 9.187467356473922875e-01 -2.519728326431658338e-01
3.691642003779824766e-01 8.988216032359548358e-01 -2.362996375698292184e-01
4.327048309252645164e-01 8.742293158706974099e-01 -2.202036161514856483e-01
5.019868245904512971e-01 8.414449924469901143e-01 -1.999488750242923440e-01
5.769267988274717762e-01 7.939436852293827451e-01 -1.918564397644056396e-01
6.615333041561346494e-01 7.290653188815964247e-01 -1.756059460734273603e-01
7.422082613975560239e-01 6.552113044084625360e-01 -1.408014321254515144e-01
8.097008939789072102e-01 5.810484358401339922e-01 -8.226285612287355387e-02
8.656666689823810934e-01 5.005123195676126624e-01 -1.042286783935356120e-02
9.006974017242137531e-01 4.277159011696218816e-01 7.617938312895972119e-02
9.112182311534995360e-01 3.771414828776964989e-01 1.656672481400585650e-01
9.022395111096586096e-01 3.316400555092375857e-01 2.756424099706607511e-01
8.832869682526844901e-01 2.750818471669339016e-01 3.796499823181993527e-01
8.551146037240563436e-01 2.040429257363809146e-01 4.765978377571470359e-01
8.207698904784834770e-01 1.496198271305172744e-01 5.513172355489828202e-01
8.053851842940206174e-01 9.860343897770755539e-02 5.844929997369138208e-01
7.726816636954660922e-01 6.760449937948481702e-02 6.311835535345132753e-01
7.079041568204049728e-01 3.448458739680212992e-02 7.054661706903199159e-01
6.631694121350507620e-01 3.848452829989429218e-03 7.484594312447847564e-01
6.244455198394934792e-01 -9.813131116676863594e-03 7.810067190556504446e-01
5.802300013356646025e-01 -1.840368038487907865e-02 8.142447114340415348e-01
5.359480203142965582e-01 -3.626076648972526018e-02 8.434719179289633662e-01
5.031176507024274214e-01 -6.086646677885488438e-02 8.620718663623867517e-01
4.854058780456702582e-01 -6.384301967970631986e-02 8.719548167175226183e-01
4.439245646789058974e-01 -2.708734132219309948e-02 8.956546526506402595e-01
3.333613557062758415e-01 1.809322600946217455e-02 9.426255044789761950e-01
2.725819850090079877e-01 -3.345177468772741504e-03 9.621267438525193949e-01
2.771372465293008847e-01 -2.430352260021865704e-02 9.605229228786673623e-01
2.605319619725668390e-01 -5.995270413815177030e-03 9.654466083235210272e-01
2.330971805586705969e-01 4.214992656865797216e-02 9.715395453124155978e-01
2.098065308309907118e-01 9.180098175466440413e-02 9.734237511842126489e-01
2.043095635545765787e-01 1.349976164353287045e-01 9.695531165423165731e-01
1.860157974694335026e-01 1.775850149838907877e-01 9.663651926393985736e-01
1.292840820988036821e-01 2.391269581465849670e-01 9.623429347189241811e-01
3.864234776175781705e-02 3.195183033021242180e-01 9.467918582319934107e-01
-8.514743562894566686e-02 3.912944688342342991e-01 9.163179321968706326e-01
-2.030056972210341204e-01 4.680533084194791749e-01 8.600667342557679618e-01
-2.332655985614320859e-01 5.037463082021993444e-01 8.317612743452482693e-01
-2.477643785388868314e-01 5.853219263186560939e-01 7.720175226624437226e-01
-2.487535981257296969e-01 6.707253276546359944e-01 6.987482967865352723e-01
-2.365731496218269614e-01 7.543178468684968996e-01 6.124032419686261663e-01
-1.840957827141885272e-01 8.277716329923178185e-01 5.300027041441218723e-01
-9.771743180609358814e-02 8.834866717349997289e-01 4.581512898463068195e-01
-3.412417932930345010e-02 9.129249648418809038e-01 4.066983513041967369e-01
1.031241804967450611e-02 9.271986194243956314e-01 3.744280627456543220e-01
1.005004376232125907e-01 9.505248899926884709e-01 2.939423337015790172e-01
2.205686212880436370e-01 9.558795128535142460e-01 1.940202056746148651e-01
3.250227345983998095e-01 9.410458554413212440e-01 9.377057081456680043e-02
4.108603841203048446e-01 9.113661574352225347e-01 2.460633744125055589e-02
4.851323581175909228e-01 8.738021249215447428e-01 -3.341319484662766404e-02
5.346962629101128517e-01 8.394950368655016426e-01 -9.668500146428843367e-02
5.445423793327176520e-01 8.226590653749078497e-01 -1.634186625423960093e-01
5.425373285722320249e-01 8.134460140253335636e-01 -2.096636100328401475e-01
5.637349841477614643e-01 7.829699084203748383e-01 -2.629847717190352263e-01
6.085064858690368839e-01 7.271476566459154078e-01 -3.177674339665247927e-01
6.325040908030953313e-01 6.855456810099050946e-01 -3.605075510527004368e-01
6.129169856351712742e-01 6.794028124034410254e-01 -4.034161464520105711e-01
5.818529783618721085e-01 6.842489443060287835e-01 -4.396026544363715871e-01
5.495620232668660954e-01 6.791092237268466780e-01 -4.866130339725273091e-01
5.463665145095086828e-01 6.502269033443135449e-01 -5.279096570342273198e-01
5.492142276209465157e-01 6.159740242469057270e-01 -5.647474954630604671e-01
5.272828154794126920e-01 6.048525695419960657e-01 -5.967631034326337236e-01
5.052565970883234892e-01 5.935400147316154396e-01 -6.264391606621679820e-01
4.789217595690171692e-01 5.699423415500681767e-01 -6.676823163149836482e-01
4.648704931899165227e-01 5.333909497064536209e-01 -7.066749743217253243e-01
4.477720709862743620e-01 4.987504651285745161e-01 -7.421240772126269647e-01
4.170363917450145008e-01 4.830110704063969029e-01 -7.699226934083486240e-01
3.756408175409474692e-01 4.752923559341680759e-01 -7.956074110940124511e-01
3.277317528358006937e-01 4.694322254261393268e-01 -8.198934588802595513e-01
2.797887717465116220e-01 4.611654068825722375e-01 -8.420479266047806721e-01
2.324916977928085104e-01 4.412285605948187417e-01 -8.667554255802741858e-01
1.804945078561690508e-01 4.120289390999151702e-01 -8.931147104252383784e-01
1.318647460245123970e-01 3.841176573495714286e-01 -9.138190816940559014e-01
8.708750672709474061e-02 3.489100788007870602e-01 -9.331010251217637386e-01
5.164643833020555325e-02 3.114084856225285969e-01 -9.488716459511725709e-01
2.342186143737191514e-02 2.782325403641768280e-01 -9.602281342937757369e-01
-1.580023109343977814e-02 2.440311068718670762e-01 -9.696386809406302154e-01
-6.950801827005960443e-02 2.056740739501501380e-01 -9.761489695230525232e-01
-1.291950985737414237e-01 1.609992482309489381e-01 -9.784619913791187118e-01
-1.874743992665954540e-01 1.134512319410265063e-01 -9.756957351504068621e-01
-2.304557147438143772e-01 6.777487113862494528e-02 -9.707196971237681549e-01
-2.537289514164509097e-01 1.399471457073107362e-02 -9.671741141992957758e-01
-2.726052734296128266e-01 -4.504525345417416393e-02 -9.610709079145073330e-01
-3.078345056860207762e-01 -1.069040746227688660e-01 -9.454149543655911980e-01
-3.227408871679673386e-01 -1.938330064256649499e-01 -9.264270534532235146e-01
-2.974256574390576890e-01 -2.004323156790222826e-01 -9.334692630871619379e-01
-2.699527334415127711e-01 -2.254644486536411807e-01 -9.361043232999006758e-01
-2.574149892590942845e-01 -2.596703580074731232e-01 -9.307571264712460879e-01
-2.569935714971198770e-01 -2.905220931715103427e-01 -9.217110271600309490e-01
-2.630992607620812329e-01 -3.224340039643323053e-01 -9.092937325605928711e-01
-2.763412848684860257e-01 -3.464198034615492139e-01 -8.964534645183184214e-01
-2.881621161944206144e-01 -3.656763923151100104e-01 -8.850103789751614380e-01
-3.013853567374277231e-01 -3.851291714887007389e-01 -8.722627975631428443e-01
-3.115330521040126088e-01 -3.675755365231083149e-01 -8.762621653343867223e-01
-2.925278126871395656e-01 -3.608103982353292882e-01 -8.855751438075377679e-01
-2.773943164129554773e-01 -3.576902566420409046e-01 -8.916894490376905402e-01
