8.131516293641283255e-18 5.037286667410677543e-01 -8.638619278005406077e-01
-6.263117759917826918e-03 5.330935555873809184e-01 -8.460331165782633001e-01
-2.670384334261628398e-02 5.916290751336619191e-01 -8.057679208104656654e-01
-6.987628721384069042e-02 6.593802320124221295e-01 -7.485552846092619061e-01
-1.395731976901710414e-01 7.308395766256863268e-01 -6.681263620933751701e-01
-2.306889686410864282e-01 7.910368301828296644e-01 -5.666068593315940483e-01
-3.667700619594200240e-01 8.705127962887766468e-01 -3.281572689241816776e-01
-3.594666963616144906e-01 9.093257385728933384e-01 -2.095480741398707547e-01
-2.829265314883090410e-01 9.368763996215312417e-01 -2.054633534530951877e-01
-1.561829813124472610e-01 9.551965605633646605e-01 -2.514088443875311940e-01
-4.775891910762214768e-03 9.564399602938089551e-01 -2.918900361602529414e-01
1.220224348026369560e-01 9.411207661845116812e-01 -3.152811901479596890e-01
2.474284589201003470e-01 9.067411965017498909e-01 -3.414667777149030803e-01
3.597629861717708266e-01 8.518012723300180111e-01 -3.807954650960703180e-01
4.576941242343878224e-01 7.713648466858841202e-01 -4.421677983962414293e-01
6.533089465789289063e-01 5.809083423569508797e-01 -4.855233445469224751e-01
7.836318552077898847e-01 4.817697866373636950e-01 -3.921976391909907100e-01
8.956029112400086811e-01 3.537086717689519322e-01 -2.697880666261298077e-01
9.731205214958613681e-01 1.828017765394774619e-01 -1.400712716356705134e-01
9.997179729060614584e-01 -1.904591555768637284e-02 -1.418547669854594573e-02
9.866416437924014904e-01 -1.444346556357068712e-01 7.534518555304296761e-02
9.559845146105266922e-01 -2.516563475582729303e-01 1.508730942166474631e-01
9.119743040771480791e-01 -3.569593799314551563e-01 2.021951279876759988e-01
8.633330217562659170e-01 -4.441906018690959801e-01 2.394802763410074364e-01
8.136024441449879463e-01 -4.136631452592710034e-01 4.085754093622242511e-01
7.938544443479587098e-01 -3.805208007066737119e-01 4.743406385906080436e-01
7.554743456035881710e-01 -3.382763178539695548e-01 5.610950417834668080e-01
6.886605232881262140e-01 -2.940885098439498524e-01 6.627658953524157015e-01
6.043923431515516587e-01 -2.510117286589160779e-01 7.561104467043421318e-01
5.457620791307385977e-01 -2.294031005697843850e-01 8.059267773388988365e-01
4.736152799146641224e-01 -2.014128307768674464e-01 8.573922312628003972e-01
3.845032234968084883e-01 -1.680883522207234915e-01 9.076913445485119691e-01
3.176639175769091494e-01 -1.395143744361246330e-01 9.378834548041603547e-01
2.713947721336269492e-01 -3.680842326803131226e-02 9.617640134851471734e-01
2.396350668727152133e-01 9.248068260174904798e-02 9.664483214690912094e-01
2.179256032733384307e-01 1.835588885281441429e-01 9.585481552223987789e-01
2.270023732312247411e-01 2.512830921287724228e-01 9.409180252060189709e-01
2.916072753396971584e-01 4.304427957997242205e-01 8.542155445278870607e-01
3.114812929366691518e-01 4.709644010234808054e-01 8.253314104764793990e-01
3.546755276338735552e-01 5.270512476719071415e-01 7.722837900831011071e-01
4.150280602337058644e-01 5.593704666549511595e-01 7.175349400920271181e-01
4.667947271525750841e-01 5.717647338275059221e-01 6.746760495628358889e-01
6.521548394992005004e-01 6.557381399072340633e-01 3.803965788342118515e-01
7.124620135955805900e-01 6.552458390635187424e-01 2.510991230037968314e-01
7.570975437134088715e-01 6.426889607800740922e-01 1.172783398354151074e-01
7.657166375868399433e-01 6.431707427641738528e-01 -3.070272770396891004e-03
6.585281550773268711e-01 7.199782701235969418e-01 -2.190250203065502999e-01
6.079026590847769196e-01 7.384171815971755093e-01 -2.918808369861602414e-01
5.821799889905442393e-01 7.374721184284883657e-01 -3.423468050961884779e-01
5.524686691767157765e-01 7.302715908094531416e-01 -4.018479479041032754e-01
4.777665902277560828e-01 7.065915929108539384e-01 -5.219841052080470556e-01
4.579634731806801473e-01 6.989995096300358757e-01 -5.492441558808414115e-01
3.912079535395248664e-01 6.884929657404187386e-01 -6.106830382558365855e-01
3.578586024091622297e-01 6.850560421077734885e-01 -6.345356096023242465e-01
2.830292350407089819e-01 6.718926990917217790e-01 -6.844374719574551902e-01
2.929290503911945870e-02 6.402372846031584297e-01 -7.676184893020382427e-01
-8.198999128221000354e-02 6.306003644494752036e-01 -7.717647450394014008e-01
-1.918160907135699478e-01 6.148306182052498681e-01 -7.649770573427112641e-01
-3.383686705880406542e-01 5.706647287900692422e-01 -7.482301852233967931e-01
-3.504969547401176611e-01 5.642802725897677618e-01 -7.474889020473289847e-01
-4.191728667626231641e-01 5.252234466784644340e-01 -7.405635953982605546e-01
-4.752971563092739382e-01 4.924749819656379368e-01 -7.290823035448481537e-01
-5.230893201219551925e-01 4.638461044049523307e-01 -7.149995486730748029e-01
