-2.846030702774449139e-19 9.747396015757054943e-01 -2.233443394192245190e-01
-1.437224837848424981e-02 9.748111776843211285e-01 -2.225646047578617448e-01
-2.263508081893484541e-02 9.751247741640129973e-01 -2.204977062759123918e-01
-4.452439683679779159e-02 9.759433472171861190e-01 -2.134221861402979259e-01
-7.857059087903318917e-02 9.775791477449290445e-01 -1.952887323422346222e-01
-8.289338930814832418e-02 9.820478404121281146e-01 -1.691427659711929876e-01
1.537853579441695595e-01 9.748317275415723238e-01 -1.438907134912753294e-01
2.711754507883998855e-01 9.571585142243229649e-01 -1.003661937914901298e-01
3.798837559025953214e-01 9.247376772358557595e-01 2.475890909573479808e-04
5.132355705730631268e-01 8.435334518355992461e-01 1.523689581164506535e-01
7.391824211095259223e-01 5.537572660588353513e-01 3.448758477102063513e-01
7.728885024200777831e-01 5.041711898834063676e-01 3.849459601888610139e-01
8.212925524014031975e-01 3.100370632934144055e-01 4.764715792033966668e-01
7.735960921448183925e-01 1.831096348753510072e-01 6.058376628915841389e-01
6.505669786544123756e-01 1.528148076164940194e-01 7.432172352515480362e-01
3.303923861882406832e-01 2.020504415436447099e-01 9.087837872210342560e-01
6.877195319172726973e-02 2.855545710789876290e-01 9.533766525079668819e-01
-1.169133878892919254e-01 3.798074761558293821e-01 9.166354571333310552e-01
-2.035730954544704152e-01 4.792079921513936469e-01 8.535652122509953532e-01
-1.772153921882294314e-01 6.161702834075978297e-01 7.665098078544420046e-01
-1.085114084666688183e-01 6.978410095138499747e-01 7.076268909145829733e-01
-2.501370294302763739e-02 7.806128706193826705e-01 6.237671278351099025e-01
1.123473113256060474e-01 8.547649073068617209e-01 5.046512465020844829e-01
4.266930546373700617e-01 8.457833565111894103e-01 2.915591366095761638e-01
4.855960063155642104e-01 8.339157197799904608e-01 2.621199286353028679e-01
6.137818051507420991e-01 7.769327845996684134e-01 1.370230036483026381e-01
6.660818408889991327e-01 7.454524503800807889e-01 -1.469638941923185824e-02
6.903824359803898414e-01 7.043602155100057161e-01 -1.639479193708879012e-01
7.016699616623676139e-01 6.239087127135711786e-01 -3.427537639425444760e-01
7.234490319932117552e-01 5.848754779143918725e-01 -3.667971880754684610e-01
7.296741259662180568e-01 5.454755765506998921e-01 -4.123393290997816596e-01
7.094608923549590163e-01 4.978309515847162414e-01 -4.987725401165062356e-01
6.425101843698980408e-01 4.579030786669006092e-01 -6.142386059770192919e-01
4.071705292833900924e-01 4.172347019687176473e-01 -8.082324672315592817e-01
2.582447313622240337e-01 3.928042748212433044e-01 -8.823933089910779293e-01
1.565982787039608970e-01 3.654882683093945150e-01 -9.174361324624882297e-01
-4.200854019930608772e-03 3.479521521003293150e-01 -9.371609140656029791e-01
-1.679790969104313914e-01 3.332547198375994668e-01 -9.273869207247747992e-01
