-1.626303258728256651e-18 9.794655339687646789e-01 -2.016116756720273129e-01
7.942754719377774150e-03 9.786642617186979143e-01 -2.053123851161037516e-01
2.207418674797452171e-02 9.769061292299393573e-01 -2.125256336360216436e-01
6.964064523294175024e-02 9.706169988968345042e-01 -2.303319821128666511e-01
8.384635463667108879e-02 9.687690149665332262e-01 -2.333589176674297772e-01
1.316245523274180429e-01 9.622038685506365541e-01 -2.384086671469726748e-01
1.888995831083989663e-01 9.516009193305730030e-01 -2.424306866522499548e-01
2.663765694090774461e-01 9.323123325184631272e-01 -2.446165119198482341e-01
4.198507051994987416e-01 8.664636044411082594e-01 -2.701225786979057353e-01
4.376709920809507270e-01 8.606197522782808029e-01 -2.603415922962497575e-01
5.249333269000513447e-01 8.188994199485741809e-01 -2.320533178334939217e-01
6.124277012506783580e-01 7.652192005619752324e-01 -1.984235012091598582e-01
7.096027999034191236e-01 6.855675377318084518e-01 -1.626684283368272643e-01
8.657861203196001165e-01 4.974802438903075941e-01 -5.410915634876325986e-02
8.841266700277484736e-01 4.659227857100235459e-01 -3.515663666871748916e-02
9.396105705778944328e-01 3.408149473770125115e-01 3.125935544262267718e-02
9.672554712302330326e-01 2.278702802569052555e-01 1.117675657371999948e-01
9.761642845483422537e-01 9.528354900008184636e-02 1.949982945109317023e-01
9.078785894224690178e-01 -1.708235661730568566e-01 3.828521595971310365e-01
8.778618386419191344e-01 -2.219219442652665131e-01 4.243927931878120341e-01
8.138554816294656380e-01 -2.948616665485451205e-01 5.006953690837225857e-01
7.135507028752746672e-01 -3.416490578686361967e-01 6.116545721922420631e-01
5.832360320054514879e-01 -3.817230876120644711e-01 7.170238596828196753e-01
3.167423951928278747e-01 -4.474629388851201206e-01 8.363319756004801153e-01
2.908447370587453062e-01 -4.535074041444591697e-01 8.424609031352040533e-01
1.378540410253033532e-01 -4.684107400210179017e-01 8.726898887955312212e-01
2.206475439561155286e-02 -4.286870393522682621e-01 9.031835743108088677e-01
-6.985787125551352894e-02 -3.469610503731792583e-01 9.352742417855782753e-01
-1.981240583357365137e-01 -2.741112196783401234e-01 9.410684867505819673e-01
-2.122640449301610166e-01 -2.666975748768419807e-01 9.401150880528925669e-01
-2.460752421468375695e-01 -2.188896923829088126e-01 9.442109286440665272e-01
-2.620086877348291599e-01 -1.040688334431167650e-01 9.594379216276901490e-01
-2.573328046429567695e-01 3.481867771087532315e-02 9.656953387777410525e-01
-2.274952613309464966e-01 1.565305861458846370e-01 9.611160604592923207e-01
-2.202051435077740094e-01 1.729757642289640185e-01 9.599943123592591387e-01
-1.734723950315260332e-01 2.642603179246149625e-01 9.487221998732860984e-01
-8.864301826138941409e-02 4.157466884856844680e-01 9.051503225026760191e-01
2.371057620984403161e-02 5.557245672716270013e-01 8.310282870676304334e-01
1.511670560333184254e-01 6.512743406059001705e-01 7.436331450645335961e-01
1.611263877937265943e-01 6.542648662853519648e-01 7.389017335892209548e-01
2.314321915123390694e-01 6.771802575570938787e-01 6.984740793377403056e-01
3.180239140740552806e-01 7.043482537815091149e-01 6.346292834970322927e-01
3.839711353324301024e-01 7.247049806480376777e-01 5.721615665661681227e-01
4.298441352412257221e-01 7.828362717660730663e-01 4.498904211095385852e-01
4.367011921439361011e-01 7.901703125087433666e-01 4.300266805791237990e-01
4.674841433631133358e-01 8.199839599175303695e-01 3.302800042116116330e-01
4.683717071243760910e-01 8.467207217003438480e-01 2.523726677131393759e-01
4.448002086044037795e-01 8.783254524378629746e-01 1.752060901490074818e-01
4.340173317336718517e-01 8.994692144278614299e-01 5.083392618428732301e-02
4.313524121788098742e-01 9.018031577189877801e-01 2.619467952819524992e-02
4.059002169730412390e-01 9.108408153606588620e-01 -7.492678382506760826e-02
3.910362930042861618e-01 9.068098149131270658e-01 -1.574375340593417716e-01
3.741800777684058388e-01 8.988431510717415085e-01 -2.281890864451065204e-01
3.048543215775075810e-01 8.747735536105911702e-01 -3.766099740036314980e-01
2.986853940618145464e-01 8.722958295689808850e-01 -3.871524520014072990e-01
2.695504731496072837e-01 8.564660412859119720e-01 -4.402368255256045027e-01
2.366080560233216612e-01 8.250995217225836065e-01 -5.130569238184281566e-01
1.985829051511234511e-01 7.970824836686787318e-01 -5.702844413188127293e-01
1.265462974253713513e-01 7.360176527681904224e-01 -6.650293598191983069e-01
1.143095944756149229e-01 7.249504060395915994e-01 -6.792497518540966395e-01
7.169537173000406494e-02 6.855697101151506656e-01 -7.244680436327919359e-01
3.274542600180572333e-02 6.402638947449099671e-01 -7.674567624055699255e-01
-2.144401796655216741e-01 3.277045502746369077e-01 -9.201223489701338965e-01
-2.308663275754880562e-01 3.059191400475426703e-01 -9.236418237305951129e-01
-2.567271272149995731e-01 2.538695856350851043e-01 -9.325456641051974582e-01
-2.905063928549241337e-01 2.069610868655130664e-01 -9.342232839283475254e-01
-2.999287917505198964e-01 1.957107006439256225e-01 -9.336701995525704678e-01
-3.593345409822401582e-01 6.097709181028050651e-02 -9.312145198242151034e-01
-3.675048010485573169e-01 4.716450890488971953e-02 -9.288249190811048717e-01
