0.02 a 885 2332 -3882 g -451 -287 -623
0.02 a 979 3852 -5964 g -341 290 -584
0.02 a 1220 6936 -8916 g -272 578 -488
0.02 a 1392 10033 -12388 g 342 -251 -352
0.02 a 1812 12005 -13342 g 1886 -1161 -338
0.02 a 2868 12879 -13883 g 3594 -1296 -538
0.02 a 3542 14704 -14818 g 5079 -827 -400
0.02 a 4090 19002 -13177 g 7433 -921 -124
0.02 a 3496 28793 -6944 g 10350 -750 194
0.02 a 3497 32732 6165 g 12893 -190 394
0.02 a 121 32732 24680 g 14765 -103 930
0.02 a -7000 32732 32753 g 14464 -1088 2254
0.02 a -8915 27296 32764 g 11459 -965 2197
0.02 a -7082 18163 32764 g 8493 -1743 818
0.02 a -7369 12625 29628 g 5536 -3250 212
0.02 a -9689 11347 28330 g 3040 -4309 47
0.02 a -12168 11597 28086 g 982 -4899 -365
0.02 a -14547 14550 25305 g -1875 -4152 -930
0.02 a -14515 20620 23311 g -5091 -2072 -2184
0.02 a -13029 26842 20220 g -7605 -822 -4002
0.02 a -11560 31152 14447 g -9534 -1482 -5338
0.02 a -8925 32732 9353 g -10768 -1917 -6371
0.02 a -5963 32732 1650 g -11764 -582 -7486
0.02 a -1292 32409 -6148 g -11559 309 -8561
0.02 a 3654 30378 -14309 g -9664 -1003 -8821
0.02 a 13026 22717 -15363 g -6920 -2558 -8058
0.02 a 15084 15306 -13212 g -4135 -2236 -5880
0.02 a 12485 10119 -10880 g -2714 -643 -2542
0.02 a 9488 6390 -7978 g -1437 185 -359
0.02 a 4740 3450 -6133 g -695 766 1219
0.02 a 1294 620 -4370 g -209 1047 2143
0.02 a -1124 -1384 -2260 g 407 947 2315
0.02 a -1903 -2296 -762 g 866 481 1972
0.02 a -1526 -2418 483 g 1166 14 1314
0.02 a -749 -2044 1372 g 1326 -194 702
0.02 a 221 -1444 1892 g 1380 -260 301
0.02 a 883 -608 1987 g 1404 -360 230
0.02 a 1148 230 1572 g 1444 -553 383
