0.02 a 1990 10525 -8981 g 803 -416 -1235
0.02 a 4552 12793 -11532 g 1839 -613 -1787
0.02 a 6049 14564 -13813 g 3839 -1129 -1277
0.02 a 5188 17507 -14443 g 6887 -2190 -103
0.02 a 1889 22914 -12081 g 10422 -3623 483
0.02 a -318 32732 -4326 g 13466 -3501 -363
0.02 a 4094 32732 12704 g 15653 -1223 -2248
0.02 a 10658 32732 32646 g 17692 -965 -2648
0.02 a 7705 31384 32764 g 16023 -2477 -9
0.02 a 1952 21594 26905 g 10609 -3907 2010
0.02 a 249 12632 23893 g 6425 -1435 1182
0.02 a -729 8778 19709 g 3893 -472 300
0.02 a -2799 6889 16065 g 2319 -1992 107
0.02 a -5317 7180 14177 g 1314 -3231 -92
0.02 a -8153 8589 14255 g 417 -3694 -494
0.02 a -10899 10162 15549 g -561 -3703 -920
0.02 a -13715 12609 16946 g -1901 -3866 -1420
0.02 a -15750 17200 17860 g -3543 -4465 -2021
0.02 a -12842 24520 17196 g -5679 -5278 -3395
0.02 a -8659 30565 14917 g -8406 -5084 -4868
0.02 a -6497 32732 10964 g -11027 -3948 -5297
0.02 a -6397 32732 6899 g -12450 -2966 -5216
0.02 a -5321 32732 1195 g -12619 -3135 -5588
0.02 a -3208 32342 -4275 g -12502 -2954 -5974
0.02 a -1812 28346 -8964 g -11569 -2265 -5612
0.02 a 1610 22175 -12713 g -9602 -2724 -4994
0.02 a 5965 15771 -12491 g -6971 -2799 -4481
0.02 a 7501 10740 -11020 g -4422 -2467 -3085
0.02 a 6626 7484 -9439 g -2789 -1562 -1104
0.02 a 4911 5134 -7929 g -1895 -452 548
0.02 a 3098 3226 -6313 g -1108 201 1488
0.02 a 1683 1860 -4737 g -377 466 1871
0.02 a 1077 809 -3297 g 167 596 1899
0.02 a 726 75 -2598 g 521 604 1887
