0.02 a -189 3032 -6689 g -1720 621 223
0.02 a -211 4381 -8543 g -1453 390 -140
0.02 a 864 5997 -9990 g -770 275 -485
0.02 a 1897 7448 -12904 g 155 -455 -520
0.02 a 2217 9336 -16927 g 1391 -2044 -296
0.02 a 2464 11170 -19552 g 3266 -2596 -252
0.02 a 3318 15306 -18684 g 5709 -1677 -416
0.02 a 2915 22562 -14325 g 8573 -1425 -140
0.02 a 2029 32488 -5063 g 11504 -1567 65
0.02 a 3779 32732 10843 g 13589 -1164 -234
0.02 a 4122 32732 21419 g 14523 -1525 -375
0.02 a -4561 32732 25095 g 13286 -1713 1026
0.02 a -7513 27110 27528 g 10775 -883 1595
0.02 a -7132 19316 27534 g 8425 -2445 -75
0.02 a -11512 15852 25784 g 5500 -4267 -626
0.02 a -14577 14920 24678 g 2968 -5608 -837
0.02 a -16051 17665 23796 g 304 -5802 -1566
0.02 a -16317 24064 22206 g -2836 -4015 -2689
0.02 a -15084 30123 17360 g -5631 -3102 -4458
0.02 a -13831 32699 10948 g -7689 -3621 -5959
0.02 a -12612 32732 4281 g -9066 -3612 -7094
0.02 a -7803 32732 -2952 g -9879 -2806 -8594
0.02 a -1280 32732 -5178 g -9444 -2047 -10182
0.02 a 4778 31613 -9938 g -7971 -2898 -10232
0.02 a 13894 28272 -15864 g -6714 -4603 -8900
0.02 a 20174 19419 -17881 g -5282 -4343 -6965
0.02 a 17405 11627 -14451 g -3536 -1007 -3471
0.02 a 11667 7224 -12105 g -2259 1451 -164
0.02 a 4574 3736 -8668 g -1188 2394 1985
0.02 a 480 1282 -7059 g -463 2199 2650
0.02 a -50 498 -5251 g 67 1351 2046
0.02 a 513 411 -3809 g 589 317 1307
0.02 a 1253 740 -3029 g 953 -500 893
0.02 a 1608 1353 -2742 g 1151 -878 784
0.02 a 1817 1973 -2584 g 1418 -936 766
