0.02 a 1294 7592 -3040 g -5501 1933 -1659
0.02 a 2188 6654 -3101 g -4471 1752 -1683
0.02 a 1844 7465 -3812 g -3801 2114 -1065
0.02 a 1050 9605 -5751 g -3291 1600 -515
0.02 a 707 11603 -8607 g -2497 304 -605
0.02 a 1500 13409 -9601 g -1048 -470 -1358
0.02 a 3977 14702 -9647 g 817 -216 -2154
0.02 a 4928 14782 -12206 g 2286 -673 -2078
0.02 a 4185 14962 -15238 g 4122 -1345 -1070
0.02 a 3327 19115 -16251 g 7142 -1916 -366
0.02 a 1657 27885 -12838 g 11223 -2684 -568
0.02 a 2181 32732 -2248 g 14881 -1516 -1029
0.02 a 4379 32732 16990 g 17524 484 -1011
0.02 a 7139 32732 32764 g 19562 -1403 -413
0.02 a 805 32732 32760 g 16787 -4244 711
0.02 a -1839 23110 29743 g 11254 -3164 199
0.02 a 2228 14323 24334 g 6940 130 -1699
0.02 a 2541 11055 18411 g 4246 -1941 -1849
0.02 a -460 9074 15915 g 2979 -4108 -883
0.02 a -5116 8868 15917 g 1663 -4204 -77
0.02 a -8634 9844 16733 g 94 -3565 39
0.02 a -11590 12424 17375 g -1597 -3575 -310
0.02 a -13378 16296 18391 g -3221 -4413 -747
0.02 a -13079 21381 18461 g -4906 -5824 -1386
0.02 a -13250 27989 17417 g -7422 -5393 -2117
0.02 a -10720 32732 13765 g -10409 -4024 -3353
0.02 a -8018 32732 9015 g -12704 -2821 -4890
0.02 a -7018 32732 109 g -13720 -2567 -5482
0.02 a -5946 32732 -8668 g -13533 -2655 -5428
0.02 a -2225 30055 -15586 g -11571 -2689 -5636
0.02 a 6247 23706 -20487 g -9061 -3236 -5996
0.02 a 12394 17306 -20003 g -6594 -1710 -5261
0.02 a 12406 10920 -16594 g -3843 -303 -2684
0.02 a 8642 5846 -11240 g -1223 124 203
0.02 a 1708 1965 -6767 g 369 556 2386
0.02 a -1553 -1052 -2802 g 1118 957 2972
0.02 a -1800 -2487 129 g 1363 1311 2276
0.02 a -1103 -3141 1959 g 1342 1167 1469
0.02 a -92 -2993 2638 g 1315 581 883
0.02 a 1108 -2127 2726 g 1236 47 476
0.02 a 2033 -931 1812 g 1104 -394 181
