0.02 a 1292 4106 -1541 g -3009 1117 -1849
0.02 a 1411 3692 -1924 g -2319 606 -1440
0.02 a 1222 4185 -2358 g -2073 936 -1084
0.02 a 1125 5550 -3809 g -2062 1065 -929
0.02 a 1584 7491 -5725 g -1753 418 -1086
0.02 a 2681 9989 -8652 g -876 -474 -1527
0.02 a 5053 11674 -11031 g 281 -1269 -2115
0.02 a 6967 13006 -12237 g 1860 -1327 -2160
0.02 a 8175 14499 -14599 g 3722 -1591 -1444
0.02 a 8144 18498 -16239 g 6125 -2066 -452
0.02 a 5623 25782 -13743 g 9476 -2060 687
0.02 a 2127 32732 -6794 g 13007 -1357 1695
0.02 a 759 32732 7118 g 15852 -602 1943
0.02 a 551 32732 25208 g 18701 -2376 1811
0.02 a -3291 32732 32485 g 18421 -5156 1736
0.02 a -5898 32095 29839 g 14420 -5347 952
0.02 a -778 21707 26574 g 8646 -1316 -1521
0.02 a -1250 17003 22814 g 5059 -1750 -2026
0.02 a -6053 14163 22652 g 3442 -4723 -760
0.02 a -9816 14257 23015 g 1279 -5470 -123
0.02 a -12951 17280 21013 g -1728 -5284 -256
0.02 a -13672 23580 19774 g -4630 -4593 -1193
0.02 a -13008 31459 18261 g -7069 -5025 -2885
0.02 a -14778 32732 13763 g -9576 -6250 -3806
0.02 a -16028 32732 6990 g -12523 -6538 -4564
0.02 a -13775 32732 -44 g -15203 -4829 -6243
0.02 a -10246 32732 -9037 g -15668 -2835 -7638
0.02 a -6586 32715 -17801 g -13437 -4144 -7545
0.02 a 803 26408 -22508 g -9793 -4950 -6900
0.02 a 7504 19011 -22575 g -6562 -4691 -5857
0.02 a 11693 12346 -17402 g -3594 -2726 -3882
0.02 a 10290 8428 -12303 g -1331 -1125 -1310
0.02 a 5475 5357 -7961 g -274 796 1455
0.02 a 713 2021 -4952 g 255 1760 3024
0.02 a -1495 -786 -3183 g 483 1965 3232
0.02 a -1462 -1984 -2284 g 441 1797 2574
0.02 a -901 -2289 -1329 g 629 1221 1846
0.02 a 93 -1826 -893 g 1115 299 1271
0.02 a 738 -770 -827 g 1528 -238 903
0.02 a 1085 214 -679 g 1885 -294 685
