0.02 a -311 3181 -1630 g -3770 1244 -224
0.02 a -30 3143 -1987 g -3188 1228 -161
0.02 a -336 2948 -2344 g -2607 953 112
0.02 a -951 3254 -3123 g -2057 556 227
0.02 a -1058 4436 -4319 g -1616 100 -38
0.02 a -255 6529 -6043 g -1153 -274 -565
0.02 a 987 8316 -8037 g -385 -757 -1102
0.02 a 2321 9959 -10517 g 674 -1304 -1442
0.02 a 3948 12066 -13601 g 2145 -2103 -1611
0.02 a 5222 14311 -16286 g 4539 -3209 -1660
0.02 a 4056 18320 -16922 g 7698 -3684 -1367
0.02 a 2099 25309 -12037 g 11000 -2308 -844
0.02 a 1957 32732 -761 g 13863 -363 -614
0.02 a 3706 32732 16757 g 16584 -1430 -821
0.02 a 6349 32732 30142 g 17839 -3799 -1426
0.02 a -3042 28457 29449 g 14321 -2287 28
0.02 a -3633 20820 25442 g 8597 173 345
0.02 a 668 14132 23726 g 5931 -373 -1412
0.02 a -1501 10638 20568 g 4028 -2310 -1329
0.02 a -5326 9476 18997 g 2138 -3383 -381
0.02 a -7668 10357 18794 g 583 -3862 -305
0.02 a -9590 13103 19034 g -1219 -3735 -764
0.02 a -10938 16546 19099 g -3146 -3270 -1294
0.02 a -9579 20809 17320 g -5065 -3247 -2127
0.02 a -9680 24461 15715 g -6962 -3515 -2901
0.02 a -10494 28184 13121 g -8648 -4070 -3652
0.02 a -9633 32468 10059 g -10919 -3332 -5333
0.02 a -7134 32732 4880 g -13204 -2194 -7028
0.02 a -5756 32732 -3200 g -14318 -2430 -7454
0.02 a -5063 32670 -10178 g -13277 -2493 -6683
0.02 a 427 27322 -14651 g -9967 -3243 -6666
0.02 a 7515 18530 -14630 g -7061 -3957 -6452
0.02 a 10190 12869 -12802 g -5061 -1761 -4302
0.02 a 9408 8946 -11019 g -3391 -564 -1431
0.02 a 7052 5905 -7856 g -1600 -231 775
0.02 a 4100 3358 -5252 g -458 105 2097
0.02 a 2100 1016 -3540 g -62 659 2603
0.02 a 1007 -1210 -2369 g 112 937 2566
0.02 a 323 -2854 -1298 g 402 848 2350
