0.02 a 1266 2350 -1744 g -1590 1381 -1146
0.02 a 1314 2816 -2704 g -1266 784 -1078
0.02 a 1458 3890 -3849 g -1069 321 -999
0.02 a 1609 5877 -5206 g -865 361 -877
0.02 a 2366 8403 -7386 g -539 173 -887
0.02 a 3202 10655 -10216 g 200 -645 -938
0.02 a 3750 12110 -12508 g 1585 -1259 -736
0.02 a 4604 12773 -12826 g 3869 -1542 -514
0.02 a 4423 14953 -13120 g 6399 -2004 -239
0.02 a 3631 20024 -11286 g 8884 -1902 199
0.02 a 3343 30071 -4904 g 11413 -1169 445
0.04 a 1812 32732 21574 g 16588 -2119 1061
0.02 a -2926 32732 28559 g 16245 -2016 1337
0.02 a -6365 29100 27580 g 11473 922 1733
0.02 a -3666 17946 26897 g 8056 851 1157
0.02 a -1855 11758 22150 g 5926 -1854 549
0.02 a -3029 8464 18332 g 3482 -3182 663
0.02 a -5483 5996 16945 g 2128 -3960 757
0.02 a -9334 6333 16601 g 926 -4169 623
0.02 a -12486 9068 17616 g -568 -3814 -9
0.02 a -14310 12277 19288 g -1897 -4030 -979
0.02 a -13636 16858 18038 g -3458 -5514 -1929
0.02 a -12901 22404 16583 g -5725 -5807 -2633
0.02 a -12212 27953 16582 g -8110 -3744 -3309
0.02 a -10670 32404 14121 g -10218 -2481 -4549
0.02 a -8131 32732 10073 g -11886 -2663 -5981
0.02 a -7506 32732 1262 g -12893 -3523 -6499
0.02 a -3377 32732 -8017 g -13278 -4058 -6403
0.02 a 1165 27502 -12860 g -11872 -2573 -6229
0.02 a 5561 21075 -17250 g -9200 -2263 -5418
0.02 a 8930 14507 -16789 g -6243 -1659 -4011
0.02 a 8726 9732 -13492 g -3353 -983 -2003
0.02 a 6194 6068 -9590 g -1175 -473 158
0.02 a 3626 3597 -6144 g -26 202 1507
0.02 a 1834 1770 -3567 g 535 663 2097
0.02 a 391 362 -1623 g 1015 707 2361
