0.02 a 640 3493 -3120 g -1328 301 -560
0.02 a 1117 5058 -4173 g -1001 -58 -747
0.02 a 1798 7480 -6126 g -477 -682 -1024
0.02 a 2729 9994 -9512 g 169 -1140 -1067
0.02 a 3766 11929 -13500 g 1369 -1484 -885
0.02 a 4311 14080 -15599 g 3814 -2118 -747
0.02 a 3777 17666 -13703 g 7322 -2794 -628
0.02 a 2027 23842 -9424 g 10585 -3044 -452
0.02 a 1015 32732 -133 g 13096 -2001 -504
0.02 a 1320 32732 13662 g 15296 -1450 -963
0.02 a 2563 32732 26371 g 16766 -2005 -1622
0.02 a -960 29800 25806 g 14864 -2444 -1360
0.02 a -4520 23903 21310 g 10663 -1498 -391
0.02 a 72 17872 19462 g 7965 -546 -1344
0.02 a 3700 13793 16653 g 6794 -2262 -2346
0.02 a 2556 11085 16452 g 5424 -3406 -1670
0.02 a -759 8653 17908 g 4419 -3907 -328
0.02 a -4851 7746 19218 g 2852 -4356 464
0.02 a -7196 9297 19288 g 441 -4406 405
0.02 a -7456 12107 17880 g -1935 -4355 50
0.02 a -7580 15670 15882 g -3892 -4503 -150
0.02 a -8671 19267 16045 g -5393 -4316 -197
0.02 a -11120 23794 17661 g -6946 -3560 -394
0.02 a -12205 29032 15495 g -8909 -3872 -1102
0.02 a -11376 32732 11053 g -11379 -5001 -2364
0.02 a -8242 32732 7259 g -13626 -4609 -3579
0.02 a -5373 32732 3089 g -15103 -3386 -4025
0.02 a -4184 32732 -4231 g -15473 -2337 -3536
0.02 a -3611 27269 -11810 g -13597 -1803 -2936
0.02 a -570 20156 -15861 g -9699 -2362 -3043
0.02 a 3450 13246 -17676 g -6302 -2917 -3065
0.02 a 4056 9329 -15572 g -4327 -1154 -1716
0.02 a 4700 6327 -12465 g -2288 65 -543
0.02 a 4138 3983 -8668 g -183 -210 115
0.02 a 2546 2000 -4986 g 1134 171 904
0.02 a 1276 314 -2423 g 1719 562 1393
0.02 a 285 -1297 -520 g 1996 667 1579
0.02 a -196 -2370 390 g 2056 464 1502
0.02 a -36 -2392 757 g 2003 303 1251
