0.02 a 522 8382 -568 g -6269 2803 -2148
0.02 a 1266 7557 -1596 g -5499 1794 -2066
0.02 a 2240 6658 -2260 g -4625 1072 -2043
0.02 a 2400 5883 -2685 g -4009 1447 -1729
0.02 a 2279 6508 -3641 g -3713 2205 -1243
0.02 a 1891 8325 -5455 g -3215 1765 -959
0.02 a 2369 9829 -7280 g -2165 127 -1220
0.02 a 3428 11656 -8844 g -975 -947 -1779
0.02 a 5355 13437 -10529 g -253 -572 -1904
0.02 a 6883 14777 -13197 g 798 -432 -1425
0.02 a 6655 15744 -15714 g 2860 -1290 -371
0.02 a 6421 19074 -17146 g 5782 -1548 672
0.02 a 5979 28334 -16709 g 9248 -1773 1091
0.02 a 3831 32732 -10547 g 13229 -1427 1617
0.02 a 516 32732 5074 g 16941 -139 2696
0.02 a -884 32732 28477 g 20316 -1428 3830
0.02 a -1916 32732 32764 g 20777 -5908 3756
0.02 a -6610 32732 32764 g 16561 -4613 1903
0.02 a -781 25621 32623 g 10272 505 -734
0.02 a -1269 17222 28270 g 6576 -1084 -1080
0.02 a -5705 13604 26710 g 4200 -4044 171
0.02 a -9305 12905 26551 g 1739 -4620 652
0.02 a -12077 15846 24563 g -1190 -4739 433
0.02 a -13981 21665 22474 g -4119 -4622 -155
0.02 a -14242 29941 21585 g -6977 -3858 -1249
0.02 a -15255 32732 19006 g -10042 -3229 -2513
0.02 a -14799 32732 15240 g -13129 -3516 -3953
0.02 a -13615 32732 10546 g -15822 -2189 -5970
0.02 a -10827 32732 2413 g -17223 368 -8008
0.02 a -8361 32732 -7468 g -16367 871 -9061
0.02 a 879 32732 -16447 g -13167 -1266 -9683
0.02 a 13300 32732 -22772 g -9966 -2512 -9559
0.02 a 19610 22428 -20364 g -6439 -1035 -7133
0.02 a 17305 13305 -15307 g -2456 -450 -2990
0.02 a 9641 7453 -9661 g -198 393 1042
0.02 a 1658 2442 -5488 g 911 1072 3517
0.02 a -2668 -1748 -1972 g 1578 1124 3982
0.02 a -4252 -4673 338 g 1869 1035 3290
0.02 a -3789 -5668 1888 g 2011 406 2075
0.02 a -2009 -5268 2904 g 2019 -122 775
0.02 a -21 -4277 2955 g 1814 -379 -215
0.02 a 1559 -3255 2800 g 1589 -506 -675
0.02 a 2246 -2218 2213 g 1460 -550 -698
