0.02 a 1632 3570 -2895 g -1873 915 -614
0.02 a 1319 4336 -3219 g -1530 1138 -259
0.02 a 1240 5199 -3930 g -1084 536 -337
0.02 a 1875 6345 -4905 g -532 -105 -818
0.02 a 3140 8427 -6670 g -58 -101 -1186
0.02 a 5047 10512 -9118 g 527 77 -1148
0.02 a 6519 12003 -11855 g 1851 -633 -641
0.02 a 5988 14050 -13062 g 4460 -2132 331
0.02 a 4200 17486 -12052 g 7769 -3451 1110
0.02 a 2315 23474 -8951 g 10845 -3733 1170
0.02 a 2340 32728 -377 g 13153 -2527 508
0.02 a 5088 32732 15331 g 15563 -1973 -301
0.02 a 6130 32732 32719 g 17572 -2670 -274
0.02 a 1346 29559 32764 g 15000 -3182 1281
0.02 a -4437 19334 26886 g 9001 -1842 2259
0.02 a -3316 11708 23450 g 5485 -399 856
0.02 a -2867 8791 19614 g 3812 -1519 -331
0.02 a -4998 7505 17046 g 2175 -2803 -401
0.02 a -8525 8145 16752 g 938 -3359 -431
0.02 a -12975 9263 17350 g -496 -3041 -714
0.02 a -15731 12007 16416 g -2180 -2957 -1409
0.02 a -15792 17139 16096 g -3914 -3658 -2820
0.02 a -15050 23456 15937 g -5545 -4645 -4308
0.02 a -12776 30057 14282 g -7608 -4881 -5536
0.02 a -9818 32732 11007 g -10075 -3968 -6700
0.02 a -6885 32732 5678 g -11815 -3265 -7527
0.02 a -4606 32732 -1562 g -12401 -2699 -7735
0.02 a -876 31524 -6774 g -11736 -2295 -7591
0.02 a 2546 25620 -11230 g -9946 -2397 -6802
0.02 a 6975 20127 -15106 g -7975 -2553 -5719
0.02 a 10339 13675 -14374 g -5631 -2058 -4573
0.02 a 10543 8627 -11608 g -3111 -1359 -2679
0.02 a 8163 5442 -8680 g -1486 -412 -436
0.02 a 4526 3232 -5755 g -585 411 1275
0.02 a 1793 1376 -3447 g 142 522 2183
0.02 a 215 -234 -1794 g 650 378 2508
0.02 a -483 -1300 -829 g 941 344 2513
