0.02 a 316 6649 31 g -7129 2385 -385
0.02 a 396 4992 -443 g -5937 2794 -314
0.02 a 479 4067 -371 g -4844 2898 -462
0.02 a 776 3890 -1222 g -4016 2124 -822
0.02 a 1283 3714 -2131 g -3428 1081 -1063
0.02 a 1296 3584 -2764 g -2867 643 -895
0.02 a 961 3380 -2670 g -2254 951 -446
0.02 a 602 3747 -2763 g -1741 1412 -92
0.02 a 387 5697 -3562 g -1433 1445 -81
0.02 a 518 8069 -5600 g -1008 705 -477
0.02 a 1719 10098 -8624 g -138 -427 -1371
0.02 a 3809 11908 -12100 g 1020 -962 -2164
0.02 a 5697 13380 -14877 g 2803 -858 -1975
0.02 a 5555 16115 -15698 g 5705 -1295 -850
0.02 a 3336 21285 -13338 g 9098 -2359 114
0.02 a 2240 29595 -4460 g 12195 -1811 362
0.02 a 1367 32732 11685 g 14335 -180 206
0.02 a 2645 32732 31600 g 15925 -1412 66
0.02 a -1250 25691 32764 g 14730 -2965 804
0.02 a -4504 17370 30024 g 9437 -2170 1331
0.02 a -2961 9602 26132 g 5580 -707 -78
0.02 a -2280 6161 20054 g 3589 -1404 -925
0.02 a -2133 4489 14885 g 1784 -2194 -1071
0.02 a -2586 3642 12039 g 846 -2455 -1093
0.02 a -5465 4166 11163 g 271 -2352 -811
0.02 a -9735 5319 11960 g -285 -2330 -675
0.02 a -12851 6891 14479 g -817 -2802 -1210
0.02 a -15115 9950 17785 g -1689 -3477 -2212
0.02 a -14594 15136 18536 g -3205 -4188 -3545
0.02 a -11878 20966 17063 g -5500 -4483 -5258
0.02 a -10283 25633 14379 g -7758 -4408 -6610
0.02 a -8857 28371 10965 g -9488 -4486 -7324
0.02 a -7294 30401 5520 g -10782 -4316 -7447
0.02 a -4331 29895 -2411 g -11715 -4055 -7136
0.02 a -1524 25084 -7536 g -11282 -2620 -6342
0.02 a 1850 19891 -12131 g -9025 -2668 -5527
0.02 a 7172 14470 -11448 g -6063 -2822 -4759
0.02 a 8613 10008 -9910 g -3473 -2434 -3063
0.02 a 6588 7091 -7859 g -2043 -1422 -384
0.02 a 3829 4740 -5769 g -1211 -412 1499
0.02 a 2419 2940 -4265 g -623 -245 2004
0.02 a 1494 1874 -3353 g -269 -63 2036
0.02 a 712 861 -2607 g -36 329 2133
