0.02 a -1273 3800 -10743 g -947 -1178 738
0.02 a -993 5258 -12151 g 168 -2058 264
0.02 a 235 6721 -12148 g 1357 -2556 -166
0.02 a 1646 8535 -12790 g 2619 -2811 -355
0.02 a 2882 10196 -13611 g 3923 -2927 -381
0.02 a 3855 12665 -13108 g 5652 -2782 -341
0.02 a 4180 17365 -10942 g 7671 -2610 -336
0.02 a 4038 25471 -5718 g 9432 -1420 -158
0.02 a 4518 32732 3094 g 10991 -297 191
0.02 a 2304 32732 13401 g 12561 -594 935
0.02 a -4682 32732 20534 g 13238 -2379 1762
0.02 a -13263 29823 27106 g 11929 -415 2377
0.02 a -11077 21705 27667 g 8609 1115 1123
0.02 a -7517 16559 24915 g 5916 -1936 -825
0.02 a -8649 13302 23984 g 3889 -3840 -1157
0.02 a -11942 11640 23747 g 1839 -3807 -971
0.02 a -15355 12889 22437 g -504 -3808 -1099
0.02 a -16989 17874 19878 g -2753 -4654 -2070
0.02 a -15242 25759 15794 g -5141 -5077 -3738
0.02 a -11975 32052 10932 g -7506 -4946 -5242
0.02 a -9117 32732 6629 g -9085 -4025 -5963
0.02 a -6746 30749 1289 g -9679 -3620 -5930
0.02 a -3351 26248 -3354 g -9692 -2788 -5788
0.02 a 541 22413 -5206 g -9075 -1140 -6121
0.02 a 3518 20801 -8092 g -7710 -469 -6183
0.02 a 7897 19527 -10982 g -6097 -1355 -5621
0.02 a 12485 13712 -9280 g -3996 -1906 -4743
0.02 a 12062 8990 -10205 g -2768 -1484 -2918
0.02 a 9432 5852 -10327 g -2534 -51 -828
0.02 a 5123 3169 -9825 g -1935 925 592
0.02 a 1946 913 -9166 g -1327 1141 1344
0.02 a 1042 -111 -7896 g -693 972 1267
0.02 a 985 -166 -6596 g -210 552 957
0.02 a 1174 201 -5395 g 233 -72 727
