0.02 a 240 2477 -1909 g -1127 -78 -1001
0.02 a 519 3550 -2780 g -909 -225 -1100
0.02 a 1063 5612 -3838 g -760 193 -1245
0.02 a 1564 8385 -6169 g -447 303 -1303
0.02 a 2281 10587 -10098 g 299 -615 -1415
0.02 a 2123 12473 -14250 g 1771 -1966 -1460
0.02 a 1873 14574 -16781 g 4191 -2512 -1529
0.02 a 1463 18984 -15595 g 7122 -1927 -1680
0.02 a 1301 25989 -10147 g 10284 -1020 -1628
0.02 a 1877 32732 -999 g 13175 -752 -1379
0.02 a 3557 32732 10518 g 15586 -1823 -1241
0.02 a 5620 32732 24201 g 17384 -3397 -1693
0.02 a 2830 32732 29370 g 15592 -1731 -1542
0.02 a -2047 24059 29328 g 10358 2307 -60
0.02 a -65 13737 25770 g 7141 1230 383
0.02 a 1236 9437 20340 g 5278 -3018 -248
0.02 a 555 6930 16187 g 2955 -3339 -208
0.02 a -921 5371 14364 g 1660 -3444 -62
0.02 a -4135 6060 14563 g 844 -3776 229
0.02 a -7941 7974 15881 g 4 -4415 306
0.02 a -11460 9953 18335 g -984 -5096 39
0.02 a -12432 14017 19055 g -2611 -5383 -630
0.02 a -11681 20338 19247 g -5161 -4404 -1604
0.02 a -12563 27053 19012 g -7641 -3920 -2191
0.02 a -11345 32320 15583 g -9766 -5510 -2574
0.02 a -9163 32732 8404 g -11790 -6493 -3014
0.02 a -7916 31484 3329 g -13218 -3889 -3124
0.02 a -5738 30219 -7056 g -13924 -1159 -3543
0.02 a -2248 25129 -13423 g -12719 -1196 -4240
0.02 a 2935 20313 -15432 g -8906 -2094 -4272
0.02 a 6035 15276 -15876 g -5807 -3082 -3835
0.02 a 7601 11458 -13878 g -4179 -1314 -2652
0.02 a 7579 7274 -10386 g -2536 319 -1307
0.02 a 4870 3710 -6767 g -885 586 306
0.02 a 1334 870 -3924 g 110 779 1665
0.02 a -191 -1168 -1360 g 595 922 2019
0.02 a 8 -2467 295 g 737 921 1545
0.02 a 48 -2851 1235 g 663 848 1134
0.02 a 443 -2691 1915 g 764 472 783
0.02 a 965 -2208 2101 g 909 88 468
