0.02 a 351 3478 3592 g 859 -135 -279
0.02 a -384 4428 5462 g 966 -495 -543
0.02 a -797 5478 9030 g 1080 -978 -892
0.02 a -333 6178 13697 g 929 -1360 -1211
0.02 a -326 7652 18265 g 47 -1121 -1090
0.02 a 657 10351 21750 g -1510 -828 -945
0.02 a 3205 13702 22827 g -3559 -251 -1050
0.02 a 4732 17276 20696 g -6138 1017 -925
0.02 a 5683 19531 17308 g -8084 1672 -539
0.02 a 5100 19938 12423 g -8964 1224 -80
0.02 a 4621 19073 7756 g -9583 1421 198
0.02 a 5127 18033 3614 g -10041 2584 -264
0.02 a 5855 16585 -1012 g -10006 3312 -957
0.02 a 6184 14149 -5728 g -9051 2819 -1373
0.02 a 5179 11495 -8607 g -7372 1974 -995
0.02 a 2724 9709 -9672 g -5653 2068 -202
0.02 a -292 8238 -9799 g -4134 2324 210
0.02 a -2122 7690 -9759 g -2893 2705 5
0.02 a -2937 8093 -9787 g -2046 2973 -435
0.02 a -2533 8451 -9908 g -1209 2836 -865
0.02 a -1932 8740 -9768 g -206 2346 -1082
0.02 a -1396 9344 -10118 g 828 1949 -1130
0.02 a -967 9896 -10791 g 1867 1982 -1170
0.02 a -824 10375 -11842 g 3225 2211 -1265
0.02 a -1762 12691 -12936 g 5152 2190 -1333
0.02 a -3439 17433 -12645 g 7651 2076 -1403
0.02 a -5278 25948 -9808 g 10449 1884 -1637
0.02 a -4162 32732 -1978 g 13178 1502 -2476
0.02 a -2507 32732 9215 g 15197 895 -3337
0.02 a -3554 32732 21595 g 15720 980 -3407
0.02 a -4383 32732 30356 g 13845 2878 -2803
0.02 a 1345 26896 32764 g 10735 3061 -2386
0.02 a 3892 15918 27048 g 7714 -52 -1359
0.02 a 3014 10311 20511 g 4622 -2064 -138
0.02 a 1385 6584 15991 g 2352 -1708 580
0.02 a -518 4288 11832 g 960 -1569 967
0.02 a -989 3024 8973 g 128 -1681 961
0.02 a -797 2548 6683 g -349 -1590 691
