0.02 a 1216 3518 2609 g 393 217 -304
0.02 a 1393 4391 4631 g 247 224 -534
0.02 a 824 5267 7944 g 383 320 -424
0.02 a 980 6185 13563 g 686 -48 -438
0.02 a 2053 7880 19245 g 289 -367 -572
0.02 a 3692 10770 21413 g -1629 -246 -486
0.02 a 5868 13648 21289 g -4172 144 -181
0.02 a 6164 16436 19787 g -6329 745 409
0.02 a 5231 17885 16158 g -8018 1109 1255
0.02 a 4493 18125 12011 g -9362 2131 1664
0.02 a 5277 17808 8173 g -10151 3500 1190
0.02 a 5877 17157 4093 g -10413 4329 434
0.02 a 5830 15942 -468 g -10296 4902 -66
0.02 a 7027 14156 -5508 g -9327 4284 -599
0.02 a 6335 11222 -9026 g -7292 2604 -662
0.02 a 4007 8983 -9858 g -5282 2442 42
0.02 a 1336 7926 -9235 g -3964 3486 365
0.02 a -1358 7951 -8599 g -2884 4074 281
0.02 a -2921 7956 -8035 g -1779 3645 -130
0.02 a -3470 8337 -7677 g -773 2907 -686
0.02 a -3043 8800 -7564 g 79 2254 -1171
0.02 a -2966 9369 -7419 g 900 2007 -1412
0.02 a -3392 10030 -8132 g 1768 2019 -1590
0.02 a -3608 10795 -8578 g 2942 2374 -1942
0.02 a -4215 12505 -9219 g 4684 2587 -2377
0.02 a -5461 16354 -8741 g 7024 2487 -2829
0.02 a -6522 23537 -5648 g 9587 2233 -3361
0.02 a -4890 31539 546 g 11900 2058 -4218
0.02 a -1328 32732 8605 g 13639 1628 -5139
0.02 a 469 32732 19138 g 14470 1243 -5192
0.02 a 5345 32732 31602 g 14377 -54 -5205
0.02 a 11931 29320 32764 g 12735 -2007 -5492
0.02 a 10134 16790 29101 g 7862 -895 -3787
0.02 a 8195 8046 21822 g 3494 186 -1624
0.02 a 5494 3569 16060 g 1714 -653 -436
0.02 a 3592 1631 11571 g 561 -775 126
0.02 a 3132 1150 8729 g -206 -363 191
0.02 a 2632 1103 7199 g -431 -327 236
0.02 a 1603 1309 6104 g -555 -464 472
0.02 a 843 1570 5236 g -731 -536 702
