0.02 a 455 2899 760 g 824 -220 -270
0.02 a -31 4076 2175 g 1258 -127 -509
0.02 a -1226 6118 5209 g 1727 -329 -754
0.02 a -3144 7141 13298 g 2172 -45 -967
0.02 a -3974 7890 23865 g 2639 -442 -1141
0.02 a -422 10082 27247 g 1415 -2676 -1570
0.02 a 1263 13966 26323 g -2468 -2580 -1214
0.02 a 4161 18012 26786 g -6405 707 -702
0.02 a 4136 21180 23713 g -8835 2563 -539
0.02 a 2059 23041 18504 g -10110 2521 -86
0.02 a 4347 24765 12937 g -10643 2076 -943
0.02 a 8059 26268 4737 g -11337 1891 -2020
0.02 a 11762 25126 -3394 g -11324 1776 -2416
0.02 a 11730 21011 -10226 g -9810 750 -1890
0.02 a 8504 16161 -13096 g -7684 191 -428
0.02 a 2180 12120 -14908 g -5882 543 977
0.02 a -4002 9681 -16057 g -4319 863 1583
0.02 a -6268 9801 -16585 g -2903 1087 879
0.02 a -6303 10559 -17504 g -1837 1492 -164
0.02 a -6773 11089 -16775 g -604 1925 -584
0.02 a -8285 11159 -14417 g 1128 2175 -553
0.02 a -10598 11961 -12666 g 2887 2221 -510
0.02 a -11817 14061 -11358 g 4585 2207 -1057
0.02 a -11827 18529 -9599 g 6523 2220 -2389
0.02 a -10807 26729 -6153 g 8649 2704 -3897
0.02 a -6266 32732 1849 g 10814 3339 -5112
0.02 a -28 32732 11648 g 13093 2464 -5548
0.02 a 1920 32732 23375 g 14454 818 -4753
0.02 a 5249 32732 31618 g 13774 -26 -4707
0.02 a 13287 28691 32764 g 10497 1308 -5590
0.02 a 13225 15783 31504 g 6880 1087 -3904
0.02 a 7715 7436 23220 g 3872 -1090 -872
0.02 a 4348 3167 16445 g 1696 -1493 380
0.02 a 2286 1872 11511 g 394 -1263 429
0.02 a 1602 1504 8314 g -121 -1481 194
0.02 a 329 1881 6274 g -350 -1595 151
0.02 a -283 2372 4931 g -588 -1308 185
0.02 a -376 2924 3788 g -766 -950 136
0.02 a -443 3182 3518 g -788 -653 181
