0.02 a 1013 2717 1210 g 1259 53 14
0.02 a 588 3613 1525 g 1495 -76 5
0.02 a -436 5383 3290 g 1696 50 -117
0.02 a -2244 6299 8451 g 2018 668 -383
0.02 a -2732 7118 17014 g 2484 1028 -890
0.02 a -905 8475 25547 g 2365 683 -1470
0.02 a 1533 12847 29361 g 81 -122 -1603
0.02 a 3429 17462 27551 g -3792 -189 -1058
0.02 a 2061 21244 24105 g -7261 860 137
0.02 a 1004 23827 18721 g -9493 1292 983
0.02 a 2245 24866 14244 g -10818 2211 561
0.02 a 4929 25575 9976 g -11423 3258 -682
0.02 a 6743 25694 5043 g -11299 3361 -1526
0.02 a 9969 24249 -1643 g -10881 3211 -1845
0.02 a 11750 20099 -9059 g -9971 2993 -1848
0.02 a 9386 15256 -11702 g -8165 3627 -983
0.02 a 4600 11443 -12519 g -5954 3993 112
0.02 a -224 9760 -12705 g -3910 3647 461
0.02 a -2405 9935 -13050 g -2427 3209 -97
0.02 a -2169 10748 -13418 g -1357 2761 -984
0.02 a -1515 11323 -13226 g -177 2554 -1476
0.02 a -2414 11269 -12223 g 1075 2859 -1244
0.02 a -3830 11928 -11454 g 2469 3185 -789
0.02 a -5051 13012 -10956 g 4229 3126 -760
0.02 a -5708 15806 -10621 g 6312 2903 -1126
0.02 a -6043 21356 -9865 g 8568 2694 -1767
0.02 a -6294 29913 -6819 g 10877 2789 -2236
0.02 a -4007 32732 480 g 13284 2762 -2454
0.02 a -3719 32732 13238 g 15565 2021 -2151
0.02 a -6846 32732 26531 g 16617 1657 -1766
0.02 a -6070 32732 32764 g 14582 3982 -1913
0.02 a -2539 22816 32764 g 10655 5568 -1522
0.02 a -617 12198 29532 g 6886 1450 -38
0.02 a -820 7503 21518 g 3889 -2219 817
0.02 a -1735 4756 15769 g 1647 -2174 1099
0.02 a -2494 3223 11587 g 269 -1658 1072
0.02 a -2573 2552 8645 g -365 -1837 826
0.02 a -2339 2404 6221 g -658 -2111 450
0.02 a -1797 2536 4540 g -915 -1787 248
0.02 a -1018 2707 3827 g -1014 -1214 171
