0.02 a 415 3036 1534 g 889 41 50
0.02 a -154 3849 2442 g 1141 -111 -241
0.02 a -904 5280 4616 g 1466 -456 -695
0.02 a -2992 6211 11322 g 2038 -676 -721
0.02 a -4354 7251 19893 g 2664 -1453 -563
0.02 a -3084 9879 24669 g 1604 -2731 -1057
0.02 a -967 14714 23201 g -1966 -2271 -1531
0.02 a 265 18013 21301 g -5567 -263 -1264
0.02 a 151 20549 18940 g -7525 756 -477
0.02 a 644 22156 16615 g -8559 896 -23
0.02 a 2712 23307 13243 g -9523 1372 -389
0.02 a 5356 23548 8668 g -10407 1937 -1098
0.02 a 6953 22420 3872 g -10759 2503 -1504
0.02 a 8677 21210 -1375 g -10586 3160 -1692
0.02 a 10865 18232 -8143 g -9780 3115 -1864
0.02 a 9581 13677 -10923 g -8224 3308 -1254
0.02 a 4158 10818 -12977 g -6299 4074 55
0.02 a -1230 9413 -13980 g -4238 3672 513
0.02 a -2683 9134 -12349 g -2230 2793 -288
0.02 a -1255 9695 -11536 g -772 2006 -1592
0.02 a 312 10134 -11885 g -209 1942 -2121
0.02 a 1120 10528 -11985 g 385 2176 -1804
0.02 a 453 10561 -11020 g 1658 2122 -1123
0.02 a -582 10505 -9594 g 3407 1941 -555
0.02 a -1375 11183 -9097 g 5157 1661 -536
0.02 a -2305 14058 -8773 g 6781 1852 -737
0.02 a -3297 18780 -7656 g 8658 2110 -779
0.02 a -2997 26220 -4006 g 10758 2164 -819
0.02 a -1167 32732 2766 g 12864 1667 -988
0.02 a -3028 32732 12930 g 14986 -65 -887
0.02 a -5379 32732 26020 g 15678 -34 -1099
0.02 a -2806 31878 32228 g 12977 2069 -2004
0.02 a 213 20659 30885 g 9109 2480 -1824
0.02 a 1750 13102 24525 g 5888 -196 -589
0.02 a -63 8417 19572 g 3578 -2133 539
0.02 a -1713 5159 15159 g 1628 -2172 1137
0.02 a -2350 3133 11509 g 286 -1879 1144
0.02 a -2342 2233 8463 g -548 -1629 935
0.02 a -1793 2023 6223 g -1098 -1374 544
0.02 a -1057 2098 5087 g -1411 -1086 236
