0.02 a 938 3445 2762 g 873 -406 -116
0.02 a 360 4125 4182 g 982 -459 -159
0.02 a -952 4789 7111 g 1052 -577 -256
0.02 a -2113 5007 12457 g 1056 -353 -266
0.02 a -1951 6450 17625 g 791 -476 -303
0.02 a 562 9406 22055 g -91 -1141 -792
0.02 a 4006 12814 23540 g -1912 -1016 -1104
0.02 a 4251 16368 21428 g -4954 418 -205
0.02 a 3264 18400 18117 g -7599 1759 992
0.02 a 3063 18815 14129 g -8782 2040 1304
0.02 a 4390 18351 9899 g -9359 2368 802
0.02 a 6249 17651 5866 g -9723 3265 13
0.02 a 7725 16654 2035 g -9712 4263 -547
0.02 a 9072 15234 -2482 g -9274 4744 -885
0.02 a 9330 13375 -8312 g -8068 3733 -1055
0.02 a 6140 10318 -10284 g -6232 3162 -462
0.02 a 1354 8462 -10710 g -4400 3859 348
0.02 a -2793 7978 -9963 g -2865 4154 241
0.02 a -4528 8494 -8806 g -1622 4200 -505
0.02 a -4113 9338 -8053 g -640 3472 -1620
0.02 a -3134 9942 -7929 g 193 2602 -2344
0.02 a -2318 10355 -8015 g 916 2282 -2604
0.02 a -1393 10710 -8022 g 1879 2372 -2713
0.02 a -664 11269 -8193 g 3231 2340 -2884
0.02 a -233 12787 -8581 g 4858 2342 -3103
0.02 a -91 16087 -7967 g 6747 2586 -3165
0.02 a -722 21269 -5622 g 8983 2669 -2977
0.02 a -959 27494 -1788 g 11387 1549 -3085
0.02 a -553 32732 5078 g 13469 341 -3819
0.02 a -415 32732 16463 g 14709 76 -4747
0.02 a 2030 32732 28886 g 14691 147 -5380
0.02 a 6809 27123 32688 g 12299 -576 -5314
0.02 a 10493 18369 24459 g 7722 -1508 -4116
0.02 a 11174 12501 17457 g 3910 -2412 -2561
0.02 a 7497 7568 15794 g 2483 -2376 -816
0.02 a 3567 4101 13677 g 1615 -2293 461
0.02 a 2231 2699 10326 g 388 -1795 758
0.02 a 2164 2331 7547 g -522 -1358 533
0.02 a 2272 2357 5596 g -941 -1060 334
0.02 a 2070 2504 4403 g -1026 -914 341
0.02 a 1796 2637 3629 g -986 -759 511
