0.02 a 565 3623 2637 g 1002 -673 -332
0.02 a -504 5036 5549 g 1247 -655 -513
0.02 a -1238 5612 10747 g 1484 -938 -740
0.02 a -453 6035 16420 g 1337 -1337 -1056
0.02 a 1376 7910 20597 g 162 -1586 -1166
0.02 a 3762 10578 22984 g -1837 -1222 -922
0.02 a 5028 13611 23372 g -4182 -62 -293
0.02 a 5518 16518 20590 g -6580 869 567
0.02 a 5613 17806 15945 g -8215 992 1074
0.02 a 5584 18205 10945 g -9216 1301 1245
0.02 a 5884 17660 6063 g -9821 2262 1047
0.02 a 6814 16632 2087 g -10006 3627 541
0.02 a 7894 14854 -2467 g -9643 4233 -83
0.02 a 7201 12981 -6952 g -8287 3219 -450
0.02 a 5470 10636 -8972 g -6428 2343 -127
0.02 a 2914 8178 -8240 g -4745 2899 394
0.02 a -142 6793 -7172 g -3421 3301 590
0.02 a -2403 7076 -6675 g -2523 3372 323
0.02 a -2932 7923 -6925 g -1994 3041 -336
0.02 a -2706 8193 -7189 g -1456 2676 -919
0.02 a -2440 8256 -7357 g -819 2439 -1113
0.02 a -2479 8274 -7312 g -14 2370 -1144
0.02 a -2447 9022 -7684 g 920 2318 -1277
0.02 a -1692 9428 -8419 g 2139 2326 -1649
0.02 a -1279 10235 -9412 g 3675 2666 -1924
0.02 a -2574 12718 -9508 g 5829 2774 -1881
0.02 a -4112 18554 -8485 g 8496 2248 -2044
0.02 a -4845 26748 -4249 g 11177 1867 -2730
0.02 a -1843 32732 4588 g 13628 1688 -3805
0.02 a -348 32732 17647 g 15459 1068 -4655
0.02 a 1522 32732 30751 g 15466 673 -4913
0.02 a 4750 29920 32764 g 12637 806 -4745
0.02 a 5988 18630 31483 g 8639 863 -3114
0.02 a 6684 10028 24087 g 4949 -395 -1334
0.02 a 4716 5594 17806 g 2653 -1627 -69
0.02 a 2352 2973 12894 g 965 -1405 896
0.02 a 581 1644 9326 g -44 -1041 1311
0.02 a -264 1065 7019 g -475 -993 1313
