0.02 a 415 3244 1992 g 1872 -181 423
0.02 a 236 4235 3409 g 2010 481 569
0.02 a -964 5174 7014 g 2127 1221 750
0.02 a -4899 5128 14452 g 2454 1526 1005
0.02 a -7840 5616 25973 g 2810 1463 864
0.02 a -3462 8408 32764 g 1567 1679 -458
0.02 a 120 13203 29131 g -2446 1994 -1246
0.02 a -788 16558 22875 g -6137 1947 -148
0.02 a -1353 17519 18931 g -7549 1900 743
0.02 a -715 18100 14787 g -8374 2465 532
0.02 a 757 17956 10597 g -9047 2714 -286
0.02 a 2468 17795 3918 g -9266 1935 -964
0.02 a 5425 17467 -3823 g -9606 1913 -1329
0.02 a 8457 14606 -10796 g -9353 2747 -1581
0.02 a 7785 11058 -13014 g -7403 2831 -1231
0.02 a 2878 9347 -14721 g -4750 1311 -292
0.02 a -2141 8583 -16830 g -3086 755 387
0.02 a -4002 9334 -18724 g -2158 1082 61
0.02 a -2290 10918 -19338 g -983 1576 -880
0.02 a -1300 14084 -18970 g 354 2278 -1094
0.02 a -2289 16661 -17460 g 2298 2383 -523
0.02 a -5261 18416 -16014 g 4749 1664 85
0.02 a -7871 22168 -14657 g 7051 1257 -40
0.02 a -7905 29376 -12415 g 9346 1153 -1105
0.02 a -5489 32732 -4778 g 11704 1491 -2304
0.02 a 1598 32732 10291 g 14037 2034 -2949
0.02 a 6105 32732 28036 g 15944 908 -2448
0.02 a 5416 32732 32764 g 16102 -293 -1416
0.02 a 4635 25868 32764 g 12456 1114 -960
0.02 a 5824 12550 32764 g 6851 1364 -455
0.02 a 3508 5506 26150 g 2803 -658 394
0.02 a 885 2489 17098 g 448 -1310 992
0.02 a -1248 1559 12005 g -193 -1002 1155
0.02 a -2245 1611 8788 g -459 -851 1147
0.02 a -3187 2093 6503 g -591 -858 931
0.02 a -3376 2746 5361 g -698 -825 739
0.02 a -2346 3838 4728 g -860 -637 469
