0.02 a 1700 2704 1180 g 714 25 74
0.02 a 1675 3049 864 g 1148 -247 234
0.02 a 1277 4337 722 g 1464 -539 170
0.02 a -188 6231 4099 g 1740 153 -56
0.02 a -3298 6306 13136 g 2409 1444 216
0.02 a -4348 7188 21606 g 2888 1226 297
0.02 a -1144 10766 26334 g 1420 19 -780
0.02 a 2779 15190 27677 g -1876 1422 -1562
0.02 a 4296 18877 23930 g -5285 2746 -915
0.02 a 3849 20707 19373 g -7468 2922 495
0.02 a 3937 20493 13954 g -8483 2711 995
0.02 a 5186 19772 8715 g -9304 3502 308
0.02 a 6987 18485 4633 g -9512 4548 -1040
0.02 a 8515 17154 1990 g -8954 5196 -2226
0.02 a 9982 15205 -2451 g -8151 4716 -2912
0.02 a 10052 13504 -6948 g -7178 3779 -2818
0.02 a 6635 11883 -8451 g -5704 3243 -2074
0.02 a 1595 10419 -8916 g -4071 3575 -1340
0.02 a -715 10606 -9053 g -3043 4067 -1606
0.02 a -1296 11814 -9891 g -2350 4207 -2524
0.02 a -2284 11832 -10314 g -1422 3536 -3021
0.02 a -3490 12277 -10945 g -346 3112 -3114
0.02 a -5009 13211 -11370 g 744 3154 -3266
0.02 a -6346 14460 -11454 g 2377 3206 -3612
0.02 a -7626 17055 -11618 g 4388 3277 -4323
0.02 a -8711 21839 -11141 g 6581 3684 -5179
0.02 a -9519 29931 -9382 g 9114 4086 -5998
0.02 a -7767 32732 -3460 g 11790 4367 -6762
0.02 a -1790 32732 10300 g 14570 4000 -7479
0.02 a 1604 32732 25499 g 16646 2578 -7312
0.02 a 4772 32732 32764 g 15430 2549 -6548
0.02 a 8846 27094 32764 g 10655 3669 -5342
0.02 a 9410 16365 25347 g 6285 1404 -2844
0.02 a 5660 10814 19723 g 4015 -956 -705
0.02 a 2543 6930 16899 g 2720 -1013 404
0.02 a 1776 4587 14207 g 1713 -791 539
0.02 a 1169 3568 11214 g 897 -1127 555
0.02 a 969 3287 8564 g 339 -1495 577
0.02 a 28 3024 6661 g -165 -1028 688
0.02 a -563 2664 5252 g -488 -410 727
0.02 a -637 2628 4219 g -582 -54 573
0.02 a -736 2716 3613 g -537 -51 449
0.02 a -594 2910 3357 g -414 -243 380
0.02 a -345 3214 2999 g -425 -236 354
0.02 a -91 3387 2786 g -438 -167 387
