0.02 a -3515 1768 4474 g 617 1137 1721
0.02 a -3994 1721 4489 g 649 566 1579
0.02 a -4867 1667 4703 g 604 246 1284
0.02 a -5388 1839 4824 g 362 304 826
0.02 a -6161 2151 5235 g 130 567 331
0.02 a -7275 2494 5834 g 44 664 -87
0.02 a -8197 3067 5843 g -70 382 -611
0.02 a -8587 3997 5439 g -361 -93 -1315
0.02 a -8791 5268 5187 g -611 -403 -2143
0.02 a -9294 6559 5662 g -730 -585 -3013
0.02 a -9905 8115 6606 g -791 -735 -3874
0.02 a -10310 10314 7518 g -1084 -1149 -4853
0.02 a -10109 12795 6728 g -1684 -2172 -5907
0.02 a -9003 15319 5511 g -2514 -3210 -7205
0.02 a -7405 17788 4440 g -3450 -2892 -8532
0.02 a -4675 21277 3305 g -4407 -1839 -9691
0.02 a -928 27152 1948 g -4886 -831 -10704
0.02 a 5154 30544 325 g -4307 -1189 -11527
0.02 a 14268 28208 -2666 g -2951 -2774 -11649
0.02 a 22429 20011 -3573 g -2273 -2842 -9661
0.02 a 22677 12855 -4521 g -2594 -787 -5458
0.02 a 16579 7587 -5330 g -2716 471 -877
0.02 a 9432 3639 -4433 g -1748 744 2011
0.02 a 4551 979 -2014 g -419 692 2816
0.02 a 2459 -417 445 g 483 605 2240
0.02 a 2024 -635 2192 g 688 611 1337
0.02 a 2006 -185 3270 g 644 468 721
0.02 a 2151 -88 3868 g 650 80 461
0.02 a 1827 -135 3974 g 582 14 548
0.02 a 1317 -31 3879 g 446 258 743
