0.02 a -4801 1846 5083 g 1946 1359 2562
0.02 a -5346 1772 5305 g 1490 724 2120
0.02 a -5969 2140 5507 g 1117 133 1490
0.02 a -6431 2749 5760 g 905 -146 734
0.02 a -7107 3589 6251 g 744 -231 -19
0.02 a -8066 4122 6793 g 581 -315 -610
0.02 a -9096 4654 7193 g 248 -321 -1114
0.02 a -9954 5250 7503 g -101 -512 -1749
0.02 a -10732 6162 7773 g -488 -852 -2539
0.02 a -11462 7773 8042 g -1073 -1157 -3583
0.02 a -11097 9997 7318 g -1833 -1369 -4952
0.02 a -9831 12620 6234 g -2731 -1482 -6491
0.02 a -8378 15053 5298 g -3522 -1564 -7943
0.02 a -6612 17440 4257 g -3991 -1809 -9207
0.02 a -2990 21289 2854 g -4396 -1961 -10239
0.02 a 1630 25621 655 g -4553 -2792 -10814
0.02 a 8126 26236 -1591 g -4082 -3593 -10693
0.02 a 16175 22675 -5692 g -3950 -3704 -9562
0.02 a 21074 15956 -7934 g -4090 -2058 -7043
0.02 a 19989 9664 -7671 g -3227 -259 -3521
0.02 a 13906 5041 -6228 g -1924 677 -58
0.02 a 6957 1698 -3619 g -615 894 2225
0.02 a 2298 -1087 -122 g 713 746 2827
0.02 a 451 -2482 2649 g 1555 130 2180
0.02 a 640 -2169 4372 g 1564 -213 996
0.02 a 1680 -1073 5437 g 1042 90 51
0.02 a 2623 -291 5518 g 350 496 -385
0.02 a 2823 111 5028 g -60 507 -251
0.02 a 2535 -128 4438 g 10 35 58
0.02 a 1986 -389 3926 g 249 -431 269
0.02 a 1748 -530 3625 g 299 -491 245
