0.02 a -4373 1650 4386 g 1315 292 3547
0.02 a -4100 1404 4363 g 1085 158 2816
0.02 a -3551 1557 3855 g 742 -194 2036
0.02 a -3475 1601 3947 g 590 -26 1631
0.02 a -4288 1622 4449 g 600 275 1616
0.02 a -5689 1593 4854 g 663 244 1663
0.02 a -6837 1727 5125 g 703 -41 1304
0.02 a -7256 2123 5371 g 690 -325 473
0.02 a -7480 2539 5723 g 586 -298 -307
0.02 a -8198 2921 5435 g 287 -217 -740
0.02 a -9713 3684 5116 g -34 -198 -1081
0.02 a -11560 5037 5567 g -149 -56 -1666
0.02 a -12665 7093 6589 g -87 -150 -2606
0.02 a -12347 9320 6426 g -203 -1201 -3805
0.02 a -11511 11531 5378 g -727 -2609 -4984
0.02 a -11206 13353 4574 g -1406 -3025 -5946
0.02 a -10721 15527 3852 g -2132 -2472 -7050
0.02 a -8135 19295 3357 g -2755 -1647 -8571
0.02 a -3100 24077 2751 g -3004 -1633 -10139
0.02 a 3681 30226 1648 g -3015 -2674 -11038
0.02 a 13661 32292 -1564 g -3233 -3587 -11274
0.02 a 25423 24658 -6939 g -3541 -3660 -10386
0.02 a 27459 13786 -7044 g -3441 -863 -6719
0.02 a 19612 6499 -6950 g -2707 1526 -1649
0.02 a 9027 1728 -4415 g -1066 1380 1739
0.02 a 2687 -1014 -587 g 418 959 2539
0.02 a 1114 -1536 2574 g 1096 540 1560
0.02 a 1177 -796 4453 g 1059 290 405
0.02 a 1887 -23 4973 g 654 187 -233
0.02 a 2210 251 4625 g 158 267 -323
0.02 a 1945 210 3868 g -204 356 -57
0.02 a 1297 2 3058 g -297 334 302
0.02 a 562 -161 2599 g -111 241 512
0.02 a 220 -195 2424 g 232 86 420
0.02 a 346 116 2172 g 474 -58 151
