0.02 a -1952 650 3666 g 165 718 527
0.02 a -2738 503 3662 g 112 759 597
0.02 a -3492 1131 3236 g -12 332 389
0.02 a -3727 1657 2883 g 10 -286 -76
0.02 a -4572 2257 3187 g 99 -312 -277
0.02 a -5971 2862 3539 g 175 36 -374
0.02 a -7950 3443 3144 g 187 -70 -660
0.02 a -9836 4690 2381 g 134 -457 -1212
0.02 a -11248 5514 2433 g 177 -322 -1888
0.02 a -12519 7069 2661 g 286 192 -2541
0.02 a -12816 9118 2470 g 420 -237 -3615
0.02 a -12758 11100 1908 g 494 -1118 -4836
0.02 a -13537 13476 2267 g 450 -1434 -5721
0.02 a -13988 16116 3894 g 611 -1789 -6790
0.02 a -11322 20345 4605 g 700 -2831 -8428
0.02 a -5406 25420 3842 g -10 -4088 -10095
0.02 a 2210 31059 1421 g -1140 -3723 -10838
0.02 a 16645 32732 -247 g -1956 -2348 -11252
0.02 a 30504 24749 -2247 g -1712 -1404 -10980
0.02 a 25828 14603 -835 g -1015 -365 -6836
0.02 a 16150 6151 526 g -311 348 -2005
0.02 a 9210 1670 598 g -78 109 -179
0.02 a 6786 405 343 g -523 329 -153
0.02 a 6045 524 632 g -481 363 -507
0.02 a 5493 455 1653 g -219 70 -474
0.02 a 3874 279 3128 g 132 210 47
0.02 a 2354 -119 4305 g 432 139 597
0.02 a 1221 -234 4843 g 513 -113 806
0.02 a 1197 97 4326 g 282 -392 718
0.02 a 1550 630 3465 g -58 -620 570
0.02 a 1729 1137 2672 g -293 -711 624
0.02 a 1689 1933 1745 g -428 -693 767
