0.02 a -3381 1192 2992 g 627 -112 2022
0.02 a -3633 1126 3597 g 587 439 1904
0.02 a -4505 1187 3735 g 429 643 1895
0.02 a -5217 1424 3756 g 333 343 1562
0.02 a -6111 1616 4142 g 409 123 1059
0.02 a -7327 2084 4722 g 421 143 528
0.02 a -8668 2739 5464 g 370 91 -79
0.02 a -10358 3705 5917 g 325 -151 -796
0.02 a -11382 4861 6302 g 188 -469 -1656
0.02 a -12004 6326 7064 g -14 -580 -2603
0.02 a -12885 7608 7263 g -383 -827 -3466
0.02 a -13160 8955 6537 g -988 -1339 -4514
0.02 a -12010 10869 4907 g -1765 -1784 -6098
0.02 a -8915 13382 4154 g -2322 -1876 -7864
0.02 a -4527 16800 3448 g -2609 -1891 -9308
0.02 a 1800 23520 2004 g -2912 -2293 -10304
0.02 a 12818 26383 -1205 g -3158 -2751 -11112
0.02 a 23361 22534 -4128 g -3220 -2341 -10513
0.02 a 26559 14383 -3427 g -2799 -233 -7225
0.02 a 20939 7325 -3717 g -1926 680 -2679
0.02 a 11411 2463 -3160 g -1171 936 975
0.02 a 4151 -659 -1135 g -548 1222 2421
0.02 a 1249 -2247 1683 g 265 903 1986
0.02 a 974 -2479 3385 g 769 139 1017
0.02 a 1400 -1805 4133 g 649 -48 290
0.02 a 1770 -981 4055 g 225 238 -6
0.02 a 1611 -470 3998 g 21 404 41
0.02 a 1007 -501 3906 g 217 106 189
0.02 a 306 -599 3793 g 516 -373 309
0.02 a 172 -476 3506 g 603 -594 181
0.02 a 541 -281 3168 g 547 -613 -152
