0.02 a -4460 2068 1924 g 908 379 2908
0.02 a -4607 2066 2294 g 746 246 2487
0.02 a -4746 2124 2131 g 520 -195 2008
0.02 a -5254 2567 2541 g 559 -288 1503
0.02 a -6387 2704 3827 g 773 86 1094
0.02 a -7401 2918 5001 g 935 332 682
0.02 a -8080 3583 5305 g 838 63 142
0.02 a -8801 4322 5061 g 557 -373 -423
0.02 a -9766 5418 4732 g 218 -441 -929
0.02 a -10896 7046 4275 g -130 -161 -1398
0.02 a -11589 8863 3933 g -355 -16 -2000
0.02 a -11964 10232 3612 g -264 -454 -2997
0.02 a -12844 11489 3700 g -137 -1014 -4146
0.02 a -14375 12705 4330 g -138 -1048 -5113
0.02 a -15557 15505 3727 g -375 -1302 -6256
0.02 a -14500 20982 3076 g -846 -1933 -8227
0.02 a -9149 27885 4770 g -962 -2178 -10812
0.02 a -208 32732 6470 g -1029 -2642 -12588
0.02 a 8417 32732 4401 g -1667 -3388 -12680
0.02 a 20155 32732 -1832 g -2962 -3046 -11701
0.02 a 32732 28389 -9991 g -3932 -2677 -10932
0.02 a 32688 14324 -6216 g -2977 78 -7166
0.02 a 17785 4992 -5192 g -1475 2010 -588
0.02 a 4823 -921 -2314 g -61 1003 2759
0.02 a 1628 -2624 571 g 903 552 2088
0.02 a 2434 -1301 2532 g 756 730 346
0.02 a 2866 -105 4017 g 375 1030 -336
0.02 a 2276 180 4592 g 356 446 -144
0.02 a 1435 144 4128 g 356 -238 387
0.02 a 810 420 3250 g 220 -345 836
0.02 a 195 776 2357 g 193 -206 1058
