0.02 a -4111 2635 2078 g 1442 175 3786
0.02 a -4448 2004 2634 g 1474 283 3270
0.02 a -4146 1565 3369 g 1413 356 2522
0.02 a -4064 1377 3993 g 1208 447 1816
0.02 a -4337 1491 4395 g 931 455 1368
0.02 a -4710 1603 4632 g 698 320 1110
0.02 a -5395 1891 4802 g 601 -96 821
0.02 a -5988 2130 5148 g 571 -430 385
0.02 a -6527 2513 5406 g 465 -529 -133
0.02 a -7114 2935 5622 g 258 -534 -643
0.02 a -8143 3665 5845 g -15 -424 -1068
0.02 a -9863 4840 6469 g -272 -392 -1595
0.02 a -11074 6600 7204 g -455 -570 -2427
0.02 a -11445 8169 7695 g -755 -1164 -3567
0.02 a -11699 10040 7253 g -1364 -1747 -4700
0.02 a -11531 12376 6278 g -2325 -1740 -5872
0.02 a -10736 14751 4609 g -3145 -1235 -7189
0.02 a -8868 17203 4117 g -3426 -829 -8678
0.02 a -6145 20151 4342 g -3236 -593 -10024
0.02 a -2708 23252 3850 g -2970 -1339 -10855
0.02 a 2221 27449 3490 g -2859 -2238 -11148
0.02 a 8870 30364 1485 g -3236 -2087 -10974
0.02 a 18896 27188 -1738 g -3725 -1625 -10221
0.02 a 24585 18253 -2750 g -3220 -1075 -8074
0.02 a 20834 10288 -4285 g -2714 -35 -3807
0.02 a 13148 4852 -4755 g -2308 708 118
0.02 a 6276 674 -2335 g -1245 983 2028
0.02 a 2463 -1753 463 g -14 399 2051
0.02 a 1501 -2194 2611 g 578 -222 1183
0.02 a 2246 -1396 3497 g 537 -444 189
