0.02 a -4662 1018 3985 g 1039 159 2469
0.02 a -5237 940 4066 g 882 -62 2123
0.02 a -4995 1190 3882 g 674 -189 1335
0.02 a -4792 1550 4068 g 504 -84 624
0.02 a -5366 1793 4654 g 435 201 395
0.02 a -6525 2354 4814 g 447 167 377
0.02 a -8114 3149 5002 g 514 48 196
0.02 a -9777 4092 5580 g 581 227 -272
0.02 a -11261 5023 5937 g 562 548 -904
0.02 a -12557 5658 5793 g 345 744 -1513
0.02 a -14038 6373 5248 g 106 602 -2235
0.02 a -16108 7322 5298 g 49 14 -3305
0.02 a -17156 9582 5214 g 123 -894 -5034
0.02 a -16400 14411 4759 g -163 -1875 -7304
0.02 a -12828 20625 4588 g -559 -2804 -9636
0.02 a -7061 26444 4014 g -980 -4005 -11521
0.02 a -981 30829 1979 g -1878 -4640 -12229
0.02 a 7427 32732 -2783 g -3092 -3913 -11885
0.02 a 22385 32571 -10423 g -3920 -3094 -11627
0.02 a 30420 18185 -7320 g -2568 -1702 -9483
0.02 a 20360 8604 -3965 g -1189 1368 -3101
0.02 a 7947 2684 -2241 g -568 1088 1591
0.02 a 3463 -768 -152 g 372 257 2089
0.02 a 4289 -402 1610 g 629 -122 417
0.02 a 5041 967 2525 g 308 330 -478
0.02 a 5022 1547 3216 g 288 317 -362
0.02 a 4079 1348 3763 g 422 209 251
0.02 a 1915 738 4236 g 583 97 1014
0.02 a -64 120 4159 g 621 86 1407
0.02 a -387 -147 3818 g 460 113 1015
