0.02 a -4548 886 2420 g 748 893 2499
0.02 a -4692 769 2987 g 411 678 2091
0.02 a -4626 1165 3097 g 61 544 1589
0.02 a -4381 1526 3344 g -41 412 1016
0.02 a -3990 1618 3660 g 16 64 542
0.02 a -4136 1664 3585 g 78 -253 330
0.02 a -4893 1927 3128 g 40 -526 250
0.02 a -6108 2560 2996 g 83 -558 40
0.02 a -7555 3107 3234 g 215 -317 -372
0.02 a -9100 3685 3957 g 419 -53 -949
0.02 a -11266 4770 4816 g 511 -81 -1481
0.02 a -13070 5887 5367 g 386 -219 -1982
0.02 a -14313 7212 4835 g 84 -753 -2809
0.02 a -15030 8528 4380 g -207 -1367 -4046
0.02 a -14791 10917 3991 g -453 -1855 -5687
0.02 a -12681 14802 3314 g -816 -2206 -7578
0.02 a -8032 20096 3334 g -1214 -2488 -9540
0.02 a -1394 25538 3449 g -1477 -2868 -10993
0.02 a 8298 31467 1237 g -1984 -3626 -11658
0.02 a 22921 29502 -4494 g -2787 -3898 -11637
0.02 a 31188 18195 -5284 g -3010 -1774 -9248
0.02 a 24666 9258 -4595 g -2291 969 -3878
0.02 a 12237 3030 -3095 g -1198 1380 799
0.02 a 3767 -740 -135 g -68 1366 2547
0.02 a 1643 -1845 2804 g 659 833 1647
0.02 a 1686 -1277 4346 g 674 388 477
0.02 a 2100 -462 4403 g 332 113 -99
0.02 a 2144 17 4068 g -25 158 -148
0.02 a 1562 36 3664 g -186 326 106
0.02 a 491 -327 3847 g -19 259 381
0.02 a -552 -602 3817 g 269 -321 382
0.02 a -593 -611 3482 g 370 -886 25
0.02 a 263 -170 2896 g 229 -876 -452
