0.02 a -2232 1074 5566 g 775 560 1707
0.02 a -3003 746 5072 g 617 51 1497
0.02 a -3876 892 5019 g 471 -160 969
0.02 a -3998 1368 5197 g 392 -61 287
0.02 a -4264 1581 5906 g 419 146 -210
0.02 a -5135 1807 6427 g 365 87 -417
0.02 a -6033 2209 6377 g 159 -418 -643
0.02 a -6836 2734 6097 g -98 -876 -1053
0.02 a -7252 3482 6098 g -352 -991 -1718
0.02 a -7539 4430 6533 g -609 -825 -2522
0.02 a -7935 5648 7197 g -904 -749 -3263
0.02 a -8631 7440 7880 g -1215 -1070 -3880
0.02 a -9045 9209 8282 g -1589 -1821 -4507
0.02 a -9127 11075 7464 g -2280 -2616 -5224
0.02 a -8374 13368 5960 g -3420 -2659 -6183
0.02 a -6711 15758 4668 g -4464 -1810 -7227
0.02 a -3869 18392 2919 g -5060 -1074 -8168
0.02 a 88 21644 864 g -5111 -1023 -8838
0.02 a 5084 24366 -1125 g -4523 -1422 -9135
0.02 a 12771 23520 -3992 g -3467 -2527 -9264
0.02 a 18601 18222 -4897 g -2612 -2522 -8006
0.02 a 19841 12014 -4479 g -2406 -483 -5034
0.02 a 16210 6771 -4626 g -2269 559 -1693
0.02 a 10039 3194 -3677 g -1601 720 1081
0.02 a 5027 599 -2090 g -581 501 2351
0.02 a 2735 -1101 -98 g 448 -74 1977
0.02 a 2132 -1486 2026 g 1015 -59 1078
0.02 a 2502 -772 3369 g 963 250 256
0.02 a 2993 -35 3965 g 578 496 -168
0.02 a 3105 457 3860 g 153 557 -133
0.02 a 2668 618 3462 g -26 459 161
