0.02 a -5187 1471 3789 g 866 107 2652
0.02 a -4917 1648 3952 g 665 76 1899
0.02 a -5113 1835 4205 g 585 133 1391
0.02 a -5733 2010 4571 g 573 208 1086
0.02 a -6725 2232 4931 g 524 240 852
0.02 a -7861 2660 5055 g 407 11 405
0.02 a -8511 2969 5207 g 252 -361 -369
0.02 a -8838 3853 5573 g 64 -641 -1245
0.02 a -9289 4660 6057 g -126 -1011 -2077
0.02 a -9963 6063 6594 g -365 -1518 -2929
0.02 a -10404 7633 7079 g -734 -2052 -4004
0.02 a -10058 9669 6677 g -1426 -2393 -5293
0.02 a -9246 12199 5574 g -2453 -2304 -6654
0.02 a -7915 14607 4429 g -3310 -1946 -8026
0.02 a -5299 17436 3261 g -3871 -1635 -9429
0.02 a -1776 21106 1860 g -4230 -1653 -10683
0.02 a 2903 24360 923 g -4104 -1656 -11541
0.02 a 9333 23900 -128 g -3427 -1555 -11615
0.02 a 15743 19623 -1408 g -2813 -1688 -10175
0.02 a 19514 14316 -1598 g -2482 -715 -7433
0.02 a 18909 9623 -1853 g -2090 149 -4129
0.02 a 14034 5631 -1546 g -1515 555 -761
0.02 a 7631 2834 -1192 g -957 760 1923
0.02 a 2346 73 481 g -160 602 3090
0.02 a -76 -1776 1912 g 606 56 2697
0.02 a -65 -2019 3186 g 865 -288 1438
0.02 a 751 -1301 4154 g 747 -155 277
0.02 a 1830 -270 4712 g 433 81 -386
0.02 a 2406 384 4728 g 62 281 -500
0.02 a 2258 528 4284 g -82 80 -219
0.02 a 1831 236 3732 g 20 -213 135
