0.02 a -4176 1220 2532 g 514 -360 2482
0.02 a -4067 1091 2986 g 639 20 1890
0.02 a -4345 1204 3487 g 639 212 1565
0.02 a -4665 1545 3541 g 566 -83 1230
0.02 a -5971 1919 4111 g 594 -370 804
0.02 a -8007 2083 4970 g 695 -587 347
0.02 a -9339 2338 5652 g 788 -979 -361
0.02 a -10048 2940 6120 g 703 -1343 -1245
0.02 a -11112 4001 6405 g 361 -1522 -2059
0.02 a -12003 5589 6803 g -137 -1528 -2982
0.02 a -12701 7894 7171 g -764 -1303 -4050
0.02 a -12287 10343 6414 g -1406 -1438 -5335
0.02 a -10613 12798 5166 g -1965 -1824 -6892
0.02 a -8974 14807 3759 g -2418 -1958 -8012
0.02 a -5802 18041 2763 g -2764 -1737 -8815
0.02 a -733 21105 1516 g -2800 -2093 -9619
0.02 a 5134 23500 217 g -2662 -2565 -9720
0.02 a 15217 23818 -464 g -2836 -1807 -9521
0.02 a 23311 18437 -1807 g -2847 -641 -8448
0.02 a 23203 10871 -3178 g -2372 -240 -5324
0.02 a 16676 4920 -3191 g -1520 78 -1472
0.02 a 8201 1427 -1812 g -857 573 1282
0.02 a 3134 -715 762 g -34 517 2016
0.02 a 1189 -1476 3408 g 580 -7 1468
0.02 a 1291 -1041 4757 g 636 -199 756
0.02 a 1845 -339 5106 g 226 7 278
0.02 a 1974 19 4576 g -139 206 179
0.02 a 1492 -226 4028 g -189 148 396
0.02 a 774 -396 3740 g -7 44 577
