0.02 a -4057 613 3180 g 586 -231 2087
0.02 a -3682 746 3389 g 535 10 1693
0.02 a -3834 937 3601 g 443 131 1483
0.02 a -4666 1262 3899 g 432 93 1366
0.02 a -6014 1574 4458 g 519 -86 1086
0.02 a -7459 1954 4776 g 501 -272 585
0.02 a -8653 2333 5146 g 450 -289 -80
0.02 a -9327 2836 5306 g 374 -301 -859
0.02 a -10349 3554 5490 g 214 -255 -1478
0.02 a -11667 4695 5966 g 94 -203 -2002
0.02 a -12733 6389 6487 g 18 -546 -2873
0.02 a -12500 8735 6702 g -154 -1571 -4297
0.02 a -11614 11085 6431 g -519 -2749 -5850
0.02 a -10162 13167 5663 g -1296 -3159 -7072
0.02 a -8261 15823 4889 g -2363 -2444 -8075
0.02 a -4303 19686 3760 g -3147 -2028 -9111
0.02 a 1398 25020 1053 g -3538 -2739 -9906
0.02 a 10427 28141 -1331 g -3603 -2666 -10299
0.02 a 22001 24572 -3722 g -3292 -2108 -10347
0.02 a 25319 14979 -3357 g -2607 -1030 -7588
0.02 a 18393 7657 -4273 g -2301 281 -2433
0.02 a 8783 2710 -4294 g -1785 401 1292
0.02 a 3270 -511 -2132 g -733 706 2136
0.02 a 2597 -1525 423 g 186 613 926
0.02 a 3331 -1041 2163 g 469 627 -202
0.02 a 3680 -177 3078 g 502 477 -482
0.02 a 3573 297 3739 g 445 441 -236
0.02 a 2636 361 3922 g 319 504 268
0.02 a 935 146 3670 g 353 289 716
0.02 a -119 -311 3707 g 585 -14 713
0.02 a -92 -227 3327 g 632 -254 244
0.02 a 400 104 2619 g 393 -230 -258
