0.02 a -4162 1620 1814 g 339 786 1917
0.02 a -4438 2046 1866 g 331 552 1413
0.02 a -4555 2097 2519 g 533 421 936
0.02 a -4873 2561 3066 g 670 326 578
0.02 a -5903 3245 3314 g 606 114 330
0.02 a -7013 4026 3561 g 520 -120 -42
0.02 a -8239 4856 3793 g 477 -5 -483
0.02 a -9279 6063 3883 g 418 140 -1009
0.02 a -10216 7626 4210 g 393 221 -1545
0.02 a -10899 8998 4331 g 374 145 -2130
0.02 a -11827 10301 3501 g 198 -328 -2836
0.02 a -12642 12100 2363 g 19 -1087 -3867
0.02 a -13898 14413 2562 g 63 -1547 -5293
0.02 a -14877 18340 4318 g 190 -1459 -7048
0.02 a -13703 24559 5325 g 34 -1794 -9156
0.02 a -9035 32436 5506 g -629 -2973 -11533
0.02 a -1100 32732 4754 g -1579 -3521 -13230
0.02 a 8227 32732 3872 g -2505 -2011 -13410
0.02 a 23889 32732 -1775 g -2874 -1013 -12851
0.02 a 32732 24747 -7600 g -2584 -1773 -11722
0.02 a 31056 11131 -3454 g -1306 68 -6520
0.02 a 15678 3499 -664 g -8 1097 -322
0.02 a 6031 -671 1276 g 856 -49 1766
0.02 a 4391 -1167 2020 g 559 -203 889
0.02 a 4929 331 2204 g -153 465 -158
0.02 a 4631 1122 2661 g -281 400 -252
0.02 a 3239 1175 3318 g 17 37 291
0.02 a 1768 889 3546 g 283 -272 952
0.02 a 196 648 3126 g 337 -459 1433
0.02 a -624 683 2293 g 267 -644 1453
0.02 a -299 1026 1445 g 187 -617 1098
