0.02 a -2027 1563 4382 g 526 1134 1103
0.02 a -2451 1592 4595 g 407 1388 1162
0.02 a -3596 1424 4608 g 475 532 1276
0.02 a -4420 1627 4389 g 581 -351 1053
0.02 a -4930 1996 4619 g 518 -359 580
0.02 a -5630 2593 5278 g 476 47 110
0.02 a -6856 3183 6185 g 477 100 -257
0.02 a -8734 3973 6876 g 375 -132 -560
0.02 a -10696 5572 7349 g 42 -492 -1122
0.02 a -12126 7876 7525 g -450 -640 -1970
0.02 a -13117 9854 7496 g -1011 -696 -3016
0.02 a -13284 11687 6891 g -1561 -1149 -4282
0.02 a -12890 14173 5920 g -2140 -1671 -5673
0.02 a -11594 16690 5016 g -2749 -2066 -7243
0.02 a -9733 19571 4928 g -3223 -2282 -8934
0.02 a -6343 24880 4343 g -3772 -2690 -10597
0.02 a -208 32726 2325 g -4759 -3015 -11933
0.02 a 10800 32732 -2980 g -5615 -2880 -12804
0.02 a 23610 31992 -6626 g -5282 -2487 -12383
0.02 a 27037 18821 -6683 g -3491 -1322 -8274
0.02 a 19275 10891 -8085 g -2707 -340 -2006
0.02 a 10270 5700 -7139 g -2212 954 2091
0.02 a 4677 2253 -3974 g -851 1604 3115
0.02 a 1425 366 -1773 g 411 1190 2760
0.02 a 19 -400 -299 g 828 1181 2175
