0.02 a -3305 1315 2197 g 62 907 1094
0.02 a -3719 1526 2838 g 103 856 1026
0.02 a -4024 1629 3011 g 129 267 909
0.02 a -4389 1882 2849 g 108 -307 626
0.02 a -5158 2018 2856 g 48 -443 375
0.02 a -6015 2259 3030 g 70 -202 84
0.02 a -7046 2869 3138 g 110 92 -266
0.02 a -8510 3767 3827 g 186 275 -660
0.02 a -10244 4992 4747 g 373 47 -1187
0.02 a -11819 6246 5143 g 443 -592 -1896
0.02 a -12579 7585 4630 g 173 -1297 -2866
0.02 a -13029 8526 3997 g -227 -1619 -4027
0.02 a -14238 10031 3938 g -574 -1469 -5144
0.02 a -13895 12947 3862 g -724 -1703 -6750
0.02 a -10968 17591 3659 g -931 -2619 -8957
0.02 a -5677 23071 3023 g -1356 -3413 -10808
0.02 a 2138 30064 654 g -2202 -3332 -11825
0.02 a 17026 32732 -3878 g -3074 -2096 -12467
0.02 a 31892 25601 -6322 g -2480 -1954 -11856
0.02 a 30852 13547 -3085 g -946 12 -6878
0.02 a 17287 6005 -2421 g -583 1438 -364
0.02 a 5631 -123 -259 g 187 1172 2777
0.02 a 1096 -2749 2598 g 979 578 2437
0.02 a 1409 -2038 4432 g 933 192 733
0.02 a 2534 -475 5086 g 474 269 -409
0.02 a 3161 587 5158 g 200 -2 -647
0.02 a 2809 727 4797 g 54 -118 -280
0.02 a 1268 251 4670 g 77 -135 315
0.02 a -64 -201 4614 g 249 -277 616
0.02 a -297 -265 4260 g 304 -557 370
0.02 a 278 158 3578 g 136 -597 -66
