0.02 a -3676 930 4273 g 1137 -27 733
0.02 a -4244 1540 4028 g 824 -119 444
0.02 a -4980 2449 3658 g 484 175 60
0.02 a -5939 3145 3736 g 469 434 -330
0.02 a -7060 3664 3988 g 676 379 -771
0.02 a -8092 4510 3647 g 727 -157 -1462
0.02 a -9111 6293 3546 g 742 -781 -2319
0.02 a -10719 8405 4068 g 708 -863 -3092
0.02 a -12919 10364 5344 g 629 -668 -3749
0.02 a -14412 12734 6225 g 569 -1058 -4876
0.02 a -14926 16072 6186 g 134 -2195 -6718
0.02 a -13390 20985 5178 g -821 -3554 -9121
0.02 a -10045 25908 4069 g -1985 -4459 -11443
0.02 a -5375 32094 3236 g -3141 -4304 -13272
0.02 a 2082 32732 987 g -4306 -3715 -14093
0.02 a 12694 32732 -4566 g -4660 -3771 -13623
0.02 a 23994 28815 -8403 g -3818 -4193 -11692
0.02 a 26167 17091 -9917 g -3073 -2712 -7221
0.02 a 20065 9319 -9612 g -2619 -315 -2038
0.02 a 11616 4125 -6156 g -1442 1231 1321
0.02 a 4386 427 -1775 g 198 1431 2584
0.02 a 1343 -1248 1649 g 1297 810 2263
0.02 a 1819 -1292 3840 g 1617 121 1103
0.02 a 2690 -297 4625 g 1145 153 303
0.02 a 3003 657 4241 g 377 487 187
0.02 a 2594 1003 3312 g -25 488 421
