0.02 a -2009 1230 -169 g -42 -144 1015
0.02 a -2552 1187 67 g 91 -80 1148
0.02 a -4199 1653 135 g 163 59 1173
0.02 a -5565 2009 621 g 317 221 877
0.02 a -7033 2259 2094 g 701 535 400
0.02 a -9562 2520 3110 g 845 821 127
0.02 a -12667 2883 3966 g 785 1110 -89
0.02 a -15006 3752 4967 g 753 1097 -766
0.02 a -14992 5218 5183 g 748 509 -1979
0.02 a -14001 7242 5057 g 600 100 -3235
0.02 a -13797 9088 5339 g 428 235 -4170
0.02 a -13846 10196 4980 g 357 601 -5016
0.02 a -13692 11679 4630 g 297 1244 -6076
0.02 a -12791 14038 4745 g 415 1657 -7519
0.02 a -9722 17090 6308 g 837 1427 -9137
0.02 a -4529 21991 7834 g 1058 156 -10361
0.02 a 2273 25113 6307 g 736 -2077 -10843
0.02 a 9128 28914 1984 g -464 -3309 -10464
0.02 a 23952 26295 -3062 g -1731 -3275 -10443
0.02 a 31991 17236 -2453 g -2092 -421 -9015
0.02 a 28758 9382 -5706 g -1749 877 -4972
0.02 a 20657 5018 -6113 g -801 437 -916
0.02 a 15029 3171 -4183 g 110 1062 1288
0.02 a 11748 3217 -2200 g 795 1256 1962
0.02 a 10797 5223 -2146 g 1062 973 2212
0.02 a 11577 8322 -3433 g 1029 651 2467
0.02 a 13056 12011 -4107 g 1230 670 2986
0.02 a 14464 15502 -4678 g 2089 243 4090
0.02 a 14575 20916 -3348 g 3241 687 5557
0.02 a 10650 28516 -1178 g 3955 1724 7761
0.02 a 4043 32732 2923 g 4954 1404 10336
0.02 a -3322 32732 7948 g 5743 1480 12398
0.02 a -13124 32732 13147 g 5739 1748 13426
0.02 a -23293 32731 17108 g 5302 1955 13735
0.02 a -22228 24806 16267 g 3798 1769 11611
0.02 a -18778 18393 13939 g 1522 2082 8100
0.02 a -18401 13484 7964 g -547 2255 6335
0.02 a -19027 9466 2221 g -1747 1470 5224
0.02 a -19416 6174 -453 g -1786 1133 4031
0.02 a -17179 4542 -1658 g -1219 579 2248
0.02 a -13981 4355 -1536 g -545 36 127
0.02 a -11673 5747 -1482 g -101 -176 -1560
0.02 a -10542 8052 -1812 g 188 -544 -2846
0.02 a -10239 10694 -2126 g 433 -1006 -4009
0.02 a -9774 13538 -3455 g 614 -1702 -5254
0.02 a -9525 16235 -5894 g 681 -2577 -6597
0.02 a -10992 18687 -8697 g 870 -3389 -7765
0.02 a -13799 22418 -12017 g 1305 -4365 -8908
0.02 a -13948 29651 -15145 g 1756 -5457 -10568
0.02 a -8734 32732 -15423 g 2221 -6392 -12704
0.02 a 403 32732 -12659 g 2875 -6721 -13877
0.02 a 8606 32732 -10775 g 3408 -7110 -12826
0.02 a 16941 31782 -8811 g 3364 -5693 -10448
0.02 a 18478 22499 3067 g 3089 283 -7837
0.02 a 10330 13771 8956 g 2334 5525 -4390
0.02 a 13167 9511 7337 g 1133 2931 -3019
0.02 a 13735 6682 3056 g 257 -867 -3067
0.02 a 9630 4242 1471 g -365 -1578 -1488
0.02 a 6050 2950 1706 g -18 -1279 -270
0.02 a 4703 2886 2874 g 211 -388 139
0.02 a 3780 2891 4142 g 353 384 247
0.02 a 2323 2898 4620 g 388 285 483
0.02 a 1342 3105 4199 g 356 -400 731
