0.02 a -3121 -629 2555 g -493 656 775
0.02 a -3419 -544 2623 g -324 557 663
0.02 a -3218 -554 2629 g -78 167 420
0.02 a -3378 -249 2851 g 55 20 187
0.02 a -4073 341 3298 g 132 261 40
0.02 a -6057 1207 3535 g 199 521 -53
0.02 a -8903 2031 4626 g 297 884 -278
0.02 a -12279 2953 6401 g 449 1558 -728
0.02 a -14704 3746 7198 g 451 1615 -1498
0.02 a -15792 4877 6338 g 209 1078 -2425
0.02 a -16149 5924 4510 g -69 403 -3438
0.02 a -16351 7149 3550 g -141 318 -4516
0.02 a -16034 9165 3286 g -26 662 -5763
0.02 a -13537 12860 3610 g 143 756 -7331
0.02 a -9278 16135 4105 g 349 73 -8977
0.02 a -5072 19778 4483 g 300 -869 -9909
0.02 a 2658 24098 2561 g -175 -1634 -10394
0.02 a 15098 27171 79 g -1113 -987 -10760
0.02 a 28448 23062 -1668 g -1381 -309 -10466
0.02 a 30512 15084 -167 g -824 838 -7229
0.02 a 26588 9236 -2028 g -545 1044 -2858
0.02 a 20341 6699 -4568 g -411 637 278
0.02 a 15926 6358 -4164 g -54 516 1952
0.02 a 14513 7848 -3387 g 490 442 2646
0.02 a 14742 10694 -2978 g 577 552 3182
0.02 a 17383 14505 -3155 g 639 661 3804
0.02 a 18675 19073 -2182 g 1287 311 5169
0.02 a 14475 24013 -144 g 2529 -178 7502
0.02 a 7134 29466 1520 g 4002 -1066 9938
0.02 a 1488 32732 4797 g 5318 -758 11273
0.02 a -6654 32732 12095 g 5746 1062 12174
0.02 a -20077 32732 18797 g 6120 979 13394
0.02 a -25087 29451 21504 g 5792 95 12795
0.02 a -21672 21015 17982 g 3451 711 9745
0.02 a -19606 13837 12732 g 855 1048 6630
0.02 a -19860 9400 5739 g -859 830 5019
0.02 a -18109 6530 1551 g -1403 357 3378
0.02 a -16386 5361 -540 g -948 -104 1636
0.02 a -14821 5429 -1249 g -464 -181 101
0.02 a -13176 6638 -801 g 26 -231 -1448
0.02 a -12881 8457 -699 g 337 -552 -2713
0.02 a -12707 10938 -1367 g 456 -990 -3967
0.02 a -13857 13134 -2989 g 570 -1305 -5331
0.02 a -15982 16912 -5226 g 827 -2050 -6858
0.02 a -16468 22493 -7414 g 1205 -2894 -8843
0.02 a -15429 29004 -9665 g 1531 -3381 -10885
0.02 a -12372 32732 -10425 g 1917 -3647 -12592
0.02 a -4689 32732 -8394 g 2534 -3904 -13656
0.02 a 3301 32732 -4346 g 3247 -4256 -13261
0.02 a 14770 32732 543 g 3313 -2748 -11717
0.02 a 26796 27637 12359 g 3148 1347 -9821
0.02 a 17053 15854 12756 g 2202 2711 -5514
0.02 a 9951 8189 8420 g 135 1422 -1909
0.02 a 8877 4499 1045 g -832 -436 -1583
0.02 a 9231 3283 -372 g -1161 -461 -1597
0.02 a 8423 3164 1159 g -221 -518 -1296
0.02 a 6996 3211 2538 g 427 -644 -532
0.02 a 5347 3143 3937 g 716 -585 155
0.02 a 2986 3119 4448 g 668 -443 809
0.02 a 1001 2650 4098 g 436 -464 1220
