0.02 a -1615 -492 2492 g 266 34 527
0.02 a -2309 202 3434 g 459 4 508
0.02 a -3596 1067 3488 g 589 -93 285
0.02 a -5304 2263 4449 g 691 40 6
0.02 a -7650 3224 6222 g 889 380 -225
0.02 a -10609 4197 7034 g 840 349 -544
0.02 a -13270 4867 7894 g 528 500 -1089
0.02 a -14536 5750 8241 g 237 646 -1928
0.02 a -14766 7014 7836 g -103 601 -2926
0.02 a -15411 8272 7508 g -432 730 -3895
0.02 a -15706 9621 6871 g -518 714 -5108
0.02 a -15414 12175 6577 g -570 777 -6736
0.02 a -12731 15803 7569 g -672 1326 -8776
0.02 a -7595 22127 10038 g -752 1390 -10720
0.02 a 1069 29080 9374 g -826 -569 -12052
0.02 a 9301 31851 4899 g -1629 -3597 -12258
0.02 a 17122 30988 385 g -3185 -3486 -11006
0.02 a 24170 24676 -4266 g -4201 -2212 -8968
0.02 a 27604 16169 -8479 g -4164 -773 -6020
0.02 a 25097 10676 -10133 g -3655 278 -2763
0.02 a 20639 8128 -10099 g -2603 1081 9
0.02 a 16659 8860 -9328 g -1533 1267 1705
0.02 a 14108 10563 -9615 g -699 1155 2719
0.02 a 13493 12381 -8909 g 234 569 3444
0.02 a 13535 15015 -9024 g 1615 -282 4366
0.02 a 13834 19797 -7312 g 3338 -932 5512
0.02 a 13113 27170 -2307 g 5813 -1729 6797
0.02 a 10843 32732 7087 g 8714 -2768 8249
0.02 a 8816 32732 19182 g 10837 -3127 9446
0.02 a -364 32732 29102 g 10716 -1604 10600
0.02 a -13843 32732 30940 g 9208 -1325 12196
0.02 a -15249 27194 25570 g 6977 -855 11118
0.02 a -16713 21320 19203 g 4235 905 8889
0.02 a -21901 14273 14084 g 2550 2205 8013
0.02 a -21888 7607 10085 g 1278 2718 6738
0.02 a -19009 3974 6168 g 319 2154 4496
0.02 a -17455 2574 2860 g -66 674 2320
0.02 a -15871 3209 629 g -195 -88 286
0.02 a -14707 5723 -1214 g -238 -67 -1558
0.02 a -14159 9142 -2585 g -173 -55 -3175
0.02 a -14810 12465 -2656 g 270 -603 -4645
0.02 a -15781 16804 -3531 g 711 -1679 -6158
0.02 a -16608 22704 -5877 g 757 -2716 -8028
0.02 a -16883 29951 -8807 g 735 -3228 -10128
0.02 a -15393 32732 -12448 g 932 -3433 -12156
0.02 a -13070 32732 -15771 g 1518 -4387 -13648
0.02 a -5726 32732 -14942 g 2479 -5926 -14666
0.02 a 4549 32732 -12322 g 3304 -7338 -14611
0.02 a 12808 32732 -8264 g 3367 -5744 -12398
0.02 a 23746 32722 4171 g 2515 1963 -9977
0.02 a 22944 19810 6552 g 2009 6152 -7270
0.02 a 18350 10804 1137 g 1117 1778 -4050
0.02 a 12676 5858 -721 g 1476 -2599 -2336
0.02 a 10973 4695 1591 g 1674 -2384 -1664
0.02 a 11439 5336 4070 g 1587 -1268 -1603
0.02 a 9231 4895 5441 g 1379 -845 -928
0.02 a 5101 3936 4995 g 1098 -1156 225
0.02 a 2015 3844 3104 g 814 -1688 919
0.02 a 537 3393 3937 g 859 -1560 1039
0.02 a 22 3485 4704 g 924 -875 878
0.02 a -475 3422 4960 g 634 -234 788
