0.02 a -2997 86 2837 g 295 200 377
0.02 a -4062 281 2717 g 269 272 407
0.02 a -5229 594 2640 g 432 314 209
0.02 a -6577 1374 3564 g 741 439 -180
0.02 a -9009 1941 4950 g 954 657 -513
0.02 a -11665 2837 5600 g 912 579 -944
0.02 a -13522 4130 6400 g 751 565 -1665
0.02 a -14345 5675 6503 g 538 816 -2577
0.02 a -15047 6633 5896 g 311 1094 -3476
0.02 a -15173 7576 4209 g 68 1265 -4311
0.02 a -14017 8795 2875 g 3 1602 -5481
0.02 a -12238 10485 2747 g 333 1949 -6854
0.02 a -9372 12860 3584 g 877 1796 -8120
0.02 a -4592 17320 5801 g 1448 884 -9049
0.02 a 3938 22980 5975 g 1562 -920 -9847
0.02 a 17449 25352 2150 g 650 -2191 -10515
0.02 a 27891 20848 2167 g -379 -1144 -9825
0.02 a 26935 12611 1031 g -395 -73 -6535
0.02 a 20212 6418 -3438 g -514 -435 -2516
0.02 a 15728 3756 -6006 g -555 -154 -190
0.02 a 14378 3978 -4924 g 149 458 461
0.02 a 13803 6260 -5396 g 679 625 947
0.02 a 14624 9209 -6176 g 1052 693 1660
0.02 a 15320 12490 -5412 g 1929 437 2778
0.02 a 15700 16087 -3737 g 3379 -157 4309
0.02 a 15781 22279 -559 g 4606 528 5761
0.02 a 12048 31058 3639 g 5339 1427 7923
0.02 a 5233 32732 9138 g 6150 1238 10605
0.02 a -2147 32732 12969 g 6228 1453 12604
0.02 a -14518 32732 16431 g 5313 2247 13904
0.02 a -23542 32702 16974 g 4073 2634 14287
0.02 a -22932 23812 14687 g 2287 2545 11626
0.02 a -22539 16260 10224 g 265 1836 8655
0.02 a -20928 13247 4153 g -914 473 6324
0.02 a -21372 8934 674 g -1436 749 4512
0.02 a -19574 6176 -2315 g -1439 1565 2912
0.02 a -15974 5270 -3159 g -980 709 639
0.02 a -13069 6300 -3183 g -225 -246 -1519
0.02 a -11054 9426 -3842 g 246 -1074 -3330
0.02 a -10178 12155 -4581 g 542 -1440 -4727
0.02 a -10325 14976 -6716 g 814 -1916 -5922
0.02 a -11161 18365 -9914 g 1180 -2793 -7240
0.02 a -12715 22543 -13137 g 1834 -3879 -8749
0.02 a -13043 30098 -16941 g 2427 -4762 -10533
0.02 a -7684 32732 -18539 g 3033 -5297 -12579
0.02 a 2281 32732 -15157 g 4024 -4994 -13942
0.02 a 9764 32732 -9136 g 5240 -4189 -12697
0.02 a 12160 32732 -1899 g 5880 -2410 -9827
0.02 a 12979 27716 12569 g 5409 2117 -7496
0.02 a 14278 16472 16276 g 4422 3435 -5566
0.02 a 19568 12372 11822 g 1676 1132 -4902
0.02 a 12458 7463 5630 g 429 -1722 -2778
0.02 a 8077 4328 3763 g -50 -2141 -732
0.02 a 6001 3238 3526 g -70 -1056 -250
0.02 a 3858 2586 4223 g 104 -669 51
0.02 a 2361 2706 4395 g 291 -1121 243
0.02 a 1580 2847 4178 g 294 -1587 334
0.02 a 665 2920 3415 g 120 -1581 500
