0.02 a -854 -126 1591 g 228 39 844
0.02 a -1503 113 1772 g 352 142 837
0.02 a -2704 522 1997 g 419 206 790
0.02 a -3916 1193 2176 g 551 124 721
0.02 a -5702 1813 2835 g 853 -101 506
0.02 a -9135 2327 5543 g 1194 262 358
0.02 a -13005 3109 8004 g 1230 981 187
0.02 a -16003 3848 9047 g 886 1051 -296
0.02 a -17054 5665 7979 g 239 527 -1192
0.02 a -16724 7502 5930 g -373 120 -2420
0.02 a -16202 9021 3892 g -701 420 -3545
0.02 a -16435 10827 3218 g -538 885 -4554
0.02 a -16301 13988 3634 g 134 718 -5867
0.02 a -15078 19310 6167 g 732 416 -7684
0.02 a -11425 25004 9756 g 890 483 -9697
0.02 a -4853 31290 12421 g 421 639 -11269
0.02 a 3889 32732 10573 g -525 52 -11894
0.02 a 14128 32732 5250 g -1362 -1852 -11740
0.02 a 25963 27974 -373 g -2236 -2581 -10997
0.02 a 29954 17974 293 g -2501 -1009 -8870
0.02 a 24217 9669 -906 g -2144 565 -4852
0.02 a 17096 3262 -1595 g -1658 511 -1593
0.02 a 13647 1102 -3642 g -1506 410 -432
0.02 a 12979 1696 -4472 g -1622 1018 -303
0.02 a 13360 3019 -4621 g -1561 1701 -206
0.02 a 13909 4925 -4436 g -1379 1863 316
0.02 a 14635 8549 -4909 g -782 599 1168
0.02 a 15105 12483 -5999 g 23 -1368 2120
0.02 a 14265 15564 -7499 g 421 -1543 3404
0.02 a 15197 18567 -8265 g 892 -979 4564
0.02 a 16321 24564 -6605 g 2321 -768 5613
0.02 a 14620 32617 -664 g 5244 -2022 7397
0.02 a 10807 32732 7705 g 8991 -3454 9584
0.02 a 7758 32732 15523 g 11147 -2813 11322
0.02 a 1873 32732 20938 g 10978 -251 12548
0.02 a -11480 32732 27056 g 9456 2228 14465
0.02 a -24192 32732 28477 g 8087 1901 15666
0.02 a -22040 30633 21084 g 4891 1821 13092
0.02 a -18602 20685 15215 g 1155 2621 9078
0.02 a -18125 15833 6791 g -1051 1977 6881
0.02 a -17744 12093 1486 g -1987 818 5309
0.02 a -17437 10296 -2118 g -1862 612 3732
0.02 a -18047 8219 -2837 g -1326 796 2104
0.02 a -17415 8223 -2412 g -653 920 85
0.02 a -16060 10275 -2645 g -319 404 -2303
0.02 a -14918 13816 -3029 g -121 -231 -4661
0.02 a -14056 19441 -3630 g 77 -667 -6860
0.02 a -13793 26970 -4527 g 270 -1380 -9008
0.02 a -14713 32732 -6111 g 416 -2905 -11209
0.02 a -16180 32732 -10078 g 123 -5190 -13439
0.02 a -14138 32732 -15416 g -962 -6862 -15737
0.02 a -5519 32732 -16949 g -1595 -6784 -17446
0.02 a 5193 32732 -13168 g -714 -6102 -17172
0.02 a 15243 32732 -11659 g 242 -5848 -14915
0.02 a 30336 32732 -3614 g 713 -3402 -12558
0.02 a 26670 22234 3060 g 802 1505 -8517
0.02 a 14733 12432 83 g -711 3303 -3037
0.02 a 8432 4405 -1945 g -510 848 -1118
0.02 a 6421 2070 -1472 g 305 -1422 -1436
0.02 a 6987 2187 327 g 768 -1798 -1945
0.02 a 8376 3451 1711 g 850 -1420 -2174
0.02 a 8515 4359 2496 g 820 -784 -1700
0.02 a 6527 3762 3078 g 872 -314 -660
0.02 a 3728 3076 3183 g 1044 -399 271
0.02 a 1863 2399 3931 g 1222 -525 639
0.02 a 1111 2207 4624 g 1238 -298 547
0.02 a 730 2194 4929 g 954 211 444
0.02 a 69 2181 4515 g 628 470 535
0.02 a -541 2201 4090 g 473 318 730
0.02 a -985 2343 3816 g 445 95 819
0.02 a -1322 2556 3640 g 401 103 794
0.02 a -1242 2779 3756 g 370 85 656
0.02 a -1117 3079 3649 g 341 59 555
0.02 a -985 3026 3527 g 243 197 599
0.02 a -1061 2879 3141 g 142 366 697
0.02 a -1215 2875 2704 g 48 429 775
0.02 a -1468 2900 2573 g 21 530 814
0.02 a -1403 2943 2413 g 21 538 754
0.02 a -1057 2975 2325 g 56 584 652
