0.02 a -1561 445 660 g 24 -537 316
0.02 a -2070 1167 473 g 166 -283 336
0.02 a -4437 2220 133 g 374 -12 613
0.02 a -7937 3404 1386 g 966 -81 566
0.02 a -11020 4597 3409 g 1477 523 72
0.02 a -13777 5183 4951 g 1442 1583 -448
0.02 a -15051 6183 5989 g 1242 1937 -1065
0.02 a -15936 7143 6429 g 1135 1423 -1814
0.02 a -16127 8005 6396 g 1052 733 -2860
0.02 a -16147 8959 6179 g 962 324 -4243
0.02 a -15399 10745 5769 g 915 29 -5843
0.02 a -14214 14100 5817 g 843 -28 -7666
0.02 a -11129 18962 6922 g 742 397 -9720
0.02 a -4302 25631 8046 g 565 245 -11582
0.02 a 3543 29315 5712 g 333 -1842 -12572
0.02 a 12177 30078 877 g -707 -3728 -12247
0.02 a 20993 25997 -1988 g -1803 -3071 -11042
0.02 a 25260 17946 -469 g -1995 -980 -8772
0.02 a 23781 11788 -2618 g -1839 139 -5332
0.02 a 19826 6515 -6168 g -1577 -738 -2128
0.02 a 16904 4920 -7923 g -1360 -404 -160
0.02 a 14827 5754 -6658 g -893 950 808
0.02 a 12841 7908 -4971 g -406 2011 1735
0.02 a 12473 11182 -3156 g -26 2131 2681
0.02 a 12507 13566 -3671 g 307 1247 3732
0.02 a 12958 15830 -5224 g 583 783 4990
0.02 a 14312 19203 -4438 g 1450 1073 6233
0.02 a 13256 24842 -2103 g 3036 541 7758
0.02 a 9169 32732 3501 g 5287 -1148 9899
0.02 a 4363 32732 11700 g 7752 -2462 11803
0.02 a -1739 32732 18817 g 8659 -1168 13079
0.02 a -14086 32732 22440 g 7231 1332 14262
0.02 a -25629 32732 21617 g 5191 2369 14868
0.02 a -24170 25513 15789 g 2908 2031 12678
0.02 a -18990 18037 11315 g 259 2387 8646
0.02 a -19111 13884 5645 g -1278 1743 6345
0.02 a -18769 10917 983 g -1752 -227 4792
0.02 a -18107 8835 -1852 g -1637 -627 3059
0.02 a -17821 7424 -4126 g -1376 -202 1328
0.02 a -17189 6849 -3378 g -719 79 -548
0.02 a -17066 8621 -3488 g 17 -371 -2442
0.02 a -16374 12563 -4412 g 347 -1276 -4447
0.02 a -14867 18366 -5978 g 570 -1912 -6724
0.02 a -14293 25187 -7871 g 757 -2354 -8953
0.02 a -14505 32146 -11061 g 1136 -2974 -10972
0.02 a -15146 32732 -16084 g 1538 -4845 -12717
0.02 a -11306 32732 -18522 g 1938 -6878 -14500
0.02 a -707 32732 -17817 g 2118 -7379 -15792
0.02 a 11425 32732 -12688 g 2653 -5768 -15116
0.02 a 24905 32732 -4948 g 3460 -2946 -12739
0.02 a 24662 25340 9283 g 4127 1061 -9181
0.02 a 14342 14909 9834 g 2490 3727 -4110
0.02 a 13344 7951 4613 g 369 611 -2586
0.02 a 11540 3773 -1065 g -237 -2041 -2264
0.02 a 9265 2331 9 g -15 -2021 -1651
0.02 a 8168 3401 2736 g 743 -631 -1120
0.02 a 7142 4125 5225 g 1011 -5 -666
0.02 a 4869 3762 5773 g 986 -266 -45
0.02 a 2631 3370 4690 g 643 -946 508
0.02 a 1059 2964 3734 g 358 -1274 810
0.02 a 235 2552 3464 g 290 -1124 943
