0.02 a -3272 -362 2907 g 417 -325 245
0.02 a -4340 -52 3003 g 554 -583 264
0.02 a -6460 797 3047 g 669 -399 302
0.02 a -9528 2281 4004 g 821 211 137
0.02 a -12046 3937 4811 g 954 856 -427
0.02 a -13251 5297 5258 g 903 1142 -1316
0.02 a -14119 5612 5116 g 833 1214 -1974
0.02 a -15213 5941 4675 g 817 1050 -2513
0.02 a -15704 6250 4139 g 924 770 -3499
0.02 a -14821 7173 4066 g 1128 679 -5051
0.02 a -13606 9104 4948 g 1315 1199 -6747
0.02 a -12074 11638 6257 g 1395 2060 -8314
0.02 a -7847 16894 8038 g 1438 2247 -9718
0.02 a -1250 21523 8326 g 1764 257 -10786
0.02 a 6602 24506 5734 g 1373 -2198 -11206
0.02 a 15613 25238 3222 g -95 -2048 -10877
0.02 a 25740 20206 1981 g -807 -1100 -9697
0.02 a 24800 12426 2768 g -484 -494 -6433
0.02 a 18761 7508 -209 g -866 49 -2070
0.02 a 14938 5412 -3666 g -1348 174 329
0.02 a 13228 5185 -3662 g -1043 587 1105
0.02 a 12221 6049 -3229 g -437 652 1445
0.02 a 11310 8467 -3514 g -246 644 2091
0.02 a 12494 11179 -3633 g -109 280 2735
0.02 a 13623 13596 -2965 g 750 -908 3583
0.02 a 14706 15764 -2761 g 2256 -2188 4726
0.02 a 16940 20908 -631 g 3849 -1791 5660
0.02 a 15454 29825 3156 g 5422 -1428 7387
0.02 a 8673 32732 8322 g 7646 -2697 10325
0.02 a 2210 32732 17146 g 9764 -3138 12289
0.02 a -7458 32732 27183 g 10478 -1734 12668
0.02 a -19867 32732 29333 g 8984 124 13443
0.02 a -18987 28423 25327 g 5782 1208 11757
0.02 a -18508 19222 18423 g 2226 2449 8878
0.02 a -21306 12612 8101 g -202 1489 7628
0.02 a -23060 7542 3944 g -928 1712 6208
0.02 a -20512 4851 1493 g -1014 1982 3752
0.02 a -18062 4043 42 g -737 706 1235
0.02 a -15401 5683 -744 g -351 -602 -933
0.02 a -13324 8907 -1536 g -144 -1090 -2836
0.02 a -12012 12150 -2185 g -46 -700 -4410
0.02 a -11661 15187 -2439 g 140 38 -5715
0.02 a -12391 18464 -3663 g 478 -84 -6876
0.02 a -14621 22773 -4985 g 1005 -1251 -8058
0.02 a -15914 29287 -6635 g 1490 -2320 -9645
0.02 a -14550 32732 -9243 g 1785 -3011 -11854
0.02 a -9280 32732 -10922 g 2008 -3112 -13941
0.02 a 474 32732 -8820 g 2773 -2915 -14771
0.02 a 7683 32732 -7439 g 3937 -3967 -13669
0.04 a 29766 28315 6546 g 4411 -800 -10196
0.02 a 19716 15531 10801 g 2544 4975 -5779
0.02 a 11809 7626 5335 g 871 2290 -2090
0.02 a 9734 4032 288 g 784 -2889 -1548
0.02 a 8614 3410 571 g 649 -2959 -1516
0.02 a 8362 3880 2711 g 998 -1722 -1296
0.02 a 7489 4145 4595 g 1296 -1140 -792
0.02 a 4847 3816 5330 g 1165 -684 70
0.02 a 1873 3358 5058 g 898 -514 797
0.02 a -261 2900 4449 g 631 -609 1076
0.02 a -1511 2560 4518 g 536 -552 1062
0.02 a -1915 2325 4346 g 437 -498 891
0.02 a -2174 2068 4176 g 288 -329 812
0.02 a -2314 2193 4020 g 99 -31 815
0.02 a -2349 2346 3901 g -32 128 807
