0.02 a -2290 288 1191 g -286 24 537
0.02 a -3737 444 1080 g 63 21 543
0.02 a -5448 1278 1622 g 381 235 182
0.02 a -8451 2596 2837 g 572 753 -59
0.02 a -11394 3656 3258 g 738 621 -186
0.02 a -14314 4126 4870 g 846 737 -457
0.02 a -15812 4831 5965 g 828 1334 -1067
0.02 a -16624 5797 5321 g 554 1298 -1978
0.02 a -16199 6838 4680 g 465 1113 -3231
0.02 a -15406 8031 4277 g 695 1284 -4753
0.02 a -14136 10008 5062 g 1093 1789 -6235
0.02 a -12640 12885 6155 g 1526 1843 -7783
0.02 a -9465 16866 8172 g 1818 1797 -9227
0.02 a -3279 22532 9689 g 2013 594 -10418
0.02 a 4357 25907 6733 g 1655 -2228 -11203
0.02 a 12375 25318 3006 g 285 -3700 -11003
0.02 a 20718 20783 -382 g -1012 -2631 -9826
0.02 a 23800 14385 799 g -1465 -319 -7595
0.02 a 21938 9257 -61 g -1426 1781 -4273
0.02 a 17641 5475 -3001 g -1234 930 -1412
0.02 a 14166 3969 -4612 g -1017 601 409
0.02 a 12932 4690 -4561 g -611 960 961
0.02 a 12466 7402 -4252 g -345 1637 1332
0.02 a 13698 10205 -4458 g -169 1737 1952
0.02 a 14756 12507 -3949 g 529 688 2928
0.02 a 14825 14379 -4453 g 1756 -868 4375
0.02 a 15695 18908 -3963 g 2898 -1060 5746
0.02 a 14281 25690 -609 g 4423 -590 7189
0.02 a 9534 32732 4482 g 6516 -1381 9362
0.02 a 4821 32732 12421 g 8236 -984 11283
0.02 a -3480 32732 19402 g 8262 1203 12647
0.02 a -18937 32732 22037 g 6459 2934 14478
0.02 a -24142 32515 19587 g 4328 2863 14394
0.02 a -21257 23659 17035 g 1692 3036 10717
0.02 a -22007 16130 10462 g -990 2905 8296
0.02 a -20431 12400 3399 g -2329 811 6374
0.02 a -18386 9711 -920 g -2468 13 4256
0.02 a -17289 7183 -3527 g -2062 398 2708
0.02 a -15604 5330 -3958 g -1335 736 1102
0.02 a -13824 6031 -3350 g -426 486 -736
0.02 a -12612 8986 -3693 g 184 -57 -2508
0.02 a -11616 11959 -4195 g 580 -509 -4090
0.02 a -10640 15172 -5363 g 985 -789 -5590
0.02 a -10419 18587 -6911 g 1471 -939 -6943
0.02 a -12003 21534 -9074 g 2234 -1510 -8134
0.02 a -16154 26127 -14318 g 3058 -3112 -9318
0.02 a -16143 32732 -17122 g 3738 -5026 -11367
0.02 a -5436 32732 -13802 g 4573 -5448 -14378
0.02 a 9619 32732 -10500 g 5351 -5773 -15517
0.02 a 18953 32732 -9474 g 5759 -5020 -13039
0.02 a 16920 30964 4969 g 5420 832 -9254
0.02 a 6350 17019 16017 g 5560 7003 -4541
0.02 a 17230 12807 9974 g 3674 2699 -4284
0.02 a 18021 9465 5717 g 1093 278 -4912
0.02 a 10213 5913 4518 g 1000 -1000 -2054
0.02 a 6290 4359 5254 g 1473 -2020 -508
0.02 a 6625 4006 6706 g 1380 -1324 -411
0.02 a 5593 3782 6377 g 1050 -1403 -282
0.02 a 3456 3387 4930 g 608 -1892 263
0.02 a 1260 3198 4118 g 304 -1848 740
0.02 a -133 2998 3770 g 117 -1287 1052
0.02 a -803 2885 3883 g 11 -712 1127
0.02 a -1812 2742 3682 g -162 -378 1165
