0.02 a -875 -717 3729 g -49 58 419
0.02 a -1408 -494 3778 g -95 -212 392
0.02 a -2141 222 3450 g -42 -531 241
0.02 a -2965 1281 3087 g 33 -779 -22
0.02 a -4434 2507 3627 g 176 -604 -243
0.02 a -7345 3181 5447 g 329 125 -246
0.02 a -10981 3159 7517 g 418 943 -205
0.02 a -14416 3292 8235 g 321 1081 -455
0.02 a -15676 4275 6606 g -95 663 -1353
0.02 a -15260 5577 4859 g -507 607 -2671
0.02 a -15073 6910 3754 g -577 1291 -3792
0.02 a -15106 8955 4633 g -201 1733 -4882
0.02 a -13927 12536 6140 g 298 1591 -6313
0.02 a -10243 16924 7864 g 439 750 -8105
0.02 a -3886 21558 9639 g 268 -572 -9684
0.02 a 4322 25001 7462 g -606 -2085 -10461
0.02 a 15097 26999 1265 g -2444 -2287 -10728
0.02 a 28160 23158 -1573 g -3674 -365 -10370
0.02 a 30487 15219 -1741 g -2813 765 -7821
0.02 a 25353 9319 -4529 g -1802 499 -3291
0.02 a 20667 6377 -5825 g -1197 -206 -355
0.02 a 17270 6597 -6635 g -842 -127 1059
0.02 a 14732 7641 -7452 g -551 222 1860
0.02 a 14812 9102 -8872 g -374 553 2506
0.02 a 16227 11689 -10249 g 185 278 3257
0.02 a 15639 14858 -9625 g 1843 -881 4564
0.02 a 13695 18829 -5913 g 4231 -1633 6093
0.02 a 11614 25199 -739 g 6445 -1759 7120
0.02 a 8228 32732 7368 g 8466 -1812 8139
0.02 a 4182 32732 17851 g 9879 -1367 9010
0.02 a -6335 32732 24748 g 9717 -265 10170
0.02 a -15295 32270 26890 g 8258 49 11031
0.02 a -16206 23524 23835 g 6043 -561 9296
0.02 a -16499 16631 17278 g 3437 -208 7140
0.02 a -18591 12548 10673 g 1543 348 5640
0.02 a -23283 7855 9440 g 785 1954 4793
0.02 a -22623 4697 6402 g 397 1947 3304
0.02 a -19668 4771 4752 g 89 529 685
0.02 a -17375 7955 2350 g -237 -1030 -1676
0.02 a -14537 11408 131 g -770 -1891 -3664
0.02 a -12948 15021 -1492 g -1359 -1376 -5335
0.02 a -13608 18845 -2871 g -1427 -1204 -6574
0.02 a -14859 23589 -5035 g -1162 -2640 -7799
0.02 a -15808 29515 -7359 g -1027 -4355 -9371
0.02 a -13149 32732 -10246 g -1200 -5068 -11242
0.02 a -7034 32732 -12356 g -1372 -4768 -12928
0.02 a 3183 32732 -10781 g -758 -3525 -13448
0.02 a 12763 32732 -9294 g 500 -2452 -12429
0.02 a 29350 32732 1109 g 1768 8 -10906
0.02 a 32680 21001 8330 g 2730 2713 -8740
0.02 a 20957 10845 7283 g 1443 2883 -3479
0.02 a 10644 2836 3131 g 738 -188 -369
0.02 a 8189 775 1287 g 355 -1827 -194
0.02 a 7815 1508 3062 g 503 -1547 -722
0.02 a 7188 2715 4382 g 740 -1430 -754
0.02 a 4816 3054 5406 g 756 -1309 -58
0.02 a 1966 3090 5144 g 596 -1089 785
0.02 a -212 2817 4352 g 339 -894 1229
0.02 a -1437 2380 3952 g 282 -764 1223
0.02 a -1491 2362 3723 g 286 -654 901
0.02 a -1063 2565 3478 g 202 -277 563
