0.02 a -749 -3767 837 g -188 173 12
0.02 a -702 -3632 841 g -136 287 61
0.02 a -889 -3681 1174 g 55 123 132
0.02 a -954 -3587 1322 g 174 -245 84
0.02 a -530 -3330 520 g 160 -709 -95
0.02 a -285 -3116 -3170 g 11 -1128 -263
0.02 a -309 -1555 -8536 g -89 -1458 -399
0.02 a 1374 1492 -7775 g 750 -931 -451
0.02 a 3590 4653 -7118 g 2097 -1093 -675
0.02 a 4088 8479 -8124 g 2432 -1091 -449
0.02 a 3522 11651 -11079 g 2237 -703 195
0.02 a 1285 15192 -14478 g 2417 -825 787
0.02 a -772 18087 -16175 g 3808 -1385 986
0.02 a -1666 22418 -16028 g 6108 -1514 557
0.02 a -1628 30137 -14952 g 8481 -1110 -47
0.02 a -2558 32732 -10028 g 10896 -621 -362
0.02 a -4650 32732 1222 g 13442 1160 244
0.02 a -7605 32732 16914 g 15262 2928 1583
0.02 a -11822 32732 28909 g 15673 2416 2594
0.02 a -2196 32732 31058 g 13979 -581 1584
0.02 a 5174 30176 32746 g 10854 -1478 -1042
0.02 a 866 20141 29071 g 7195 713 344
0.02 a -1123 12728 25408 g 4649 -172 1483
0.02 a -2666 7160 22148 g 3302 -1375 1621
0.02 a -2962 4056 17724 g 1763 -2041 1272
0.02 a -1697 3061 13316 g 348 -2300 637
0.02 a -770 3196 9792 g -721 -2150 291
0.02 a -855 4150 7014 g -1508 -1541 351
0.02 a -532 5298 4642 g -2017 -917 397
0.02 a -304 6113 2214 g -2253 -774 332
0.02 a 111 6192 131 g -2382 -776 322
0.02 a -24 6062 -1369 g -2329 -719 396
0.02 a -314 5375 -1891 g -2126 -599 519
