0.02 a -177 -3336 329 g 28 -246 22
0.02 a -435 -2405 -747 g -21 -389 53
0.02 a -642 -1087 -2333 g 32 -532 -5
0.02 a -511 56 -4077 g 272 -548 -123
0.02 a -316 2010 -6099 g 678 -356 -176
0.02 a -706 5801 -9159 g 1123 -660 -282
0.02 a -1174 10495 -11369 g 1946 -1050 -494
0.02 a -1758 14477 -11656 g 3477 -1094 -732
0.02 a -2732 17158 -10745 g 5577 -868 -978
0.02 a -3740 20077 -10069 g 7644 -530 -1212
0.02 a -4329 24239 -9270 g 9559 -328 -1579
0.02 a -4128 31620 -5049 g 11713 -470 -2228
0.02 a -2466 32732 5996 g 14154 -286 -2842
0.02 a -772 32732 23740 g 16199 -48 -3350
0.02 a 1356 32732 32764 g 16672 -311 -3602
0.02 a 6651 23806 32764 g 12238 907 -3864
0.02 a 9508 15548 25485 g 5456 1503 -3043
0.02 a 7972 9781 20134 g 2833 153 -1617
0.02 a 4411 5519 16958 g 2162 -839 -325
0.02 a 2193 3305 13350 g 975 -515 385
0.02 a 2016 2587 10291 g -98 -32 298
0.02 a 1682 2747 7740 g -659 -124 103
0.02 a 815 3176 5512 g -1088 -171 265
