0.02 a 418 -2671 3258 g 86 -13 -47
0.02 a 440 -2545 3152 g 77 -86 -11
0.02 a 248 -2643 3074 g 31 -233 63
0.02 a 52 -2545 3081 g -2 -194 95
0.02 a 186 -2484 3159 g -12 -117 22
0.02 a 271 -2575 3168 g -11 -83 -15
0.02 a -49 -2620 2605 g -20 -286 -11
0.02 a -595 -2801 1368 g -29 -533 -1
0.02 a -1441 -1974 -1433 g -130 -795 -62
0.02 a -970 -1186 -2429 g 7 -495 -299
0.02 a 726 -837 -1500 g 812 486 -527
0.02 a 1565 -437 -1041 g 1382 328 -548
0.02 a 1560 258 -1530 g 1547 -359 -276
0.02 a 719 1446 -3598 g 1455 -869 101
0.02 a -558 2434 -6131 g 1380 -1023 432
0.02 a -2248 4055 -8453 g 1530 -699 589
0.02 a -1952 6084 -8225 g 2164 -208 284
0.02 a -764 7664 -5988 g 3607 -158 -393
0.02 a -388 8884 -2911 g 4970 -238 -690
0.02 a -1057 10250 -721 g 5647 25 -499
0.02 a -1464 11618 501 g 5813 274 -344
0.02 a -1687 13085 505 g 5864 297 -415
0.02 a -1506 15215 980 g 6095 539 -481
0.02 a -1243 17618 3326 g 6608 1270 -488
0.02 a -2266 18734 9061 g 7416 1568 -386
0.02 a -3781 17373 16292 g 8326 778 -320
0.02 a -1251 14096 19378 g 8044 -523 -991
0.02 a 3435 11765 18149 g 6046 -1117 -2100
0.02 a 4058 9527 16667 g 3930 -190 -1654
0.02 a 2401 7818 14887 g 2551 411 -228
0.02 a 912 6384 12525 g 1663 14 573
0.02 a 38 5154 9872 g 957 -575 652
0.02 a -408 4377 7457 g 296 -860 470
0.02 a -87 4066 5760 g -153 -841 255
0.02 a 377 3960 4513 g -406 -587 112
0.02 a 448 4004 3510 g -564 -187 120
0.02 a 289 4041 2664 g -634 -38 152
0.02 a 128 4054 2011 g -663 -92 153
0.02 a 114 4080 1601 g -736 -232 155
0.02 a 76 4081 1151 g -764 -325 109
0.02 a -76 4037 870 g -796 -262 101
