0.02 a -655 -2117 -1336 g -151 241 -102
0.02 a -301 -239 -3068 g -40 172 -335
0.02 a -558 2784 -6881 g 203 -252 -440
0.02 a -877 7603 -10729 g 513 -494 -351
0.02 a 203 12336 -13603 g 1552 -574 -595
0.02 a 767 14260 -13668 g 3546 -590 -775
0.02 a -519 14638 -12861 g 5919 -436 -281
0.02 a -2641 16926 -12689 g 7777 -632 171
0.02 a -3677 21626 -10148 g 9512 -925 -223
0.02 a -2266 28464 -2606 g 11600 -865 -1380
0.02 a 874 32732 10077 g 13147 -182 -2357
0.02 a 2691 32732 26532 g 13809 278 -2526
0.02 a 4153 27363 32764 g 12776 -122 -2336
0.02 a 5237 17889 32028 g 8720 722 -1585
0.02 a 5574 10764 25614 g 4608 491 -803
0.02 a 3226 6276 19524 g 2371 -277 54
0.02 a 907 4059 14469 g 853 -373 610
0.02 a -44 3225 10899 g -71 87 570
0.02 a -234 3129 8041 g -575 279 276
0.02 a -495 3376 5843 g -836 195 111
