0.02 a -365 -2926 2621 g -178 -179 76
0.02 a -156 -2804 2482 g -175 -177 -13
0.02 a -4 -2635 2157 g -205 -165 -53
0.02 a 102 -2225 1415 g -292 -220 20
0.02 a -306 -1131 55 g -412 -341 191
0.02 a -1259 746 -3756 g -584 -903 243
0.02 a -1655 4454 -8390 g -728 -1418 31
0.02 a 662 9513 -11464 g -333 -840 -562
0.02 a 3604 13609 -12436 g 779 -175 -1083
0.02 a 3096 15694 -11957 g 2830 -763 -708
0.02 a -403 16264 -11142 g 4939 -1357 491
0.02 a -4072 17700 -10707 g 6638 -1641 1159
0.02 a -5162 22159 -9689 g 8340 -1510 487
0.02 a -2564 32015 -1975 g 10463 -467 -875
0.02 a 1026 32732 12435 g 13104 502 -1831
0.02 a -193 32732 28023 g 15079 52 -1501
0.02 a -774 30328 32764 g 14282 95 -752
0.02 a 2119 17580 32764 g 9869 1027 -773
0.02 a 2854 11686 26641 g 4891 483 -541
0.02 a 2286 8179 21420 g 2852 -1473 -248
0.02 a 764 4828 18490 g 1963 -2075 34
0.02 a -635 2348 15091 g 828 -1601 427
0.02 a -945 1642 10767 g -273 -1663 454
0.02 a -276 1974 6772 g -1096 -1748 158
0.02 a 626 2767 3838 g -1600 -1347 -97
0.02 a 1164 3590 2089 g -1826 -574 -82
0.02 a 1267 4258 1291 g -1777 95 67
0.02 a 962 4580 908 g -1545 374 194
0.02 a 532 4822 469 g -1351 380 210
0.02 a 481 4954 -96 g -1245 375 129
0.02 a 561 4815 -510 g -1122 210 48
0.02 a 453 4467 -543 g -885 -31 93
0.02 a 180 4103 -421 g -651 -125 196
