0.02 a -210 -2779 2793 g -25 23 -57
0.02 a -298 -2888 2948 g -21 -62 -82
0.02 a -368 -3069 2834 g -1 -292 -94
0.02 a -237 -2984 2682 g 40 -439 -103
0.02 a -90 -2949 2780 g 113 -389 -78
0.02 a -123 -3132 2822 g 113 -284 5
0.02 a -248 -3091 2769 g 28 -181 90
0.02 a -250 -2845 2542 g -50 -170 96
0.02 a -221 -2786 2172 g -61 -277 37
0.02 a -65 -2621 1489 g 20 -411 -40
0.02 a 170 -2415 303 g 128 -483 -57
0.02 a 314 -2062 -1190 g 170 -406 -32
0.02 a 387 -1789 -2055 g 294 -227 102
0.02 a 431 -1437 -2912 g 583 -292 228
0.02 a 460 -866 -3897 g 911 -546 244
0.02 a 562 78 -4759 g 1202 -417 253
0.02 a 670 1188 -5108 g 1552 -214 272
0.02 a 936 2303 -4786 g 2099 -367 256
0.02 a 912 3572 -4340 g 2672 -616 308
0.02 a 524 4901 -4112 g 3189 -815 392
0.02 a 160 6329 -3666 g 3695 -758 397
0.02 a -659 8008 -3438 g 4175 -467 382
0.02 a -1549 9774 -3195 g 4770 -492 270
0.02 a -1996 11956 -2686 g 5504 -690 -5
0.02 a -2393 14395 -1495 g 6164 -390 -268
0.02 a -1938 16544 1840 g 6897 584 -346
0.02 a -1776 17441 6217 g 7503 1519 -267
0.02 a -3066 17121 11548 g 7803 1519 -43
0.02 a -3817 16114 16360 g 7931 350 41
0.02 a -1562 13620 19775 g 7450 -932 -598
0.02 a 1313 10482 21105 g 5944 -412 -1071
0.02 a 1797 8340 18542 g 3750 371 -588
0.02 a 669 6819 14647 g 1962 -58 143
0.02 a -736 5667 11272 g 1020 -767 527
0.02 a -1455 4708 8961 g 543 -860 564
0.02 a -793 4151 7630 g 172 -484 330
0.02 a 170 4104 5960 g -220 -343 93
0.02 a 130 4030 4084 g -579 -569 141
0.02 a -494 4031 2183 g -817 -621 372
0.02 a -548 3896 1190 g -823 -280 434
0.02 a -360 3916 873 g -701 207 346
0.02 a -237 3949 760 g -581 515 254
0.02 a -24 3871 675 g -377 401 135
0.02 a -89 3710 737 g -221 191 125
0.02 a -338 3616 903 g -165 163 163
0.02 a -199 3663 956 g -154 212 94
