0.02 a -375 -2982 2051 g 137 -156 44
0.02 a -684 -2605 372 g 127 -529 47
0.02 a -928 -1940 -2759 g 106 -759 -110
0.02 a -968 417 -6698 g 5 -650 -250
0.02 a 773 3714 -8449 g 499 -392 -575
0.02 a 2542 6558 -9406 g 1498 -338 -858
0.02 a 2473 9472 -10460 g 2152 -394 -412
0.02 a 784 11291 -11016 g 2824 -473 436
0.02 a -1932 12688 -11790 g 3843 -1349 970
0.02 a -3577 14866 -12237 g 5163 -1861 755
0.02 a -3785 19320 -11268 g 6582 -1293 -33
0.02 a -2374 27129 -7135 g 8353 -77 -764
0.02 a -720 32732 2718 g 10466 1197 -906
0.02 a -1954 32732 13090 g 12363 1932 -145
0.02 a -5909 32732 24428 g 12977 2068 1041
0.02 a -2478 28553 30385 g 12040 1359 802
0.02 a 3702 19563 29871 g 9417 -440 -942
0.02 a 3503 13315 25568 g 6145 -797 -704
0.02 a 1115 8607 21234 g 3622 -779 544
0.02 a -745 5183 16738 g 2047 -771 1257
0.02 a -2412 3299 12442 g 735 -631 1390
0.02 a -2443 2464 8988 g -106 -603 962
0.02 a -1403 2605 6678 g -496 -849 359
0.02 a -687 3344 5087 g -774 -968 88
0.02 a -136 4136 3915 g -1046 -723 79
0.02 a -179 4694 2662 g -1299 -502 108
0.02 a -480 4864 1457 g -1460 -452 98
0.02 a -92 4888 515 g -1500 -479 -81
0.02 a 533 4943 -33 g -1491 -446 -228
0.02 a 523 4879 -306 g -1400 -450 -170
