0.02 a -591 -3272 2756 g 117 -225 -14
0.02 a -210 -3236 2895 g 233 -184 -174
0.02 a -89 -3165 2984 g 177 -129 -155
0.02 a -276 -3168 3124 g 79 -164 -12
0.02 a -373 -3272 3074 g 46 -349 13
0.02 a -299 -3235 3044 g -7 -366 -90
0.02 a -22 -3126 2862 g -95 -198 -118
0.02 a -56 -3008 2491 g -152 -171 -13
0.02 a -257 -3164 2110 g -137 -259 73
0.02 a -353 -3076 1531 g -124 -328 65
0.02 a -112 -2821 615 g -140 -325 -42
0.02 a 380 -2408 -518 g -147 -165 -104
0.02 a 933 -2144 -1771 g -80 -78 -82
0.02 a 1078 -1904 -2786 g 139 -249 40
0.02 a 809 -1669 -3378 g 437 -315 273
0.02 a 697 -1087 -3666 g 722 -235 436
0.02 a 915 -310 -3921 g 999 -195 466
0.02 a 1164 703 -4151 g 1343 -451 453
0.02 a 1319 2038 -4488 g 1781 -848 472
0.02 a 1105 3568 -5457 g 2234 -1185 504
0.02 a 677 5157 -6042 g 2836 -1338 542
0.02 a -174 6782 -5988 g 3643 -1336 546
0.02 a -1549 8741 -5712 g 4589 -1540 456
0.02 a -2400 10485 -4680 g 5579 -1559 101
0.02 a -2775 12878 -3871 g 6360 -1277 -455
0.02 a -2063 15945 -3044 g 6953 -667 -1014
0.02 a -1961 18990 -158 g 7578 561 -1120
0.02 a -2080 21394 5778 g 8179 1981 -666
0.02 a -2754 21439 11746 g 8494 2252 -250
0.02 a -3451 19559 16219 g 8412 884 -73
0.02 a -1459 16338 20788 g 7958 -136 -513
0.02 a 1345 12520 20792 g 6383 255 -905
0.02 a 1367 10024 17721 g 4105 899 -451
0.02 a -198 7929 15198 g 2665 603 269
0.02 a -1861 6711 12241 g 1919 -559 596
0.02 a -1762 5682 10021 g 1286 -956 403
0.02 a -845 4870 8563 g 785 -708 68
0.02 a -238 4421 7183 g 261 -522 25
0.02 a -408 4260 5192 g -230 -778 115
0.02 a -572 4130 3393 g -605 -975 178
0.02 a -434 3987 2040 g -841 -833 197
