0.02 a -250 -2634 1736 g -153 -266 227
0.02 a -364 -2087 -106 g -135 -400 158
0.02 a -460 -653 -3232 g -193 -773 -83
0.02 a 132 1321 -6117 g -107 -696 -315
0.02 a 1301 3118 -6988 g 454 -356 -336
0.02 a 815 4130 -7481 g 1521 -730 -120
0.02 a -682 5155 -8043 g 2427 -1457 96
0.02 a -2076 6415 -7918 g 3067 -1530 158
0.02 a -2736 7259 -7484 g 3676 -1025 68
0.02 a -2222 8280 -6402 g 4560 -438 -231
0.02 a -1023 10284 -4121 g 5718 -124 -674
0.02 a 880 13320 -251 g 6782 387 -999
0.02 a 977 15522 6339 g 7618 1298 -891
0.02 a -1664 15010 15250 g 8265 1607 -261
0.02 a -2144 12150 21538 g 8344 290 -52
0.02 a 887 9843 21073 g 6647 -1046 -875
0.02 a 3391 8340 18354 g 4154 -663 -1403
0.02 a 3389 7014 16060 g 2564 159 -921
0.02 a 1330 5391 14525 g 1786 662 114
0.02 a -362 4068 12654 g 1298 553 650
0.02 a -793 3312 10425 g 691 391 523
0.02 a -452 3140 8099 g 51 368 247
0.02 a -26 3144 6092 g -372 278 125
0.02 a 260 3220 4697 g -547 171 165
0.02 a -97 3160 3686 g -599 61 307
0.02 a -183 3057 3153 g -583 79 334
0.02 a 210 3062 2676 g -571 40 150
0.02 a 319 3160 2139 g -629 -65 55
