0.02 a -20 -2208 3145 g -45 26 16
0.02 a -56 -2308 3178 g -42 32 0
0.02 a -72 -2370 3298 g 20 0 -5
0.02 a -45 -2420 3381 g 65 -71 -14
0.02 a 87 -2398 3303 g 49 -201 -35
0.02 a 92 -2414 3265 g -5 -277 8
0.02 a -39 -2378 3158 g -16 -358 51
0.02 a -12 -2400 2686 g 14 -579 9
0.02 a -190 -2289 1867 g 62 -848 -48
0.02 a -222 -1985 974 g 138 -891 -93
0.02 a -165 -1801 187 g 223 -569 -123
0.02 a 213 -1505 -529 g 335 -69 -120
0.02 a 669 -1102 -1317 g 480 110 -114
0.02 a 366 -785 -2413 g 657 -97 35
0.02 a -582 -130 -4152 g 833 -444 278
0.02 a -1239 964 -5344 g 1104 -721 357
0.02 a -1307 2074 -5262 g 1754 -749 194
0.02 a -880 3273 -4524 g 2567 -723 -114
0.02 a 36 4848 -3816 g 3108 -491 -345
0.02 a 890 6457 -3208 g 3410 -10 -384
0.02 a 863 7930 -2781 g 3660 229 -143
0.02 a -68 8847 -2200 g 4099 72 218
0.02 a -1337 10156 -1850 g 4643 -172 368
0.02 a -2145 11842 -1252 g 5140 -67 146
0.02 a -2016 14260 -208 g 5638 538 -265
0.02 a -641 16763 2495 g 6180 1487 -561
0.02 a -480 18013 6310 g 6856 1888 -449
0.02 a -2499 17572 11332 g 7637 1116 -28
0.02 a -3827 15591 16771 g 8043 -37 55
0.02 a -2126 12735 19085 g 7296 -811 -625
0.02 a 1108 10404 18344 g 5561 -974 -1389
0.02 a 2067 8506 16289 g 3654 -379 -1150
0.02 a 1351 6944 13706 g 2154 -29 -195
0.02 a 287 5706 11149 g 1183 -340 473
0.02 a -508 4541 8632 g 520 -713 641
0.02 a -784 3804 5973 g -35 -960 485
0.02 a -500 3559 4058 g -369 -1050 239
0.02 a 149 3642 3094 g -421 -979 84
0.02 a 525 3751 2796 g -352 -720 83
0.02 a 591 3886 2408 g -352 -338 150
0.02 a 487 4106 1625 g -496 -32 218
0.02 a 340 4152 852 g -611 -53 239
0.02 a 154 4228 511 g -556 -192 228
0.02 a -72 4279 357 g -432 -139 184
0.02 a -59 4117 533 g -295 161 124
0.02 a -54 4012 707 g -227 376 63
0.02 a 238 3983 741 g -204 314 -21
0.02 a 226 3966 711 g -233 145 -27
0.02 a -138 3919 735 g -233 80 45
0.02 a -202 3842 817 g -166 110 35
0.02 a -233 3836 907 g -63 100 1
0.02 a -148 3852 1055 g 28 64 -27
0.02 a -120 3846 1181 g 9 76 -42
0.02 a -140 3926 1165 g -40 143 -53
