0.02 a 321 3047 1719 g 760 -98 221
0.02 a 108 3219 2568 g 1186 57 266
0.02 a -417 3510 4255 g 1552 -215 3
0.02 a -534 4418 5123 g 1586 -578 -414
0.02 a -604 5499 7671 g 1364 -224 -798
0.02 a -3664 5704 15273 g 1314 1448 -543
0.02 a -7832 6790 27571 g 1642 2375 13
0.02 a -3541 11017 32764 g 886 1120 -1265
0.02 a 1819 17604 30609 g -2885 4 -2890
0.02 a 603 21819 23759 g -7630 487 -1678
0.02 a 904 23821 18856 g -9989 1812 -376
0.02 a 2396 24663 14745 g -10347 2234 -568
0.02 a 5005 24752 9947 g -10185 2027 -1248
0.02 a 7976 25090 2653 g -10471 2078 -1743
0.02 a 10921 22869 -5606 g -10615 2695 -1870
0.02 a 10291 16741 -11558 g -9438 2869 -1446
0.02 a 4943 12524 -14933 g -7147 2797 -354
0.02 a -109 11045 -16871 g -4905 2212 65
0.02 a -2189 11756 -17594 g -3185 1764 -559
0.02 a -1428 13368 -18697 g -1806 1457 -1458
0.02 a -1388 13697 -18174 g -558 1850 -1657
0.02 a -4050 13858 -17225 g 1046 2515 -855
0.02 a -7238 14479 -14594 g 3087 2602 -91
0.02 a -8746 16160 -12744 g 5281 1889 -488
0.02 a -8313 20381 -11549 g 7041 1389 -1799
0.02 a -6862 28125 -8936 g 8814 1523 -3217
0.02 a -4476 32732 -2755 g 11029 1940 -4127
0.02 a 825 32732 7088 g 13310 1937 -4637
0.02 a 2110 32732 19512 g 15308 507 -4411
0.02 a 2729 32732 32376 g 15520 104 -3803
0.02 a 10432 32732 32764 g 12792 929 -4704
0.02 a 12253 20164 32764 g 8678 1504 -3995
0.02 a 8225 10429 29759 g 5196 -699 -1350
0.02 a 4950 5753 22017 g 2657 -1942 313
0.02 a 2248 3152 15990 g 887 -1620 879
0.02 a 1306 2325 11082 g -87 -1523 875
0.02 a 471 2284 7941 g -507 -1582 674
0.02 a -493 2381 5589 g -763 -1404 716
0.02 a -1328 2620 4378 g -876 -1046 696
0.02 a -1489 3304 3960 g -810 -607 572
0.02 a -1479 3564 3549 g -798 -323 473
0.02 a -1267 3737 2882 g -894 -168 464
0.02 a -1249 3696 2336 g -1006 -129 516
0.02 a -1461 3557 1924 g -1012 -255 612
