0.02 a 76 2988 468 g 652 221 -447
0.02 a 257 4027 2408 g 1472 45 -948
0.02 a -505 5363 6289 g 2137 -852 -1365
0.02 a -784 6635 13204 g 2402 -1673 -1664
0.02 a 1767 8536 18868 g 2076 -3042 -2079
0.02 a 5309 11385 20998 g 148 -3901 -2086
0.02 a 5161 12788 24167 g -3112 -1594 -594
0.02 a 2986 14839 24862 g -6071 902 1153
0.02 a 2707 17578 22697 g -8121 1594 1557
0.02 a 4367 20763 19012 g -9516 1509 869
0.02 a 6472 23252 14076 g -10741 1777 155
0.02 a 8221 25012 8191 g -11824 2525 -114
0.02 a 10000 24671 1221 g -11927 2748 -258
0.02 a 10550 21558 -6420 g -10986 2181 -354
0.02 a 8223 17104 -11528 g -8841 799 52
0.02 a 4009 12401 -12978 g -6413 559 1084
0.02 a -1811 9919 -13215 g -4896 1512 1872
0.02 a -6132 9460 -14017 g -3819 2349 1793
0.02 a -7735 10198 -14275 g -2409 2083 750
0.02 a -8111 11212 -14864 g -980 1410 -301
0.02 a -7455 11459 -14116 g 189 1467 -990
0.02 a -7891 12707 -12608 g 1538 1944 -1270
0.02 a -8636 14054 -11277 g 3161 1960 -1450
0.02 a -9469 16517 -10933 g 4959 1884 -2037
0.02 a -10340 21054 -9655 g 7082 2174 -3029
0.02 a -10900 29973 -6295 g 9470 2514 -4324
0.02 a -6768 32732 3630 g 11935 3017 -5802
0.02 a 1033 32732 15481 g 14085 2309 -6747
0.02 a 7823 32732 31578 g 15389 -191 -6678
0.02 a 19075 32732 32764 g 13779 -1542 -7247
0.02 a 23307 24865 32764 g 8517 284 -6035
0.02 a 16809 10334 26927 g 4173 455 -2228
0.02 a 7676 2625 18742 g 1881 -763 941
0.02 a 4403 66 13416 g 437 -576 1430
0.02 a 2881 155 9959 g -379 -199 911
0.02 a 1083 175 7215 g -592 -687 757
0.02 a -325 743 5035 g -646 -1249 798
0.02 a -943 1534 3728 g -691 -1243 753
0.02 a -954 2522 3356 g -665 -825 601
0.02 a -586 3395 3058 g -600 -518 384
