0.02 a -2797 4741 1982 g 1595 -1099 -452
0.02 a -3402 6541 4975 g 1711 -371 -1118
0.02 a -4194 7613 10004 g 1729 807 -1307
0.02 a -6003 8012 16354 g 1555 905 -814
0.02 a -7681 9502 21343 g 935 -58 -386
0.02 a -5771 12938 23525 g -879 -858 -1077
0.02 a -1875 17473 24461 g -3534 256 -2371
0.02 a 304 21179 21675 g -6312 1931 -2873
0.02 a 546 23318 16652 g -8456 2219 -2337
0.02 a 2045 23285 12406 g -9183 1746 -2213
0.02 a 4061 22741 8726 g -9244 1569 -2709
0.02 a 6047 21745 5482 g -9383 2189 -3213
0.02 a 7491 20398 934 g -9253 2491 -3538
0.02 a 9694 17083 -6146 g -8630 1915 -3614
0.02 a 9956 12935 -10890 g -7819 2030 -2958
0.02 a 7861 10227 -11650 g -6085 3384 -1754
0.02 a 3563 9361 -12506 g -3863 3233 -746
0.02 a 950 8861 -12237 g -2373 3083 -454
0.02 a 1159 9077 -11844 g -1328 2894 -938
0.02 a 1828 9210 -12256 g -641 2548 -1354
0.02 a 1988 9992 -12543 g 16 2321 -1089
0.02 a 2463 10363 -12183 g 1097 1952 -578
0.02 a 2306 10679 -12411 g 2457 1527 -105
0.02 a 1890 11414 -12298 g 3997 1492 261
0.02 a 2370 14453 -12924 g 5976 1215 234
0.02 a 2300 20942 -13085 g 8241 1036 264
0.02 a 908 30721 -8987 g 10714 1466 747
0.02 a -1495 32732 1080 g 13340 1658 1364
0.02 a -5251 32732 15769 g 15735 55 1565
0.02 a -10576 32732 30448 g 16585 -1212 1229
0.02 a -7507 32724 32764 g 13311 966 28
0.02 a 52 22382 32764 g 9313 174 -868
0.02 a 1235 13304 26643 g 5933 -3311 -2
0.02 a -858 8344 19541 g 2798 -3739 1134
0.02 a -2773 4310 14009 g 1021 -3221 1502
0.02 a -3337 2624 9559 g 7 -3105 1290
0.02 a -2872 1956 6243 g -567 -2711 678
0.02 a -2791 1821 4449 g -848 -1925 291
0.02 a -2135 1903 3490 g -809 -1437 43
