0.02 a 256 2852 2223 g 1305 -294 17
0.02 a 549 4044 2882 g 1453 -407 -453
0.02 a 684 5542 5551 g 1509 -297 -734
0.02 a -668 6294 13301 g 1661 28 -709
0.02 a -1592 6764 21329 g 2007 -329 -464
0.02 a 156 9544 23900 g 814 -1659 -743
0.02 a 2220 13702 26239 g -2353 224 -973
0.02 a 3718 17532 26160 g -5490 2661 -939
0.02 a 2774 21114 21534 g -7639 2417 -157
0.02 a 2238 22548 16210 g -8652 1126 649
0.02 a 4137 22456 11725 g -9405 1466 443
0.02 a 6742 22617 5948 g -10193 2336 -412
0.02 a 10062 22291 -748 g -10527 2875 -1202
0.02 a 11820 19326 -8463 g -9950 2530 -1577
0.02 a 9379 14260 -12392 g -8557 2436 -671
0.02 a 4286 10434 -12745 g -6473 2708 495
0.02 a -239 8564 -12838 g -4300 2140 535
0.02 a -3615 8157 -14365 g -3222 1883 41
0.02 a -4018 8217 -15999 g -2599 2052 -587
0.02 a -4120 8581 -16379 g -1703 2206 -1099
0.02 a -5730 9046 -15216 g -401 2185 -987
0.02 a -7601 9803 -12858 g 1150 2349 -817
0.02 a -8484 11971 -10662 g 2605 2409 -1141
0.02 a -8210 14471 -9019 g 4093 2176 -1912
0.02 a -7031 17934 -7501 g 5673 2104 -2742
0.02 a -5533 22781 -5856 g 7410 2454 -3580
0.02 a -4180 30842 -2303 g 9309 3028 -4095
0.02 a -251 32732 5645 g 11592 2683 -4489
0.02 a 3566 32732 16111 g 13649 1333 -4765
0.02 a 4698 32732 29628 g 14298 833 -4273
0.02 a 10940 32426 32764 g 13263 -143 -4798
0.02 a 14451 20596 32764 g 9317 682 -4480
0.02 a 10332 10382 28691 g 4979 -65 -1543
0.02 a 5338 4626 19857 g 2208 -1715 794
0.02 a 2855 1792 14549 g 591 -1453 1365
0.02 a 1281 1175 10949 g -256 -907 1187
0.02 a 13 1257 7978 g -692 -950 1047
0.02 a -891 1613 5951 g -880 -1034 922
0.02 a -1303 2348 4368 g -984 -866 767
0.02 a -1195 2901 3458 g -1012 -618 615
