0.02 a 379 4511 4359 g 931 -510 -824
0.02 a -511 5720 5984 g 1007 -1034 -844
0.02 a -1682 6814 8567 g 1051 -1748 -895
0.02 a -2614 7620 12902 g 997 -1768 -1019
0.02 a -2948 7780 17037 g 371 -1029 -907
0.02 a -2231 9673 20610 g -1080 -465 -991
0.02 a 584 12900 22482 g -2862 -228 -1514
0.02 a 3888 17111 22068 g -5184 821 -1942
0.02 a 6272 19984 19823 g -7504 2089 -1810
0.02 a 6475 21172 15590 g -9155 2718 -1186
0.02 a 6504 20800 10935 g -9810 2668 -758
0.02 a 7618 19752 6716 g -9790 2731 -1038
0.02 a 8754 18861 3095 g -9636 3445 -1538
0.02 a 9283 17230 -1156 g -9266 3823 -1828
0.02 a 9011 14981 -6178 g -8279 2927 -1808
0.02 a 6646 13011 -8598 g -6831 2122 -1242
0.02 a 3339 11349 -10647 g -5528 1978 -478
0.02 a 1041 10431 -11541 g -4437 2237 -235
0.02 a 380 10158 -11695 g -3230 2364 -437
0.02 a 142 10244 -11596 g -2205 2471 -586
0.02 a 306 9833 -10541 g -1300 2702 -509
0.02 a 206 9441 -9211 g -224 2466 -348
0.02 a -41 9220 -8503 g 943 1885 -97
0.02 a -366 9143 -9364 g 2239 1568 175
0.02 a -190 9415 -9495 g 4095 1990 351
0.02 a -449 12509 -8980 g 6435 2311 378
0.02 a -1002 18235 -7228 g 8951 1955 429
0.02 a -1729 24492 -2902 g 11598 953 406
0.02 a -3595 30671 5084 g 14237 -648 95
0.02 a -4563 32732 14576 g 16241 -2238 -882
0.02 a -5463 32732 26872 g 16005 -128 -2338
0.02 a -3360 29994 32764 g 12927 3425 -2577
0.02 a -3043 17927 32558 g 9905 2444 -1029
0.02 a -9 10460 24940 g 6485 -554 -104
0.02 a 1570 6816 18516 g 3409 -2082 -44
0.02 a -84 4309 13757 g 1351 -2184 428
0.02 a -2319 2693 9539 g 16 -2077 1015
0.02 a -2791 2358 6688 g -762 -1974 1012
0.02 a -2281 2132 4329 g -977 -2099 509
0.02 a -1807 2146 2881 g -1068 -1864 212
0.02 a -974 2367 2372 g -1007 -1303 96
0.02 a -439 2630 2410 g -822 -800 110
