0.02 a 955 2963 2224 g 594 -159 -321
0.02 a 788 3493 3180 g 702 -573 -489
0.02 a -79 4202 5150 g 942 -1447 -739
0.02 a -558 5134 8561 g 1064 -1980 -958
0.02 a -137 6462 13275 g 829 -1836 -1174
0.02 a 1934 7680 17751 g 100 -1723 -1324
0.02 a 3546 9234 19940 g -1355 -1721 -941
0.02 a 4072 11142 21675 g -3418 -1070 -22
0.02 a 4706 13841 21792 g -5343 183 564
0.02 a 5106 16410 18769 g -7374 1263 929
0.02 a 5985 18044 14246 g -8988 2005 1080
0.02 a 7478 18715 9536 g -9886 2623 853
0.02 a 9016 18322 4887 g -10081 3161 570
0.02 a 9891 16654 966 g -9986 4131 381
0.02 a 9565 14337 -2600 g -9365 4860 90
0.02 a 8037 12151 -6213 g -7937 3895 -3
0.02 a 6127 9873 -8727 g -6217 3050 395
0.02 a 3148 7173 -8297 g -4633 3119 875
0.02 a 539 5736 -7586 g -3223 3415 1030
0.02 a -1555 6045 -7319 g -2317 3431 744
0.02 a -2379 7049 -7723 g -1791 3310 184
0.02 a -2325 7738 -7991 g -1104 2696 -408
0.02 a -2213 8406 -8110 g -350 2149 -709
0.02 a -1565 9259 -8508 g 454 1782 -863
0.02 a -1200 10167 -8944 g 1351 1575 -945
0.02 a -425 10664 -9345 g 2676 1450 -1084
0.02 a -804 11589 -10008 g 4310 1382 -1177
0.02 a -1840 14162 -10492 g 6264 1264 -1268
0.02 a -3132 19550 -9782 g 8703 825 -1622
0.02 a -3787 27878 -7079 g 11239 515 -2243
0.02 a -801 32732 -1110 g 13589 111 -3274
0.02 a 2850 32732 10596 g 15879 -789 -3987
0.02 a 2060 32732 21797 g 17448 -2643 -4498
0.02 a 5385 32732 31486 g 14831 -28 -5450
0.02 a 9923 28850 32764 g 10664 2347 -4771
0.02 a 7666 15587 25610 g 7422 -395 -1866
0.02 a 4492 9851 19881 g 4414 -2495 336
0.02 a 2174 5751 15772 g 2468 -2283 1011
0.02 a 949 3907 11745 g 989 -2098 1158
0.02 a 479 2947 8633 g 16 -2101 1082
0.02 a 523 2486 6474 g -465 -2016 902
