0.02 a 257 2776 1314 g 1220 -399 -232
0.04 a -1405 4568 6289 g 1809 -11 -695
0.02 a -1618 5808 12931 g 1908 87 -1275
0.02 a 181 7034 20611 g 1577 -689 -1808
0.02 a 3085 9643 24586 g 378 -2084 -1690
0.02 a 4005 11528 25344 g -2094 -2255 -594
0.02 a 2143 13528 24354 g -5111 -550 918
0.02 a 1587 16422 22633 g -7625 1200 1510
0.02 a 3214 19483 18937 g -8929 1295 1026
0.02 a 4506 21370 13685 g -9722 829 778
0.02 a 5717 22005 8061 g -10776 1793 838
0.02 a 6672 20520 2585 g -11250 2826 685
0.02 a 7202 17587 -3468 g -10544 2911 238
0.02 a 6482 14771 -9188 g -8697 1909 -53
0.02 a 4139 11406 -10738 g -6422 1593 385
0.02 a 1133 9221 -10771 g -4542 2051 798
0.02 a -2007 9916 -10950 g -3276 2583 610
0.02 a -4252 10820 -11099 g -2473 2831 91
0.02 a -5297 11161 -12374 g -1565 2533 -355
0.02 a -5618 11519 -13562 g -640 2364 -606
0.02 a -5865 12556 -13181 g 675 2472 -815
0.02 a -6671 13603 -12363 g 2398 2367 -1030
0.02 a -7086 15464 -12742 g 4173 2262 -1466
0.02 a -7383 19593 -12720 g 6166 2430 -2101
0.02 a -7718 27175 -10586 g 8761 2689 -2865
0.02 a -6879 32732 -3300 g 11782 2646 -3812
0.02 a -3071 32732 10021 g 14463 2392 -4912
0.02 a 1854 32732 25755 g 16085 1889 -5220
0.02 a 4631 32732 32764 g 15369 1689 -4296
0.02 a 10691 30102 32764 g 12382 698 -3801
0.02 a 10143 15383 32764 g 7307 754 -2794
0.02 a 6027 7252 24436 g 3208 -274 -562
0.02 a 1954 2372 16573 g 1313 -1692 555
0.02 a 350 616 11201 g 122 -1543 594
0.02 a 794 481 8076 g -390 -1394 70
0.02 a 470 818 6323 g -397 -1524 -112
0.02 a -63 1327 5200 g -363 -1671 69
0.02 a -534 1915 4546 g -413 -1549 295
0.02 a -863 2597 3991 g -519 -1176 402
