0.02 a 851 3438 2717 g 628 -210 -47
0.02 a 407 4043 3917 g 678 -374 -210
0.02 a -363 4915 5914 g 716 -715 -374
0.02 a -1283 5525 8817 g 771 -1417 -521
0.02 a -1607 6075 11909 g 704 -1988 -664
0.02 a -1618 7171 14907 g -28 -1735 -653
0.02 a -374 9383 18764 g -1324 -649 -684
0.02 a 2971 12128 21013 g -2706 289 -1016
0.02 a 5503 15114 20717 g -4617 1112 -958
0.02 a 5841 16725 17500 g -6947 2205 -136
0.02 a 5180 16807 12651 g -8568 2824 516
0.02 a 5310 16093 8136 g -9170 3012 400
0.02 a 6678 15110 4725 g -9192 3567 -327
0.02 a 7809 14665 1836 g -9072 4386 -1037
0.02 a 7954 13736 -1970 g -8580 4445 -1404
0.02 a 7374 11537 -5548 g -7379 3471 -1393
0.02 a 4952 9540 -6780 g -5862 2879 -955
0.02 a 2003 8485 -7834 g -4547 2524 -513
0.02 a 94 8650 -8229 g -3651 2550 -667
0.02 a -790 9213 -8839 g -2938 2642 -1026
0.02 a -1229 9902 -9700 g -2179 2292 -1276
0.02 a -1290 10049 -10245 g -1410 2235 -1288
0.02 a -1070 10595 -10876 g -456 2452 -1272
0.02 a -1031 11226 -11073 g 927 2451 -1261
0.02 a -983 11365 -11198 g 2837 2248 -1320
0.02 a -2012 12408 -12205 g 4959 2302 -1319
0.02 a -3776 16958 -11660 g 7398 2557 -1246
0.02 a -5072 25007 -8637 g 10255 2580 -1470
0.02 a -4019 32732 -618 g 12947 2347 -2175
0.02 a -2465 32732 12295 g 15328 1258 -2852
0.02 a -3090 32732 24607 g 16591 30 -3136
0.02 a -2001 32732 32764 g 14885 1314 -3385
0.02 a 1284 26191 32764 g 11718 2060 -3123
0.02 a 2366 14978 28507 g 8232 740 -1683
0.02 a 2673 8684 21380 g 4999 -984 -538
0.02 a 1890 5415 16606 g 2784 -1518 145
0.02 a 224 3341 12331 g 1284 -1625 643
0.02 a -778 2539 8844 g 229 -1746 860
0.02 a -594 2257 6497 g -271 -1662 684
0.02 a -650 2143 4847 g -511 -1361 527
0.02 a -728 2147 3935 g -698 -822 551
0.02 a -523 2221 3446 g -767 -532 552
