0.02 a -461 4157 2529 g 1964 -118 831
0.02 a -695 4418 1704 g 2378 -179 572
0.02 a -408 4735 2957 g 2757 -788 10
0.02 a -292 5158 5634 g 2938 -808 -401
0.02 a -583 4954 10768 g 2929 216 -300
0.02 a -1206 4134 17922 g 2709 1695 124
0.02 a -610 4648 24440 g 1690 2339 246
0.02 a 112 6514 26575 g -525 2247 345
0.02 a 269 9830 23289 g -3422 1619 763
0.02 a 1151 12423 20103 g -5873 1986 1020
0.02 a 1402 14134 17435 g -7587 3771 1121
0.02 a 1775 15078 13881 g -8744 5140 894
0.02 a 1560 14805 9030 g -8951 4638 245
0.02 a 2023 13984 4000 g -8690 4076 -500
0.02 a 3916 12988 -712 g -8637 4966 -1346
0.02 a 6812 12482 -4676 g -8111 6188 -2231
0.02 a 8340 10716 -8211 g -6470 5202 -2678
0.02 a 5630 8902 -9223 g -4223 4177 -1770
0.02 a 1287 9195 -9609 g -2227 3579 -571
0.02 a -1009 9402 -9878 g -721 3040 -526
0.02 a -1247 10090 -10160 g 453 2893 -1278
0.02 a -951 10924 -9646 g 1464 3284 -1712
0.02 a -1046 12106 -9503 g 2840 3085 -1737
0.02 a -1488 13609 -9564 g 4458 2414 -1560
0.02 a -1729 15958 -9116 g 6156 1986 -1531
0.02 a -1431 19830 -7776 g 7979 1525 -1844
0.02 a -47 25277 -4290 g 9917 983 -2397
0.02 a 3549 30127 3775 g 11641 939 -2805
0.02 a 7116 32256 16203 g 13208 400 -2605
0.02 a 7488 32525 30737 g 14384 -2042 -2722
0.02 a 4554 21067 32764 g 13452 -1882 -2688
0.02 a 2841 10838 32764 g 8796 870 -1598
0.02 a 4755 6039 27103 g 4682 -818 -1506
0.02 a 4329 3125 20630 g 2424 -2233 -1331
0.02 a 2024 1744 15661 g 551 -1521 -543
