0.02 a 3 2255 1749 g 409 -495 -69
0.02 a -486 2713 1976 g 633 -1052 -313
0.02 a -1576 3873 3292 g 990 -1727 -547
0.02 a -3628 5067 6781 g 1205 -2158 -753
0.02 a -4947 6215 13738 g 1441 -1836 -1111
0.02 a -3666 7589 19767 g 1280 -1904 -1670
0.02 a -1787 10690 21651 g -645 -1720 -1968
0.02 a 1255 14160 22594 g -3587 98 -2145
0.02 a 5125 17377 24002 g -5802 2187 -2373
0.02 a 5919 19764 21345 g -7211 2068 -1910
0.02 a 5434 20706 17008 g -8238 1255 -996
0.02 a 6369 20920 12357 g -9159 1673 -860
0.02 a 7499 20451 7564 g -9849 2663 -1179
0.02 a 8197 19695 2271 g -10019 3293 -1547
0.02 a 8526 17571 -3212 g -9366 3059 -1785
0.02 a 7454 14526 -7780 g -7910 2168 -1564
0.02 a 4952 11609 -9275 g -6272 2134 -1038
0.02 a 1645 9168 -9797 g -4828 2352 -614
0.02 a -147 8655 -9904 g -3887 2923 -581
0.02 a -205 9018 -9627 g -3056 3107 -914
0.02 a -19 9922 -9603 g -2133 2638 -1107
0.02 a 296 10449 -9918 g -1347 2076 -1012
0.02 a 475 10591 -10149 g -477 1801 -827
0.02 a 99 10429 -10446 g 660 1836 -500
0.02 a 72 10259 -11168 g 2070 1918 -305
0.02 a 232 10858 -12671 g 3782 2288 -222
0.02 a -1570 14282 -14034 g 5968 2688 149
0.02 a -3412 21649 -12796 g 9013 2352 442
0.02 a -4084 32137 -6580 g 12527 1458 -12
0.02 a -3345 32732 4128 g 15666 602 -846
0.02 a -6072 32732 20140 g 17786 -383 -1459
0.02 a -6220 32732 32764 g 17304 523 -2244
0.02 a -3338 30103 32764 g 13026 2720 -2583
0.04 a 2848 9741 22251 g 4370 -1623 -179
0.02 a 244 5523 16354 g 2482 -3188 839
0.02 a -2022 3056 11911 g 855 -2102 1436
0.02 a -2559 2155 8699 g -79 -1616 1358
0.02 a -2197 1666 6268 g -417 -1779 932
0.02 a -1983 1713 4661 g -586 -1764 600
0.02 a -1633 2068 3731 g -656 -1422 431
0.02 a -1043 2383 3312 g -643 -1130 316
